frame0 : 1.00001e-07 and 0.311769 
frame1 : 0.19429 and 0.394214 
frame2 : 0.175424 and 0.383645 
frame3 : 0.159529 and 0.36683 
frame4 : 0.142777 and 0.359997 
frame5 : 0.127235 and 0.35117 
frame6 : 0.112165 and 0.341194 
frame7 : 0.0990009 and 0.334163 
frame8 : 0.0831173 and 0.32665 
frame9 : 0.0731629 and 0.322326 
frame10 : 0.0643751 and 0.317841 
frame11 : 0.055218 and 0.316996 
frame12 : 0.0502068 and 0.314498 
frame13 : 0.0445801 and 0.310218 
frame14 : 0.0320162 and 0.31084 
frame15 : 0.0221883 and 0.305951 
frame16 : 0.0200284 and 0.307336 
frame17 : 0.0192606 and 0.30827 
frame18 : 0.0215044 and 0.308298 
frame19 : 0.019332 and 0.307644 
frame20 : 0.0217121 and 0.309623 
frame21 : 0.0182435 and 0.310238 
frame22 : 0.0221473 and 0.309871 
frame23 : 0.0197744 and 0.310903 
frame24 : 0.0175219 and 0.308138 
frame25 : 0.0195101 and 0.307105 
frame26 : 0.0183054 and 0.309287 
frame27 : 0.0167339 and 0.305676 
frame28 : 0.0174103 and 0.308284 
frame29 : 0.0167663 and 0.310649 
