frame0 : 1.00001e-07 and 1.00001e-07 
frame1 : 0.19429 and 0.192264 
frame2 : 0.175424 and 0.174217 
frame3 : 0.159538 and 0.151732 
frame4 : 0.142808 and 0.137401 
frame5 : 0.127262 and 0.121981 
frame6 : 0.112183 and 0.104248 
frame7 : 0.0989585 and 0.0921562 
frame8 : 0.0831268 and 0.0772248 
frame9 : 0.0731034 and 0.0677953 
frame10 : 0.0643819 and 0.0540269 
frame11 : 0.0551941 and 0.0476784 
frame12 : 0.0501763 and 0.0444082 
frame13 : 0.0445785 and 0.0392207 
frame14 : 0.0318897 and 0.0285211 
frame15 : 0.0221106 and 0.0179301 
frame16 : 0.0199915 and 0.0179094 
frame17 : 0.0191986 and 0.0177754 
frame18 : 0.0215461 and 0.0165528 
frame19 : 0.0194405 and 0.0140211 
frame20 : 0.0217782 and 0.0188626 
frame21 : 0.0183433 and 0.013918 
frame22 : 0.0222209 and 0.0162371 
frame23 : 0.019791 and 0.012454 
frame24 : 0.0176813 and 0.0159571 
frame25 : 0.0195515 and 0.0104927 
frame26 : 0.0184751 and 0.0156158 
frame27 : 0.0168766 and 0.0135598 
frame28 : 0.0175289 and 0.0145554 
frame29 : 0.0182853 and 0.0155952 
frame30 : 0.016485 and 0.0137086 
frame31 : 0.0193142 and 0.0160262 
frame32 : 0.0184788 and 0.0167963 
frame33 : 0.0197628 and 0.0155588 
frame34 : 0.0181835 and 0.0108066 
frame35 : 0.0190447 and 0.0114885 
