1 9.04368e-12 2.32681e-11 -5.55111e-17 9.04368e-12 1 2.39237e-10 -3.33067e-16 2.32681e-11 2.39237e-10 1 4.44089e-16 
0.999998 -0.000529651 0.00206632 0.0451135 0.000527263 0.999999 0.00115596 0.0274314 -0.00206693 -0.00115486 0.999997 -0.858821 
0.999998 -0.000526482 0.00206321 0.0432692 0.000524099 0.999999 0.00115542 0.0264273 -0.00206382 -0.00115434 0.999997 -0.85783 
0.999998 -0.000524675 0.00206543 0.0415355 0.000522283 0.999999 0.00115788 0.0254885 -0.00206604 -0.0011568 0.999997 -0.859056 
0.999998 -0.000521578 0.00206257 0.039702 0.000519191 0.999999 0.00115749 0.0244858 -0.00206318 -0.00115641 0.999997 -0.858163 
0.999998 -0.000519699 0.00206453 0.0379602 0.000517306 0.999999 0.00115981 0.0235376 -0.00206513 -0.00115874 0.999997 -0.859275 
0.999998 -0.000516589 0.0020616 0.0361311 0.0005142 0.999999 0.00115937 0.0225324 -0.0020622 -0.00115831 0.999997 -0.858342 
0.999998 -0.000514787 0.00206387 0.0343919 0.000512389 0.999999 0.00116188 0.0215812 -0.00206447 -0.00116082 0.999997 -0.85958 
0.999998 -0.00051165 0.0020608 0.0325661 0.000509256 0.999999 0.00116136 0.020573 -0.0020614 -0.00116031 0.999997 -0.858582 
0.999998 -0.000509673 0.00206239 0.0308138 0.000507274 0.999999 0.00116349 0.0196092 -0.002063 -0.00116244 0.999997 -0.859531 
0.999998 -0.000507357 0.00206263 0.0290391 0.000504955 0.999999 0.00116485 0.0186286 -0.00206324 -0.00116381 0.999997 -0.859906 
0.999998 -0.00050401 0.00205865 0.0272111 0.000501616 0.999999 0.00116383 0.0176112 -0.00205925 -0.00116279 0.999997 -0.858522 
0.999998 -0.000502285 0.0020613 0.0254693 0.000499882 0.999999 0.00116656 0.0166474 -0.0020619 -0.00116552 0.999997 -0.859894 
0.999998 -0.000499752 0.00206064 0.0236851 0.000497347 0.999999 0.00116743 0.0156538 -0.00206122 -0.0011664 0.999997 -0.859889 
0.999998 -0.000626149 0.00206972 0.0219358 0.000623558 0.999999 0.00125205 0.0146927 -0.00207051 -0.00125076 0.999997 -0.859187 
0.999997 0.0014674 0.00187389 0.0192475 -0.00146718 0.999999 -0.000117392 0.0128575 -0.00187407 0.000114643 0.999998 -0.855558 
0.999995 -0.00232688 0.0022297 0.0193009 0.0023216 0.999994 0.00236807 0.014328 -0.00223521 -0.00236288 0.999995 -0.863332 
0.999998 -0.000953091 0.00165043 0.0191018 0.000948765 0.999996 0.00261842 0.0119303 -0.00165293 -0.00261685 0.999995 -0.870433 
0.999991 -0.00372648 0.00199178 0.022904 0.0037226 0.999991 0.00194744 0.0114902 -0.00199902 -0.00194002 0.999996 -0.881242 
0.999999 -0.00115415 0.00135489 0.0185178 0.0011546 0.999999 -0.000331685 0.0110613 -0.00135451 0.00033324 0.999999 -0.891661 
0.999999 0.000301987 0.00160577 0.017699 -0.000299292 0.999998 -0.00168113 0.0132845 -0.00160628 0.00168063 0.999997 -0.90145 
0.999999 -0.000166565 0.0015214 0.0131951 0.000168774 0.999999 -0.00146026 0.0134627 -0.00152116 0.00146051 0.999998 -0.905969 
0.999999 0.000486337 0.00118347 0.0158565 -0.000485798 1 -0.000466893 0.0124159 -0.0011837 0.00046631 0.999999 -0.912823 
0.999999 -0.000240591 0.00175628 0.0118797 0.000239445 1 0.000647889 0.0121437 -0.00175645 -0.000647472 0.999998 -0.914942 
0.999998 0.00167831 0.00105608 0.0115693 -0.00167959 0.999998 0.00121457 0.0115203 -0.00105405 -0.00121635 0.999999 -0.918362 
1 0.000312746 0.000780067 0.00964693 -0.000311513 0.999999 -0.00158311 0.0119679 -0.000780575 0.00158286 0.999998 -0.928569 
0.999999 -0.00152625 4.98946e-05 0.0133108 0.00152644 0.999991 -0.00393176 0.0176378 -4.39098e-05 0.00393183 0.999992 -0.935886 
1 -0.000629871 -0.000804405 0.0114915 0.000626892 0.999993 -0.00369984 0.0218241 0.000806705 0.00369932 0.999993 -0.937009 
0.999999 0.00105235 -0.00142767 0.00948253 -0.00105604 0.999996 -0.00258004 0.0195842 0.00142492 0.00258154 0.999996 -0.943757 
0.999999 0.00024989 -0.00143895 0.0107428 -0.000251616 0.999999 -0.00119532 0.0174244 0.00143862 0.00119568 0.999998 -0.94666 
0.999999 -0.000348635 -0.00118436 0.0112793 0.000351662 0.999997 0.00255763 0.0148681 0.00118346 -0.00255804 0.999996 -0.949245 
0.999999 -0.00122675 -0.000953192 0.0125504 0.00123176 0.999985 0.00527016 0.0121324 0.000946707 -0.00527133 0.999986 -0.953144 
0.999999 0.000567438 -0.00123732 0.0109998 -0.000563088 0.999994 0.00351089 0.0100148 0.00123929 -0.00351019 0.999993 -0.95992 
0.999997 0.00246402 -0.000716675 0.00960275 -0.00246488 0.999996 -0.00121534 0.0127982 0.000713661 0.0012171 0.999999 -0.969738 
0.999998 0.00189408 0.000200595 0.00997065 -0.00189307 0.999986 -0.0048929 0.015562 -0.000209878 0.00489251 0.999988 -0.976855 
0.999994 0.00341014 0.000929385 0.00928251 -0.00340634 0.999986 -0.00405353 0.0191137 -0.000943216 0.00405034 0.999991 -0.9806 
0.99997 0.00766931 0.00107853 0.000524436 -0.00766971 0.999971 0.000370787 0.0153475 -0.00107567 -0.000379049 0.999999 -0.980498 
0.999995 0.00289211 0.0016304 0.00574756 -0.00289849 0.999988 0.00392367 0.0103048 -0.00161904 -0.00392838 0.999991 -0.980499 
0.999998 -0.00100982 0.00155654 0.011984 0.00100299 0.99999 0.00438394 0.0106966 -0.00156096 -0.00438238 0.999989 -0.9857 
0.999998 -0.000633836 0.00190203 0.0132005 0.000631424 0.999999 0.00126822 0.0225664 -0.00190284 -0.00126703 0.999997 -1.01302 
1 0.000163456 0.00106224 0.0149066 -0.000161181 0.999998 -0.00214111 0.0467505 -0.00106261 0.00214093 0.999997 -1.05931 
0.999995 -0.00318096 0.00102239 0.0178096 0.00318415 0.99999 -0.00312988 0.040992 -0.00101244 0.00313312 0.999995 -1.04368 
0.999999 -0.000192788 0.00129367 0.0148318 0.000194066 0.999999 -0.000987998 0.0418387 -0.0012935 0.000988241 0.999999 -1.0456 
0.999999 -0.000764898 0.000994647 0.0124917 0.000767189 0.999997 -0.00230497 0.0332924 -0.000992891 0.00230574 0.999997 -1.03445 
1 0.000582849 5.38391e-05 0.0134506 -0.000582639 0.999992 -0.00382428 0.037038 -5.60726e-05 0.00382425 0.999993 -1.03713 
0.999983 -0.00589802 0.000467871 0.022101 0.00589882 0.999981 -0.00171737 0.02888 -0.000457749 0.0017201 0.999998 -1.02513 
1 -0.000470931 -8.45233e-05 0.0181732 0.000470905 1 -0.00030577 0.0293309 8.46538e-05 0.000305729 1 -1.02428 
1 0.000186415 0.000144827 0.0143704 -0.000186673 0.999998 0.00178139 0.0224067 -0.000144505 -0.00178142 0.999998 -1.01217 
0.999997 -0.00245111 -0.00024671 0.0199559 0.00245179 0.999993 0.00281331 0.0242688 0.000239796 -0.0028139 0.999996 -1.00742 
1 0.000169079 0.000973977 0.0126154 -0.00016919 1 0.000113849 0.0278175 -0.000973972 -0.000114017 0.999999 -1.00319 
0.999997 0.0020283 0.00131571 0.00920166 -0.00202627 0.999997 -0.00154226 0.0261735 -0.00131885 0.00153959 0.999998 -1.00131 
1 -0.000144559 0.000873994 0.013706 0.000145441 0.999999 -0.00101035 0.0294449 -0.000873872 0.00101048 0.999999 -0.997099 
0.999996 -0.00288911 0.000261526 0.0186904 0.00288854 0.999993 0.00217343 0.0261002 -0.000267825 -0.00217266 0.999998 -0.988515 
1 -0.000703889 0.000734906 0.0170812 0.000699882 0.999985 0.00543577 0.0192309 -0.000738729 -0.00543525 0.999985 -0.980203 
1 -0.000455469 0.000464746 0.0124651 0.000455089 1 0.000797252 0.016648 -0.00046512 -0.000797052 0.999999 -0.984267 
1 0.000560488 0.00030696 0.0100907 -0.000559492 0.999995 -0.00325779 0.026175 -0.000308802 0.00325761 0.999995 -0.983164 
0.999996 0.00287887 0.000312141 0.00898828 -0.00287789 0.999991 -0.00309738 0.0237439 -0.000321071 0.00309647 0.999995 -0.978817 
0.999999 0.00126728 0.000285639 0.010072 -0.00126704 0.999999 -0.000859988 0.0234399 -0.00028674 0.000859624 0.999999 -0.972263 
0.999995 0.00302124 0.000188288 0.00735448 -0.00302141 0.999995 0.000882072 0.0198941 -0.000185638 -0.000882639 0.999999 -0.965194 
0.999994 0.00333382 0.000556032 0.00280826 -0.0033348 0.999993 0.00177889 0.0178879 -0.000550122 -0.00178074 0.999998 -0.96568 
0.999998 0.00150052 0.00120626 0.00677716 -0.00149941 0.999998 -0.000918849 0.0180774 -0.00120767 0.000917039 0.999999 -0.960815 
0.999995 0.00304914 0.00108425 0.00405578 -0.00304445 0.999986 -0.00429821 0.0192091 -0.00109736 0.00429488 0.99999 -0.964135 
0.999998 0.00191413 0.000459726 0.0105273 -0.00191155 0.999983 -0.00555513 0.0186616 -0.00047036 0.00555424 0.999984 -0.963795 
0.999999 -0.00143916 0.0005396 0.0154168 0.00144024 0.999997 -0.00201386 0.0212364 -0.000536721 0.00201464 0.999998 -0.953977 
0.999998 -0.00163073 0.00151979 0.0101519 0.00162726 0.999996 0.00227674 0.0220512 -0.00152353 -0.00227426 0.999996 -0.943323 
0.999998 -0.0016932 0.00153726 0.00439311 0.0016801 0.999963 0.00847831 0.0154934 -0.00155158 -0.00847571 0.999963 -0.927191 
0.999999 -0.00116748 0.0011182 0.00297912 0.00116113 0.999983 0.00566866 0.0145746 -0.00112483 -0.00566735 0.999983 -0.917436 
0.999986 -0.00512514 0.00127363 0.0130567 0.00512611 0.999987 -0.000759631 0.0167263 -0.00126974 0.000766153 0.999999 -0.913566 
0.999995 -0.00310268 0.000852416 0.00824365 0.00310514 0.999991 -0.00290177 0.02455 -0.000843416 0.0029044 0.999995 -0.901241 
0.999996 -0.00265035 0.00136087 0.00877386 0.00265272 0.999995 -0.00174264 0.0255736 -0.00135626 0.00174624 0.999997 -0.885548 
0.999999 -0.000151937 0.00123467 0.00564644 0.000150844 1 0.000889974 0.0201226 -0.00123483 -0.000889787 0.999999 -0.87155 
0.999998 -0.00143262 0.00163476 0.00794608 0.00143404 0.999999 -0.000872917 0.0201506 -0.00163353 0.000875259 0.999998 -0.857811 
0.999998 -0.00130584 0.0014893 0.00689658 0.00130679 0.999999 -0.000638948 0.0226491 -0.00148848 0.000640892 0.999999 -0.845824 
0.999999 0.000290142 0.00162192 0.00433651 -0.000288517 0.999999 -0.00100011 0.0217092 -0.00162224 0.000999635 0.999998 -0.83148 
0.999999 0.000456264 0.00145235 0.0033858 -0.000455235 1 -0.000714277 0.0197811 -0.00145271 0.000713614 0.999999 -0.819366 
0.999997 -0.00217157 0.00139302 0.00644037 0.00217463 0.999995 -0.00220884 0.0213037 -0.00138823 0.00221186 0.999996 -0.807249 
0.999998 -0.0015175 0.00115327 0.00708652 0.00152285 0.999988 -0.00465467 0.0221876 -0.00114622 0.00465642 0.999988 -0.796689 
0.999996 -0.00238861 0.00186613 0.00151595 0.00239182 0.999996 -0.00171786 0.0277398 -0.00186205 0.00172232 0.999997 -0.778914 
0.999993 -0.00330718 0.0015448 0.00785821 0.00330216 0.999989 0.00324349 0.0261957 -0.00155555 -0.00323836 0.999993 -0.756145 
0.999999 -0.00114011 0.00122318 0.00469938 0.00113083 0.999971 0.00756023 0.0215668 -0.0012318 -0.00755884 0.999971 -0.733664 
0.999999 0.000712369 0.00157502 0.00394769 -0.000721405 0.999983 0.00574651 0.0132189 -0.00157092 -0.00574765 0.999982 -0.715864 
1 -0.000902513 0.000391657 0.00609835 0.000901671 0.999997 0.00216429 0.0153129 -0.000393627 -0.00216394 0.999997 -0.698098 
0.999997 -0.0021602 0.000775085 0.00807156 0.00216283 0.999992 -0.00341042 0.0222253 -0.000767735 0.00341209 0.999994 -0.679601 
0.999999 -0.000967811 0.00128679 0.00433381 0.000972249 0.999994 -0.00345374 0.0296207 -0.00128347 0.00345498 0.999993 -0.659159 
0.999995 0.00289328 0.00134547 -0.00153909 -0.00289754 0.999991 0.00317268 0.022736 -0.00133631 -0.00317656 0.999994 -0.633513 
0.999972 0.00747518 9.52576e-05 -0.00828953 -0.00747556 0.99996 0.00490994 0.0179815 -5.8574e-05 -0.00491052 0.999988 -0.613888 
0.999991 0.00411199 -0.00077396 -0.00386388 -0.00410749 0.999975 0.00574009 0.0174043 0.000797519 -0.00573687 0.999983 -0.596493 
0.999994 -0.00171997 -0.00296433 0.00399039 0.00172148 0.999998 0.000511017 0.015504 0.00296341 -0.000516129 0.999995 -0.584196 
0.999978 -0.00535579 -0.00391921 0.00763248 0.00534313 0.99998 -0.00323283 0.0180308 0.00393642 0.00321181 0.999987 -0.57226 
0.999989 0.0012988 -0.00450874 -0.00120563 -0.00131294 0.999994 -0.0031329 0.0163658 0.00450462 0.00313878 0.999985 -0.55678 
0.999975 0.00477021 -0.0052627 -0.0124253 -0.00479109 0.999981 -0.00396377 0.0197963 0.00524367 0.00398887 0.999978 -0.543577 
0.999959 0.00456861 -0.00778103 -0.00973903 -0.00460298 0.99998 -0.00440523 0.0225728 0.00776073 0.00444086 0.99996 -0.531411 
0.999941 -0.00283877 -0.0104693 -0.0018691 0.00284597 0.999996 0.000672885 0.0180359 0.0104674 -0.000702644 0.999945 -0.512322 
0.999874 -0.00557799 -0.0148988 0.00810852 0.00558228 0.999984 0.000246815 0.0165345 0.0148972 -0.000329951 0.999889 -0.501686 
0.999828 -0.00511026 -0.0178323 0.0039993 0.0050971 0.999987 -0.00078343 0.0154832 0.0178361 0.000692407 0.999841 -0.487835 
0.999767 0.0014345 -0.021561 -0.0111861 -0.00144903 0.999999 -0.000658107 0.0128319 0.02156 0.000689196 0.999767 -0.474331 
0.999672 0.00371067 -0.0253484 -0.0168486 -0.00374109 0.999992 -0.00115217 0.0149413 0.0253439 0.00124662 0.999678 -0.459728 
0.99958 0.00136489 -0.0289659 -0.0184003 -0.00141678 0.999997 -0.00177057 0.0148648 0.0289635 0.00181086 0.999579 -0.454416 
0.999471 0.000368087 -0.0325228 -0.0181079 -0.00042542 0.999998 -0.00175575 0.014555 0.0325221 0.00176866 0.999469 -0.449575 
0.999335 0.000174874 -0.0364737 -0.0215899 -0.00021335 0.999999 -0.00105112 0.0132651 0.0364736 0.0010582 0.999334 -0.436988 
0.999151 -3.73688e-05 -0.0411923 -0.022579 2.89463e-05 1 -0.000205226 0.0111853 0.0411924 0.000203858 0.999151 -0.437983 
0.998987 0.000366801 -0.0450067 -0.0274886 -0.00038164 1 -0.000321037 0.0130289 0.0450065 0.000337885 0.998987 -0.430803 
0.998811 -0.00162115 -0.0487301 -0.0315449 0.00168149 0.999998 0.00119746 0.0155879 0.048728 -0.00127799 0.998811 -0.411647 
0.99854 -2.63691e-05 -0.0540146 -0.0352475 0.00014625 0.999997 0.00221555 0.0135027 0.0540144 -0.00222022 0.998538 -0.414929 
0.998346 0.000628851 -0.0574831 -0.0423951 -0.000548399 0.999999 0.00141538 0.00885578 0.0574841 -0.00138152 0.998345 -0.394578 
0.998162 0.000109067 -0.0606047 -0.0420219 -3.1857e-05 0.999999 0.00127495 0.00494939 0.060605 -0.00127069 0.998161 -0.400993 
0.998014 0.000752438 -0.0629854 -0.0439516 -0.000650216 0.999998 0.00164333 0.00411072 0.0629867 -0.00159912 0.998013 -0.394401 
0.997919 0.00311254 -0.0644042 -0.057538 -0.00301572 0.999994 0.00160027 0.00493918 0.064409 -0.00140272 0.997923 -0.374159 
0.997936 0.00113399 -0.0642047 -0.0478438 -0.00110011 0.999999 0.00056283 0.00922371 0.0642055 -0.000491045 0.997937 -0.384209 
0.99797 0.00113093 -0.0636737 -0.0559795 -0.0012279 0.999998 -0.00148386 0.00819168 0.063672 0.00155901 0.99797 -0.369267 
0.998008 -0.00135058 -0.0630656 -0.047464 0.00118764 0.999996 -0.00262117 0.00488231 0.0630691 0.00254104 0.998006 -0.385227 
0.998071 0.00084895 -0.0620775 -0.0483867 -0.000914265 0.999999 -0.00102392 0.00411785 0.0620768 0.00107869 0.998071 -0.380459 
0.998151 0.00323136 -0.0607006 -0.0645715 -0.00317355 0.999994 0.00104861 0.00311081 0.0607037 -0.00085405 0.998155 -0.370438 
0.998302 0.00627285 -0.0579145 -0.055146 -0.00622266 0.99998 0.00104698 0.00493834 0.0579201 -0.000684831 0.998321 -0.376288 
0.99846 -0.001207 -0.0554683 -0.0553848 0.00125502 0.999999 0.000830909 0.00766953 0.0554674 -0.000899257 0.99846 -0.366759 
0.998516 -0.004622 -0.0542637 -0.0373076 0.00465209 0.999989 0.000428089 0.00494054 0.0542612 -0.000679914 0.998527 -0.378406 
0.998726 -0.00105206 -0.0504415 -0.0392068 0.00112157 0.999998 0.00134947 0.00433271 0.0504401 -0.00140434 0.998726 -0.379089 
0.998914 0.00611946 -0.0461888 -0.0545375 -0.00607687 0.999981 0.00106229 0.00244813 0.0461945 -0.000780474 0.998932 -0.3725 
0.999006 0.0153939 -0.0418219 -0.0584664 -0.0154884 0.999878 -0.00193794 0.000466412 0.041787 0.00258376 0.999123 -0.383989 
0.999299 0.00539336 -0.0370462 -0.0446251 -0.00546265 0.999983 -0.00176986 0.00344502 0.0370361 0.00197098 0.999312 -0.382994 
0.999414 -0.00189742 -0.0341815 -0.0291522 0.00199511 0.999994 0.00282346 0.0063102 0.0341761 -0.00289002 0.999412 -0.384539 
0.999422 -0.0115967 -0.031951 -0.00798325 0.0117394 0.999922 0.00428205 0.0121418 0.031899 -0.00465468 0.99948 -0.388316 
0.999555 -0.00593433 -0.0292183 -0.0147965 0.00602257 0.999977 0.00293277 0.0137026 0.0292003 -0.00310745 0.999569 -0.393144 
0.999661 0.000861962 -0.0260255 -0.0264386 -0.000806312 0.999997 0.00214886 0.00841673 0.0260273 -0.00212716 0.999659 -0.403223 
0.999697 0.00618479 -0.0238056 -0.032782 -0.00613574 0.999979 0.00213249 0.00400443 0.0238183 -0.00198579 0.999714 -0.410029 
0.99976 0.0084139 -0.0202433 -0.0371753 -0.00825704 0.999935 0.00781901 -0.0129504 0.0203078 -0.00764998 0.999765 -0.422326 
0.999804 0.00204042 -0.0196691 -0.0253865 -0.00187379 0.999962 0.00848496 -0.0138627 0.0196856 -0.00844646 0.999771 -0.428605 
0.999838 -0.00294476 -0.0177303 -0.0140049 0.00296018 0.999995 0.000842231 -0.00222397 0.0177278 -0.000894594 0.999843 -0.450157 
0.999875 -0.00310335 -0.0155253 -0.0139916 0.00301909 0.999981 -0.00544897 0.00867336 0.0155419 0.00540139 0.999865 -0.468126 
0.999891 -0.000162476 -0.0147492 -0.0208915 0.00010744 0.999993 -0.00373344 0.0103996 0.0147496 0.00373143 0.999884 -0.474923 
0.999906 0.00215122 -0.0135272 -0.0240054 -0.00217896 0.999996 -0.0020374 0.00867813 0.0135227 0.00206666 0.999907 -0.487183 
0.999921 0.00373427 -0.011966 -0.0267248 -0.0037424 0.999993 -0.000658897 0.00554298 0.0119634 0.000703614 0.999928 -0.497492 
0.999941 0.00319344 -0.0104064 -0.0251165 -0.0031841 0.999994 0.000911793 0.00613665 0.0104093 -0.000878614 0.999946 -0.514462 
0.999962 0.00209262 -0.00847295 -0.0223203 -0.00208586 0.999997 0.000803261 0.00641203 0.00847462 -0.000785563 0.999964 -0.53013 
0.99998 0.00169238 -0.00605094 -0.0210291 -0.00169027 0.999998 0.000349414 0.00496221 0.00605153 -0.000339189 0.999982 -0.545844 
0.999982 0.00140254 -0.00581908 -0.0187629 -0.00139526 0.999998 0.00124837 0.0020804 0.00582085 -0.00124025 0.999982 -0.563851 
0.99998 0.00030316 -0.00630379 -0.0168995 -0.000296901 0.999999 0.000989677 0.000234414 0.00630411 -0.000987807 0.99998 -0.584024 
0.999986 0.00235376 -0.00470679 -0.0175271 -0.00235327 0.999997 0.000105081 0.00246776 0.00470704 -9.40161e-05 0.999989 -0.60309 
0.999992 0.00164439 -0.00348829 -0.02389 -0.00164476 0.999999 -0.000108705 0.00181244 0.00348812 0.000114434 0.999994 -0.619094 
0.999993 0.00102579 -0.00349543 -0.0199542 -0.00102691 0.999999 -0.000328025 0.0033658 0.0034951 0.000331601 0.999994 -0.639544 
0.999994 0.00146935 -0.00322428 -0.0244896 -0.0014711 0.999999 -0.000545776 0.00311142 0.00322349 0.000550507 0.999995 -0.654571 
0.999988 0.00464143 -0.00133399 -0.0253559 -0.00464162 0.999989 -0.000159925 0.00318292 0.00133325 0.000166114 0.999999 -0.673537 
0.999992 0.00399171 0.000115344 -0.029192 -0.00399166 0.999992 -0.000197969 0.00224672 -0.000116126 0.000197501 1 -0.685823 
0.999997 0.00189153 0.00179455 -0.0228734 -0.00189135 0.999998 -9.05486e-05 0.00312111 -0.00179472 8.71439e-05 0.999998 -0.707173 
0.999992 0.00248723 0.00318275 -0.0214926 -0.00248829 0.999997 0.000337703 0.00384208 -0.00318189 -0.000345626 0.999995 -0.723139 
0.999993 0.000856918 0.003727 -0.0226269 -0.000856479 1 -0.000112283 0.00421776 -0.00372709 0.000109081 0.999993 -0.738993 
0.999992 0.00150158 0.00375376 -0.0159633 -0.00149475 0.999997 -0.00181389 0.00921657 -0.00375645 0.00180826 0.999991 -0.759224 
0.999992 4.45337e-07 0.00385773 -0.0145536 5.42658e-06 0.999999 -0.00151273 0.0106082 -0.0038577 0.00151273 0.999991 -0.771854 
0.999988 -0.00269254 0.00399218 -0.00962678 0.00270188 0.999994 -0.00232519 0.00984191 -0.00398588 0.00233593 0.999989 -0.788052 
0.999992 -0.000963039 0.00398195 -0.0112004 0.000967709 0.999999 -0.00116335 0.00992099 -0.00398082 0.00116718 0.999991 -0.795416 
0.999989 -0.00245376 0.00401673 -0.00918316 0.00245112 0.999997 0.000666463 0.0117334 -0.00401834 -0.00065663 0.999992 -0.803397 
0.999992 -0.00201802 0.00337461 -0.00830506 0.00200713 0.999993 0.00323639 0.0126512 -0.0033811 -0.00322961 0.999989 -0.805402 
0.999983 -0.00558128 0.0013363 -0.00459077 0.00557337 0.999967 0.00587172 0.00853614 -0.00136901 -0.00586419 0.999982 -0.810628 
0.999996 -0.00262344 -0.000324674 -0.00992676 0.0026244 0.999992 0.0028755 0.00549074 0.000317157 -0.00287635 0.999996 -0.81574 
0.999997 -0.00242875 8.51739e-05 -0.00963835 0.00242879 0.999997 -9.73361e-05 0.0134191 -8.49032e-05 9.75258e-05 1 -0.819797 
0.999996 -0.00282124 -0.000168327 -0.00878239 0.00282078 0.999992 -0.0028465 0.0183303 0.000176386 0.00284601 0.999996 -0.820219 
0.999999 0.000885762 -0.000170569 -0.0139347 -0.000885827 0.999999 -0.000545998 0.0167992 0.000170111 0.000546144 1 -0.818854 
0.999997 -0.00228762 0.000160571 -0.0130349 0.00228785 0.999997 -0.00128495 0.0185354 -0.000157606 0.00128531 0.999999 -0.819116 
0.999998 -0.00170272 -0.00033541 -0.014947 0.00170272 0.999999 -8.45045e-05 0.0219976 0.000335574 8.39264e-05 1 -0.816992 
0.999997 -0.00253167 8.12874e-05 -0.0108932 0.00253163 0.999997 0.000667773 0.0178032 -8.29582e-05 -0.000667576 1 -0.813868 
0.999994 -0.00302424 -0.00131862 -0.0109451 0.00302564 0.999995 0.00104438 0.0164602 0.00131548 -0.00104838 0.999999 -0.812466 
0.999992 -0.00293032 -0.00274809 -0.00905032 0.00293003 0.999996 -0.000120744 0.0167588 0.00274846 0.000112681 0.999996 -0.81334 
0.999988 -0.00271745 -0.00394729 -0.0106697 0.00271158 0.999995 -0.00149873 0.0180486 0.00395137 0.001488 0.999991 -0.811566 
0.999985 -0.00219883 -0.00497491 -0.0100097 0.00218569 0.999994 -0.00264935 0.0210911 0.00498072 0.00263843 0.999984 -0.813429 
0.999977 -0.00222542 -0.00631591 -0.012447 0.00220965 0.999994 -0.00250506 0.0216155 0.00632146 0.00249104 0.999977 -0.81274 
0.999971 -0.000672698 -0.00754307 -0.0159229 0.000672396 1 -4.58359e-05 0.0204248 0.00754311 4.07515e-05 0.999972 -0.807569 
0.999961 -0.000697135 -0.00883458 -0.015834 0.000706059 0.999999 0.00100388 0.0177718 0.00883389 -0.00101009 0.999961 -0.802228 
0.999949 0.000379051 -0.0101088 -0.0199221 -0.000370973 1 0.000798023 0.0165755 0.0101091 -0.000794246 0.999949 -0.801486 
0.999947 0.000938307 -0.0102813 -0.0188304 -0.000947179 0.999999 -0.000860041 0.0182959 0.0102805 0.000869724 0.999947 -0.797775 
0.999941 -0.0012102 -0.0108222 -0.016241 0.00119391 0.999998 -0.00151324 0.0196358 0.010824 0.00150022 0.99994 -0.792393 
0.999936 0.00118881 -0.0112059 -0.0197633 -0.00119638 0.999999 -0.0006697 0.0160694 0.0112051 0.000683044 0.999937 -0.79208 
0.999938 0.000216592 -0.011154 -0.0196893 -0.000216389 1 1.82122e-05 0.0164965 0.011154 -1.58108e-05 0.999938 -0.786972 
0.999938 1.79773e-05 -0.0111234 -0.0179003 -1.0843e-05 1 0.000639584 0.0170361 0.0111234 -0.000639438 0.999938 -0.779963 
0.999942 -0.00044691 -0.0107743 -0.0175955 0.000459273 0.999999 0.00114286 0.0155144 0.0107737 -0.00114775 0.999941 -0.776136 
0.999946 0.000643566 -0.0103571 -0.0182092 -0.000633099 0.999999 0.00101209 0.0142738 0.0103577 -0.0010055 0.999946 -0.769405 
0.999953 0.000723144 -0.00962512 -0.0185633 -0.000716174 0.999999 0.000726292 0.0146047 0.00962562 -0.000719378 0.999953 -0.761553 
0.999953 0.000504726 -0.0096799 -0.0204845 -0.000500769 1 0.000409519 0.0158098 0.00968008 -0.000404663 0.999953 -0.7545 
0.999954 0.000428251 -0.009582 -0.0172958 -0.000427447 1 8.38667e-05 0.014218 0.009582 -7.978e-05 0.999954 -0.747144 
0.999961 0.00129932 -0.00870311 -0.0205554 -0.00130215 0.999999 -0.000321301 0.0157717 0.00870265 0.000332604 0.999962 -0.740083 
0.999971 0.00148465 -0.00746586 -0.0200943 -0.00149529 0.999998 -0.00142183 0.016511 0.00746371 0.00143294 0.999971 -0.732471 
0.999981 0.00275557 -0.00544434 -0.0206383 -0.00276487 0.999995 -0.00170646 0.0195105 0.00543958 0.00172146 0.999984 -0.723496 
0.999987 0.00301223 -0.00401773 -0.0200902 -0.0030205 0.999993 -0.00206079 0.0165127 0.00401155 0.00207288 0.99999 -0.717756 
0.999994 0.00171266 -0.00291161 -0.0172046 -0.00171674 0.999998 -0.00140848 0.0162726 0.0029092 0.00141346 0.999995 -0.705829 
0.999998 0.000466693 -0.00185336 -0.0149655 -0.000468102 1 -0.000772793 0.0166053 0.00185288 0.000773653 0.999998 -0.690687 
0.999999 0.000416859 -0.00100383 -0.0140933 -0.000416759 1 7.39597e-05 0.0157361 0.00100373 -7.35541e-05 1 -0.677464 
0.999999 0.00104509 0.000746294 -0.0148594 -0.00104587 0.999999 0.00108978 0.0148849 -0.000745268 -0.00109057 0.999999 -0.659502 
0.999996 0.00117958 0.00270854 -0.0137189 -0.00118263 0.999999 0.00113399 0.0140443 -0.00270731 -0.0011372 0.999996 -0.6431 
0.999988 0.00010135 0.00496384 -0.00914049 -0.000105146 1 0.000769266 0.0137105 -0.00496384 -0.000769785 0.999987 -0.624132 
0.999972 -0.000612211 0.00747014 -0.00546061 0.000608123 1 0.000552149 0.0136563 -0.00747051 -0.000547605 0.999972 -0.6048 
0.999939 -0.000883189 0.0109633 -0.00290456 0.000879978 1 0.000299673 0.0144024 -0.0109635 -0.000290028 0.99994 -0.584876 
0.999908 -0.000286281 0.01353 -0.00136943 0.000284919 1 0.000105039 0.0145084 -0.0135301 -0.00010119 0.999909 -0.564242 
0.999863 -0.000992036 0.0165221 0.00282517 0.000971493 0.999999 0.00125295 0.0129174 -0.0165234 -0.00123674 0.999863 -0.543624 
0.999784 -0.00109035 0.0207496 0.0115382 0.00103477 0.999996 0.00269047 0.0159458 -0.0207525 -0.00266843 0.999781 -0.535417 
0.99971 -0.00152334 0.0240463 0.0134571 0.00144979 0.999994 0.00307662 0.0141527 -0.0240509 -0.00304087 0.999706 -0.52778 
0.999616 -0.0013934 0.0276694 0.00801711 0.00134607 0.999997 0.00172972 0.0109288 -0.0276717 -0.00169183 0.999616 -0.523753 
0.999464 -0.00104684 0.0327172 0.0157304 0.00105704 0.999999 -0.000293547 0.0107945 -0.0327168 0.000327953 0.999465 -0.524845 
0.999297 -0.000244483 0.0374819 0.0176361 0.000335897 0.999997 -0.00243199 0.0115578 -0.0374812 0.00244286 0.999294 -0.521658 
0.999138 -0.00100769 0.0414874 0.0126234 0.00115813 0.999993 -0.00360202 0.0144932 -0.0414835 0.00364696 0.999133 -0.513725 
0.998993 -0.00190118 0.0448238 0.025835 0.00212702 0.999985 -0.00499114 0.0154256 -0.0448135 0.00508144 0.998983 -0.513263 
0.998817 -0.00342898 0.0485115 0.0276132 0.00362741 0.999985 -0.00400268 0.0180182 -0.0484969 0.0041739 0.998815 -0.515439 
0.998645 -0.00317898 0.0519343 0.0229192 0.00330335 0.999992 -0.00230889 0.0200959 -0.0519265 0.00247732 0.998648 -0.496423 
0.998411 -0.000772605 0.0563481 0.0338298 0.000800099 0.999999 -0.000465156 0.0146284 -0.0563477 0.000509498 0.998411 -0.497858 
0.998131 0.00293113 0.0610332 0.0321062 -0.0030308 0.999994 0.00154071 0.0145516 -0.0610283 -0.00172282 0.998135 -0.492808 
0.99791 0.00142582 0.0646058 0.0205616 -0.00168379 0.999991 0.0039388 0.0126683 -0.0645996 -0.00403936 0.997903 -0.465215 
0.997771 0.0024236 0.0666784 0.0375803 -0.00277522 0.999983 0.00518148 0.0109759 -0.0666646 -0.005355 0.997761 -0.47851 
0.997696 -0.00236467 0.0678039 0.0319683 0.00211706 0.999991 0.00372376 0.00594309 -0.067812 -0.00357165 0.997692 -0.454656 
0.99767 -0.00221049 0.0681922 0.0479632 0.00203725 0.999994 0.00261014 0.00569332 -0.0681975 -0.00246515 0.997669 -0.475029 
0.997653 0.000424329 0.0684652 0.0446107 -0.000546214 0.999998 0.00176165 0.00545932 -0.0684643 -0.00179494 0.997652 -0.474061 
0.997699 0.00176822 0.0677758 0.033327 -0.00173036 0.999998 -0.000617238 0.00812034 -0.0677767 0.000498509 0.9977 -0.451095 
0.997741 0.000498688 0.067183 0.0438069 -0.000161615 0.999987 -0.00502231 0.0102714 -0.0671845 0.00500007 0.997728 -0.475346 
0.997752 0.00066405 0.0670144 0.0460106 -0.000197181 0.999976 -0.00697296 0.0138449 -0.0670173 0.00694405 0.997728 -0.475545 
0.997879 -0.000574625 0.0650912 0.0456371 0.000955465 0.999983 -0.00581992 0.0148034 -0.0650866 0.00586976 0.997862 -0.454586 
0.998106 -0.000247133 0.0615241 0.0446789 0.000661303 0.999977 -0.00671153 0.0134264 -0.0615209 0.0067395 0.998083 -0.47897 
0.998407 -0.00294411 0.0563384 0.0448788 0.00324526 0.999981 -0.00525478 0.0177751 -0.0563217 0.00542923 0.998398 -0.479846 
0.998712 -0.0029314 0.0506463 0.0423847 0.00307528 0.999991 -0.00276338 0.0147788 -0.0506377 0.00291557 0.998713 -0.467906 
0.99906 -0.00748856 0.0426942 0.0472004 0.00759641 0.999968 -0.00236454 0.0100569 -0.0426751 0.00268664 0.999085 -0.488484 
0.999297 -0.00419207 0.0372583 0.0389456 0.00411786 0.999989 0.00206846 0.0047454 -0.0372665 -0.00191359 0.999303 -0.477735 
0.999475 -0.00213221 0.0323302 0.0273449 0.00209558 0.999997 0.00116707 0.00372283 -0.0323325 -0.00109872 0.999476 -0.490863 
0.999707 0.00609784 0.0234434 0.00989319 -0.00610919 0.999981 0.000413373 0.00669903 -0.0234403 -0.000556478 0.999725 -0.492301 
0.99986 0.00301635 0.016492 0.00818101 -0.00300685 0.999995 -0.000599945 0.011705 -0.0164937 0.000550263 0.999864 -0.495867 
0.999909 -0.00403112 0.0128877 0.0139594 0.00402427 0.999992 0.000557846 0.00585368 -0.0128897 -0.000505939 0.999917 -0.5071 
0.999935 -0.00566603 0.00993629 0.0139358 0.00566782 0.999984 -0.000152146 -0.000372064 -0.00993517 0.000208451 0.99995 -0.518035 
0.999958 -0.00699254 0.00598748 0.0133905 0.00698401 0.999974 0.0014444 0.00702698 -0.00599733 -0.00140253 0.999981 -0.525461 
0.99998 -0.00571337 0.00287085 0.00907078 0.005702 0.999976 0.00394699 0.00999643 -0.00289317 -0.00393054 0.999988 -0.535882 
0.999999 -0.00120738 0.000735449 0.000425324 0.0012059 0.999997 0.001985 0.0128234 -0.000737691 -0.00198412 0.999998 -0.545696 
0.999996 0.00151231 -0.00240429 -0.0051001 -0.00150534 0.999995 0.00289893 0.00925157 0.00240874 -0.00289531 0.999993 -0.556428 
0.999985 0.0034502 -0.00426566 -0.00870147 -0.00342056 0.99997 0.00693566 0.00201095 0.0042895 -0.00692098 0.999967 -0.564541 
0.99999 0.00128591 -0.00426462 -0.00466899 -0.00126433 0.999986 0.00506028 6.18453e-05 0.00427116 -0.00505485 0.999978 -0.57655 
0.999977 -0.00515774 -0.00449015 0.00452849 0.00515338 0.999986 -0.000981954 0.00566769 0.00449529 0.000958785 0.999989 -0.597639 
0.999974 -0.00457824 -0.00566965 0.00736754 0.00455578 0.999982 -0.00396707 0.00938294 0.00568792 0.00394114 0.999976 -0.608751 
0.999986 0.00196786 -0.00485266 -0.00569973 -0.00199051 0.999987 -0.0046685 0.0115826 0.00484347 0.00467809 0.999977 -0.623279 
0.999988 0.00318604 -0.0037343 -0.00862652 -0.00320828 0.999977 -0.00596824 0.0137162 0.00371521 0.00598014 0.999975 -0.633312 
0.999993 0.00153123 -0.00349262 -0.00538889 -0.0015481 0.999987 -0.0048321 0.0149872 0.00348535 0.00483747 0.999982 -0.646522 
0.999986 0.00429784 -0.00312731 -0.0056491 -0.00430114 0.99999 -0.00105087 0.0116791 0.003123 0.0010643 0.999994 -0.652685 
0.99999 0.00443436 -0.000555004 -0.00830202 -0.00443287 0.999987 0.00262593 0.011175 0.000566831 -0.00262344 0.999996 -0.661698 
0.999997 0.00239474 0.000359559 -0.00409785 -0.00239691 0.999978 0.00615614 0.00888556 -0.000344733 -0.00615698 0.999981 -0.666004 
1 0.000254942 0.00072196 0.00149618 -0.000260623 0.999969 0.00787222 0.00451934 -0.000719889 -0.0078724 0.999969 -0.678756 
0.999994 -0.0026987 0.00231144 0.00308652 0.00268793 0.999986 0.00464994 0.00153277 -0.00232391 -0.0046437 0.999986 -0.692938 
0.999997 0.000423972 0.00255668 -0.000246488 -0.000413031 0.999991 -0.00427824 0.00484224 -0.00255835 0.00427716 0.999987 -0.713574 
0.999994 0.00290234 0.00169495 -0.00381753 -0.00288979 0.999969 -0.0073607 0.0143433 -0.00171607 0.00735575 0.999971 -0.729675 
0.999995 -0.00206607 0.00261201 0.00104877 0.00208399 0.999974 -0.00687668 0.0204475 -0.00259766 0.00688208 0.999973 -0.739298 
0.999993 -0.00318494 0.00187289 0.00618802 0.00318358 0.999995 0.000731373 0.0158588 -0.00187523 -0.000725411 0.999998 -0.743091 
0.999985 -0.00511266 0.00181927 0.0101891 0.00510409 0.999976 0.0046811 0.0105676 -0.00184308 -0.00467175 0.999987 -0.748907 
0.999993 0.00030357 0.00377561 0.000905464 -0.000324349 0.999985 0.00550332 0.00553608 -0.00377376 -0.00550452 0.999978 -0.761242 
0.99999 0.00155749 0.00414491 -0.000510056 -0.00157059 0.999994 0.00315837 0.00554649 -0.00413985 -0.00316486 0.999986 -0.773751 
0.999991 0.00165221 0.00384745 -0.00206389 -0.00164653 0.999998 -0.00147857 0.00977868 -0.00384974 0.00147221 0.999991 -0.789396 
0.999985 0.00416802 0.0036259 -0.00544436 -0.0041629 0.99999 -0.00142115 0.0136041 -0.00363169 0.00140603 0.999992 -0.797871 
0.999998 0.000901128 0.00186675 -0.00297947 -0.000895646 0.999995 -0.00293851 0.0155328 -0.00186934 0.00293681 0.999994 -0.811681 
0.999996 0.00253509 0.0015968 -0.00182217 -0.00253085 0.999993 -0.00265679 0.0132567 -0.00160348 0.00265272 0.999995 -0.830493 
0.999987 0.00514124 0.000654293 -0.00654342 -0.00514042 0.999986 -0.00126269 0.0134772 -0.000660787 0.0012593 0.999999 -0.831111 
0.999999 -0.000922388 0.000666752 0.000245081 0.000923359 0.999998 -0.00146048 0.016906 -0.000665335 0.00146109 0.999999 -0.840228 
0.99999 -0.00456485 -0.00058968 0.0069507 0.00456602 0.999987 0.00198257 0.0156241 0.000580721 -0.00198524 0.999998 -0.838948 
0.999984 -0.00556554 -0.000645907 0.00789727 0.00556757 0.999979 0.00318317 0.0126906 0.000628244 -0.00318672 0.999995 -0.843795 
0.999971 -0.00758629 -0.000753199 0.00864899 0.00758743 0.99997 0.00151289 0.010183 0.00074179 -0.00151858 0.999999 -0.849069 
0.999969 -0.00742174 -0.002744 0.0121533 0.00741949 0.999972 -0.00083273 0.0149662 0.0027502 0.000812336 0.999996 -0.856197 
0.999988 -0.00360701 -0.00326284 0.00779672 0.00359798 0.99999 -0.00276754 0.0188353 0.00327289 0.00275577 0.999991 -0.861279 
0.999997 -0.000362796 -0.00251733 0.000964812 0.000363962 1 0.000462798 0.0168426 0.0025172 -0.000463717 0.999997 -0.861423 
0.999997 0.000959975 -0.00207934 0.00287973 -0.000953166 0.999994 0.00327538 0.00968758 0.00208256 -0.00327339 0.999992 -0.863843 
0.999973 0.00729924 -0.000947202 -0.0017208 -0.0073003 0.999973 -0.00110891 0.00176667 0.000939192 0.00111579 0.999999 -0.880016 
0.999976 0.00690126 -0.000315372 -0.00598741 -0.00690117 0.999976 0.00030289 0.00821441 0.000317585 -0.000300714 1 -0.873211 
0.999998 0.00131202 -0.00152157 0.00185514 -0.00131214 0.999999 -7.57999e-05 0.0111323 0.00152161 7.77836e-05 0.999999 -0.871392 
0.999992 -0.00381441 -0.00105865 0.00966567 0.00381262 0.999991 -0.00169985 0.00999184 0.00106522 0.0016958 0.999998 -0.874069 
0.999996 -0.002618 -0.000921808 0.00953707 0.00261293 0.999982 -0.00545285 0.0129843 0.000936188 0.00545041 0.999985 -0.874813 
0.999988 -0.00488613 -0.00101147 0.00666061 0.00488028 0.999972 -0.00570438 0.0228283 0.00103942 0.00569936 0.999983 -0.869355 
0.999998 0.00177973 -0.00128464 -0.00597299 -0.00177239 0.999982 0.00568806 0.0254305 0.00129475 -0.00568577 0.999983 -0.846768 
0.999977 0.00676367 -0.000392562 -0.0176453 -0.00675754 0.99988 0.0139312 0.0173219 0.000486656 -0.0139282 0.999903 -0.836744 
0.99998 0.0063625 0.000421123 -0.0193455 -0.00636649 0.999927 0.0102723 0.00916127 -0.000355659 -0.0102748 0.999947 -0.838582 
1 0.000451676 0.000902342 -0.0107117 -0.000446807 0.999985 -0.00539367 0.0125509 -0.000904622 0.00539326 0.999985 -0.853368 
0.999999 0.000923009 0.00124111 -0.00762327 -0.000894803 0.999746 -0.0225377 0.0287398 -0.00126146 0.0225365 0.999745 -0.86942 
0.999999 -0.000955268 0.00129527 -0.0080279 0.000979418 0.999823 -0.0187735 0.0458786 -0.00127698 0.0187747 0.999823 -0.860398 
0.999999 -0.00136503 0.000579775 -0.00862079 0.00136108 0.999976 0.00676723 0.0226061 -0.000588968 -0.00676643 0.999977 -0.832667 
0.99999 -0.00437 0.00109146 -0.00752498 0.00435204 0.999863 0.0159462 0.00213617 -0.00116093 -0.0159413 0.999872 -0.819672 
0.999999 0.00102099 0.00106361 -0.0146821 -0.00103088 0.999956 0.00934319 -0.00534688 -0.00105394 -0.00934428 0.999956 -0.823419 
0.999988 0.0044201 0.0019607 -0.0187346 -0.00442211 0.99999 0.00102485 0.01007 -0.00195608 -0.00103351 0.999997 -0.829777 
0.999996 -0.000473976 0.00276701 -0.00268294 0.00048349 0.999994 -0.00343765 0.0102853 -0.00276535 0.00343897 0.99999 -0.832727 
0.999994 0.000823083 0.00350016 -0.00258331 -0.000828865 0.999998 0.00164978 -0.000856143 -0.00349885 -0.00165268 0.999992 -0.822075 
0.999988 -5.10841e-05 0.00492788 -0.00566689 3.94419e-05 0.999997 0.00236083 -0.00673051 -0.00492797 -0.00236062 0.999985 -0.817533 
0.999982 -0.00505201 0.0032245 0.00379311 0.00505597 0.999986 -0.00122335 0.00492605 -0.0032182 0.00123962 0.999994 -0.832278 
0.999979 -0.00616784 0.00206763 0.00378317 0.00616329 0.999979 0.00219693 0.000208158 -0.00208109 -0.00218415 0.999995 -0.802553 
0.999995 -0.00239802 0.00186723 -0.00179603 0.00240305 0.999993 -0.00269377 0.00783496 -0.00186076 0.00269822 0.999994 -0.820235 
0.999999 0.00103703 0.0014754 -0.00745706 -0.00102982 0.999987 -0.0048825 0.010777 -0.00148042 0.00488096 0.999987 -0.819702 
0.999999 0.00114838 0.0013027 -0.0073966 -0.00114806 0.999999 -0.000241453 0.012136 -0.00130286 0.000239953 0.999999 -0.813634 
0.999993 0.00271728 0.00266433 -0.00472687 -0.00272729 0.999989 0.00376098 0.00868852 -0.00265397 -0.00376822 0.999989 -0.810169 
0.999977 0.00510928 0.00445387 -0.0104719 -0.00512225 0.999983 0.00290516 0.00249178 -0.0044389 -0.00292791 0.999986 -0.802764 
0.999971 0.00364456 0.00670386 -0.00309622 -0.00365775 0.999991 0.00195622 0.00625216 -0.00669662 -0.00198069 0.999976 -0.81066 
0.999977 0.000187527 0.00673355 0.00378233 -0.000155976 0.999989 -0.00468658 0.0120597 -0.00673429 0.00468543 0.999966 -0.815977 
0.99998 0.000407062 0.00625117 0.00151071 -0.000351612 0.999961 -0.00887033 0.0192369 -0.00625446 0.00886796 0.999941 -0.818368 
0.999987 0.0028929 0.00415455 0.00784992 -0.00285651 0.999958 -0.00873982 0.0164721 -0.00417962 0.00872785 0.999953 -0.817279 
0.999959 -0.00806198 0.00403124 0.0163879 0.00807923 0.999958 -0.00428117 0.0191203 -0.00399652 0.00431356 0.999983 -0.810923 
0.999988 -0.00232897 0.0044042 0.0146359 0.00230459 0.999982 0.0055343 0.0149695 -0.00441688 -0.00552409 0.999975 -0.801723 
0.999974 0.00143527 0.00706379 0.00249288 -0.00150844 0.999945 0.010365 0.00544304 -0.00704832 -0.0103754 0.999921 -0.797513 
0.999971 0.0039353 0.0065822 0.00068554 -0.00398049 0.999968 0.00686656 -0.00157782 -0.00655478 -0.00689256 0.999955 -0.805561 
0.999977 0.00128983 0.00668567 0.00354341 -0.00128467 0.999999 -0.000776783 0.00694404 -0.0066866 0.000768167 0.999977 -0.815879 
0.999941 -0.00756693 0.00776757 0.0134794 0.00759621 0.999964 -0.00374655 0.0168295 -0.00773889 0.00380532 0.999963 -0.821969 
0.999952 -0.00589877 0.00777442 0.0147723 0.00589211 0.999982 0.000879214 0.01217 -0.00777935 -0.000833367 0.999969 -0.817699 
0.999949 -0.00188556 0.00992545 0.00207689 0.00182566 0.99998 0.00604012 0.00522309 -0.00993654 -0.00602168 0.999932 -0.812654 
0.999962 0.00174435 0.00858414 -0.00080414 -0.00176781 0.999995 0.0027254 -0.00109449 -0.00857933 -0.00274048 0.999959 -0.815998 
0.999967 -0.000129436 0.00811201 0.000932922 0.000139153 0.999999 -0.00119684 0.00289931 -0.00811182 0.00119793 0.999966 -0.822859 
0.999961 -0.00394456 0.0079232 0.0141444 0.00400035 0.999967 -0.00703789 0.00688716 -0.00789507 0.00706931 0.999944 -0.828286 
0.99996 -0.0037503 0.00813121 0.0146182 0.00379674 0.999977 -0.00570299 0.0153633 -0.00810957 0.00573363 0.999951 -0.830685 
0.999971 0.00063401 0.00760437 0.00783016 -0.000606504 0.999993 -0.00361898 0.0160153 -0.00760658 0.00361426 0.999964 -0.825118 
0.99998 -5.9928e-05 0.00629469 0.00504504 6.79691e-05 0.999999 -0.00127828 0.0155277 -0.00629457 0.00127868 0.999979 -0.823725 
0.99999 0.000739544 0.00440218 0.00636734 -0.000744215 0.999999 0.00105816 0.0163174 -0.00440138 -0.00106143 0.99999 -0.82379 
0.999982 -0.00415796 0.00435277 0.0108516 0.00412917 0.99997 0.00660147 0.0140392 -0.00438007 -0.00658339 0.999969 -0.820246 
0.999973 -0.0065708 0.00333953 0.0190808 0.00655206 0.999963 0.00559308 0.00638819 -0.00337614 -0.00557106 0.999979 -0.818631 
0.999996 -0.000764051 0.00263073 0.0150073 0.000753908 0.999992 0.00385319 0.000836184 -0.00263362 -0.0038512 0.999989 -0.81757 
0.999992 -0.00214754 0.00328727 0.0104457 0.00216847 0.999977 -0.0063766 0.0041393 -0.00327347 0.00638368 0.999974 -0.835318 
0.999994 -0.00270092 0.00232803 0.0154718 0.00272279 0.999952 -0.00944219 0.0101197 -0.0023024 0.00944847 0.999953 -0.840144 
0.999993 -0.00127758 0.00354564 0.0103398 0.00130654 0.999966 -0.00817774 0.0183714 -0.00353505 0.00818232 0.99996 -0.835892 
0.999986 0.00245778 0.0047891 0.0058922 -0.0024715 0.999993 0.00286238 0.0133638 -0.00478201 -0.00287417 0.999984 -0.823792 
0.999927 0.0109697 0.00510796 -0.00709981 -0.0110134 0.999902 0.00860372 0.0054809 -0.00501305 -0.00865934 0.99995 -0.815497 
0.999961 0.00542596 0.00698146 -0.00138566 -0.00547748 0.999958 0.00738393 -0.00616 -0.00694107 -0.00742188 0.999948 -0.818407 
0.999968 -0.00413726 0.00692965 0.0141373 0.00415025 0.99999 -0.00185994 0.000208426 -0.00692187 0.00188864 0.999974 -0.827867 
0.999971 0.00163867 0.00746911 0.00732208 -0.00160237 0.999987 -0.00486287 0.00777935 -0.00747698 0.00485075 0.99996 -0.834791 
0.999963 0.00421723 0.00745984 -0.00197269 -0.00418263 0.99998 -0.00464724 0.00989064 -0.00747928 0.00461586 0.999961 -0.836425 
