1 0 -0 0 -0 1 0 0 0 -0 1 -0 
0.999991 -0.00269703 -0.00331718 -0.00191549 0.0026899 0.999994 -0.00215241 -0.00467936 0.00332297 0.00214347 0.999992 0.671528 
0.999972 -0.00135236 -0.00737377 -0.0118832 0.00132488 0.999992 -0.00372916 -0.00741453 0.00737876 0.00371928 0.999966 1.36018 
0.999935 -0.00140172 -0.0112782 -0.0263292 0.00134287 0.999985 -0.00522465 -0.0107833 0.0112854 0.00520917 0.999923 2.06565 
0.999869 -0.000107551 -0.0162113 -0.0433026 1.38432e-05 0.999983 -0.00578042 -0.0178246 0.0162116 0.00577943 0.999852 2.78677 
0.999788 -0.00118253 -0.0205594 -0.0620542 0.00106027 0.999982 -0.00595622 -0.0275074 0.020566 0.00593316 0.999771 3.52469 
0.999685 0.000565531 -0.0250772 -0.0876414 -0.000746924 0.999974 -0.00722462 -0.0361698 0.0250725 0.00724108 0.999659 4.27612 
0.999545 0.00322184 -0.0299829 -0.118475 -0.00345761 0.999963 -0.00781504 -0.0456035 0.0299567 0.00791515 0.99952 5.04155 
0.999407 0.00355966 -0.0342459 -0.151359 -0.00377502 0.999973 -0.00622627 -0.0543015 0.0342229 0.00635185 0.999394 5.82258 
0.999248 0.00273233 -0.0386744 -0.18536 -0.00287262 0.999989 -0.00357259 -0.0630411 0.0386643 0.003681 0.999245 6.61532 
0.999107 0.002393 -0.0421923 -0.222227 -0.00243181 0.999997 -0.000868637 -0.0732027 0.0421901 0.000970464 0.999109 7.4164 
0.998988 0.00388038 -0.0448062 -0.265738 -0.00395017 0.999991 -0.00146918 -0.0832319 0.0448001 0.00164468 0.998995 8.22304 
0.99889 0.00335267 -0.0469843 -0.308537 -0.00343563 0.999993 -0.0016851 -0.0901983 0.0469783 0.00184465 0.998894 9.03756 
0.998809 0.000387254 -0.0487841 -0.348676 -0.000497944 0.999997 -0.00225684 -0.0972343 0.0487831 0.00227844 0.998807 9.86046 
0.998709 0.000280242 -0.0508043 -0.39317 -0.00035251 0.999999 -0.00141353 -0.106065 0.0508038 0.00142961 0.998708 10.6946 
0.998634 -0.00117485 -0.0522376 -0.438605 0.00109169 0.999998 -0.00162051 -0.116262 0.0522394 0.00156127 0.998633 11.5364 
0.998534 0.00115112 -0.0541219 -0.490464 -0.00136465 0.999991 -0.00390861 -0.126938 0.0541169 0.00397673 0.998527 12.3852 
0.99846 0.00157816 -0.0554541 -0.543682 -0.00194298 0.999977 -0.00652553 -0.137486 0.0554425 0.00662322 0.99844 13.2422 
0.998347 0.00550307 -0.0572107 -0.601951 -0.00598017 0.999949 -0.00817138 -0.148527 0.0571628 0.0085 0.998329 14.1072 
0.998282 0.00636946 -0.0582534 -0.659009 -0.00683472 0.999946 -0.00779094 -0.162032 0.0582006 0.0081757 0.998271 14.9829 
0.998207 0.00545785 -0.059607 -0.714932 -0.00584403 0.999963 -0.00630638 -0.176538 0.0595704 0.00664342 0.998202 15.8671 
0.998118 0.00611438 -0.0610167 -0.773596 -0.00642077 0.999968 -0.00482655 -0.189125 0.0609852 0.00520924 0.998125 16.7562 
0.998059 0.00571083 -0.0620118 -0.83286 -0.00601685 0.999971 -0.0047493 -0.202896 0.0619829 0.0051132 0.998064 17.6489 
0.997955 0.00557009 -0.0636726 -0.89317 -0.00593849 0.999967 -0.00559798 -0.215835 0.0636393 0.00596465 0.997955 18.5447 
0.997897 0.00415642 -0.0646897 -0.953628 -0.0045771 0.999969 -0.0063562 -0.228528 0.0646613 0.00663893 0.997885 19.447 
0.997858 0.00429884 -0.0652722 -1.01613 -0.00461281 0.999979 -0.00466028 -0.240776 0.0652507 0.00495139 0.997857 20.3555 
0.997856 0.00567293 -0.0651994 -1.08215 -0.00576579 0.999983 -0.00123605 -0.253599 0.0651912 0.00160933 0.997871 21.2734 
0.997905 0.00668097 -0.0643527 -1.14725 -0.00653367 0.999976 0.00249917 -0.263922 0.0643678 -0.00207348 0.997924 22.1954 
0.99801 0.00557531 -0.0628084 -1.20784 -0.00525116 0.999972 0.00532469 -0.27049 0.0628364 -0.00498428 0.998011 23.1239 
0.998106 0.00578705 -0.0612526 -1.26794 -0.00542325 0.999967 0.00610391 -0.276748 0.0612858 -0.00576016 0.998104 24.0535 
0.998187 0.00603611 -0.0598787 -1.32799 -0.00585005 0.999978 0.00328211 -0.283527 0.0598972 -0.00292587 0.9982 24.9872 
0.998235 0.00684925 -0.0589984 -1.38757 -0.00695352 0.999975 -0.0015622 -0.290033 0.0589862 0.00196969 0.998257 25.9233 
0.99831 0.00595568 -0.0578038 -1.44482 -0.00622634 0.99997 -0.00450347 -0.298448 0.0577752 0.00485577 0.998318 26.8664 
0.998363 0.00339313 -0.0570917 -1.49957 -0.00359722 0.999988 -0.00347238 -0.309583 0.0570792 0.00367206 0.998363 27.8185 
0.998354 0.00152768 -0.0573376 -1.55479 -0.00144427 0.999998 0.0014961 -0.320134 0.0573398 -0.00141083 0.998354 28.7777 
0.998305 -0.00224726 -0.058156 -1.60913 0.00254058 0.999984 0.00497013 -0.331172 0.0581439 -0.00510945 0.998295 29.7409 
0.998198 -0.00969835 -0.0592131 -1.65793 0.00997455 0.999941 0.00437065 -0.339749 0.0591672 -0.0049534 0.998236 30.7006 
0.998087 -0.0118948 -0.0606623 -1.71388 0.0119455 0.999929 0.000473002 -0.345908 0.0606523 -0.00119674 0.998158 31.6623 
0.998004 -0.0116945 -0.0620663 -1.77743 0.0115045 0.999928 -0.00341705 -0.355827 0.0621017 0.00269618 0.998066 32.6271 
0.997882 -0.0104148 -0.0642182 -1.84243 0.0101685 0.99994 -0.00416047 -0.367038 0.0642577 0.00349865 0.997927 33.5995 
0.997827 -0.0104592 -0.0650528 -1.90897 0.0103004 0.999943 -0.00277524 -0.379382 0.0650782 0.00209914 0.997878 34.5791 
0.997778 -0.00738961 -0.0662116 -1.9812 0.00741061 0.999973 7.15631e-05 -0.393227 0.0662093 -0.000562073 0.997806 35.5608 
0.997689 -0.00748429 -0.0675299 -2.05037 0.00759758 0.99997 0.00142094 -0.404549 0.0675172 -0.00193072 0.997716 36.543 
0.997627 -0.00618615 -0.0685646 -2.11983 0.00647645 0.999971 0.00401254 -0.412926 0.0685378 -0.00444707 0.997639 37.526 
0.997633 -0.00629921 -0.0684744 -2.18937 0.00680007 0.999952 0.00708404 -0.421765 0.0684265 -0.0075329 0.997628 38.5116 
0.997614 -0.000488658 -0.0690355 -2.26737 0.00113919 0.999955 0.00938416 -0.426993 0.0690278 -0.00944042 0.99757 39.494 
0.997604 -0.00065283 -0.0691798 -2.34019 0.0012707 0.99996 0.00888775 -0.433977 0.0691713 -0.00895436 0.997565 40.4717 
0.99761 -0.000558155 -0.0690887 -2.41025 0.00105766 0.999974 0.00719347 -0.437549 0.0690829 -0.00724936 0.997585 41.4473 
0.997613 0.00167335 -0.0690288 -2.48572 -0.00133096 0.999987 0.00500575 -0.444503 0.0690363 -0.00490193 0.997602 42.4198 
0.997543 0.00126858 -0.0700393 -2.55637 -0.000914134 0.999987 0.00509244 -0.453435 0.0700448 -0.0050159 0.997531 43.3924 
0.997456 -0.000696126 -0.0712851 -2.62531 0.00114612 0.99998 0.00627191 -0.460852 0.0712793 -0.00633765 0.997436 44.3664 
0.997397 -0.000131931 -0.0721052 -2.69997 0.000663582 0.999973 0.00734937 -0.470062 0.0721022 -0.00737809 0.99737 45.3354 
0.997379 0.00230688 -0.0723142 -2.77766 -0.00203711 0.999991 0.00380415 -0.481195 0.0723223 -0.00364687 0.997375 46.2956 
0.997321 0.00281867 -0.0730912 -2.85479 -0.00285199 0.999996 -0.000351523 -0.490252 0.0730899 0.000559037 0.997325 47.2519 
0.997275 0.00367629 -0.073684 -2.93035 -0.00380465 0.999991 -0.00160182 -0.500859 0.0736775 0.00187779 0.99728 48.2086 
0.99727 0.00247366 -0.0738023 -3.00309 -0.00233397 0.999995 0.00197897 -0.514598 0.0738069 -0.00180131 0.997271 49.1679 
0.997254 0.000568955 -0.0740532 -3.07392 -0.000191619 0.999987 0.00510248 -0.52653 0.0740551 -0.00507428 0.997241 50.1229 
0.997237 -0.00129315 -0.0742718 -3.14603 0.00172705 0.999982 0.00577823 -0.5369 0.0742629 -0.00589053 0.997221 51.0708 
0.997216 -0.00444611 -0.0744284 -3.21631 0.00479787 0.999978 0.00454806 -0.546512 0.0744065 -0.0048925 0.997216 52.0136 
0.997168 -0.00715274 -0.0748632 -3.28565 0.00741735 0.999967 0.00325715 -0.556355 0.0748374 -0.00380321 0.997188 52.952 
0.997075 -0.00872574 -0.0759343 -3.35774 0.0090923 0.999949 0.004483 -0.565146 0.0758913 -0.0051603 0.997103 53.8911 
0.996955 -0.01178 -0.0770804 -3.42813 0.0124798 0.999885 0.00860315 -0.572108 0.0769702 -0.0095389 0.996988 54.8296 
0.996896 -0.0126731 -0.0777032 -3.49953 0.0137703 0.999813 0.0136009 -0.576946 0.0775163 -0.0146287 0.996884 55.7662 
0.996877 -0.0109071 -0.0782187 -3.57793 0.0121845 0.9998 0.0158729 -0.580425 0.0780299 -0.0167764 0.99681 56.6951 
0.996776 -0.00982843 -0.0796246 -3.65556 0.0108136 0.99987 0.0119507 -0.584938 0.0794968 -0.0127732 0.996753 57.6107 
0.996687 -0.00830589 -0.0809132 -3.73358 0.00867134 0.999954 0.00416617 -0.589561 0.0808749 -0.00485399 0.996712 58.514 
0.996632 -0.00662294 -0.081733 -3.81255 0.00659289 0.999978 -0.000637495 -0.597724 0.0817355 9.64907e-05 0.996654 59.4093 
0.996569 -0.00170641 -0.0827518 -3.89714 0.00173659 0.999998 0.000292706 -0.609252 0.0827511 -0.000435408 0.99657 60.3006 
0.996496 0.00109254 -0.0836288 -3.97962 -0.00087825 0.999996 0.00259919 -0.623663 0.0836313 -0.00251664 0.996494 61.1797 
0.996396 0.00365246 -0.0847473 -4.05922 -0.00330715 0.999986 0.00421461 -0.638341 0.0847615 -0.00391915 0.996394 62.0432 
0.996303 0.00434722 -0.0857976 -4.13802 -0.00402313 0.999984 0.00394994 -0.647123 0.0858134 -0.00359017 0.996305 62.8915 
0.996156 0.0060827 -0.0873828 -4.2176 -0.0056848 0.999972 0.00480169 -0.657307 0.0874096 -0.00428648 0.996163 63.7289 
0.996034 0.00691221 -0.0886992 -4.2956 -0.0064551 0.999964 0.00543934 -0.67014 0.0887336 -0.00484521 0.996044 64.5517 
0.995903 0.00684837 -0.0901698 -4.37268 -0.00634014 0.999962 0.00592156 -0.680902 0.090207 -0.00532561 0.995909 65.3629 
0.995791 0.00671589 -0.0914085 -4.44928 -0.00610448 0.999957 0.00696668 -0.68788 0.0914514 -0.00637936 0.995789 66.1612 
0.995653 0.00947942 -0.0926591 -4.53062 -0.00862234 0.999916 0.00964586 -0.694118 0.0927428 -0.00880499 0.995651 66.9478 
0.995527 0.0109631 -0.0938437 -4.61011 -0.00971148 0.999858 0.0137839 -0.699915 0.0939814 -0.0128109 0.995492 67.7213 
0.995333 0.0141525 -0.0954522 -4.69013 -0.0127257 0.999798 0.0155398 -0.704748 0.0956529 -0.0142526 0.995313 68.4764 
0.995165 0.0169598 -0.0967377 -4.77078 -0.0159257 0.999808 0.0114524 -0.712212 0.0969133 -0.00985647 0.995244 69.2091 
0.995043 0.0169183 -0.0979924 -4.84742 -0.0165841 0.999854 0.0042241 -0.721314 0.0980495 -0.00257805 0.995178 69.9183 
0.994914 0.0160197 -0.0994501 -4.91849 -0.0162605 0.999866 -0.00161149 -0.728352 0.099411 0.0032204 0.995041 70.6108 
0.99486 0.0168756 -0.0998435 -4.99223 -0.0172428 0.999847 -0.00281513 -0.73467 0.0997808 0.00452224 0.994999 71.2873 
0.994742 0.0196722 -0.100505 -5.06731 -0.0196909 0.999806 0.000806349 -0.746982 0.100502 0.00117693 0.994936 71.9475 
0.99461 0.0199044 -0.101755 -5.13657 -0.0196819 0.999801 0.00319025 -0.764233 0.101798 -0.00117034 0.994804 72.5854 
0.994567 0.0167813 -0.102736 -5.20083 -0.0168735 0.999858 -2.84087e-05 -0.777132 0.102721 0.00176177 0.994709 73.2005 
0.99468 0.00867855 -0.10265 -5.25492 -0.009259 0.999944 -0.00517958 -0.790291 0.1026 0.00610246 0.994704 73.7979 
0.994812 0.00463062 -0.101622 -5.30955 -0.00567263 0.999934 -0.00996725 -0.801761 0.101569 0.010492 0.994773 74.3791 
0.995114 0.00713196 -0.0984711 -5.36958 -0.00817266 0.999915 -0.0101693 -0.813472 0.0983902 0.0109244 0.995088 74.948 
0.995467 0.0121098 -0.0943341 -5.43128 -0.012843 0.999892 -0.00716829 -0.825743 0.0942371 0.00834733 0.995515 75.5039 
0.995913 0.01053 -0.0897005 -5.47772 -0.0109423 0.999932 -0.00410537 -0.836867 0.0896512 0.00507012 0.99596 76.0478 
0.99644 0.00683686 -0.0840308 -5.51331 -0.00684945 0.999977 0.00013847 -0.848663 0.0840298 0.000437588 0.996463 76.581 
0.997114 0.00243831 -0.075877 -5.54276 -0.00216732 0.999991 0.00365363 -0.862494 0.0758852 -0.00347864 0.99711 77.1021 
0.99786 0.00608767 -0.0651062 -5.57633 -0.00587169 0.999977 0.00350826 -0.871002 0.065126 -0.00311847 0.997872 77.6073 
0.998688 0.0113167 -0.0499366 -5.60547 -0.0111809 0.999933 0.00299787 -0.878137 0.0499672 -0.0024356 0.998748 78.1001 
0.999357 0.0163762 -0.0318985 -5.61987 -0.0162711 0.999861 0.00355129 -0.883682 0.0319523 -0.00302998 0.999485 78.5827 
0.999842 0.0147732 -0.00988018 -5.61101 -0.0147338 0.999883 0.00404501 -0.888687 0.00993878 -0.0038988 0.999943 79.0531 
0.999803 0.0112977 0.0162976 -5.58407 -0.0113804 0.999923 0.00499209 -0.896071 -0.0162399 -0.00517658 0.999855 79.5107 
0.998898 0.010223 0.0457991 -5.5444 -0.0105339 0.999923 0.00655313 -0.903169 -0.0457286 -0.00702836 0.998929 79.9598 
0.996839 0.00982903 0.0788386 -5.49001 -0.0104928 0.999913 0.00800996 -0.909745 -0.078753 -0.00881188 0.996855 80.4015 
0.993163 0.00980958 0.116327 -5.41755 -0.0108746 0.999905 0.00852468 -0.91535 -0.116232 -0.00973141 0.993174 80.8349 
0.987383 0.0100665 0.15803 -5.32676 -0.011544 0.999898 0.00843452 -0.919156 -0.157929 -0.0101524 0.987398 81.2603 
0.97908 0.00982501 0.203237 -5.21605 -0.0117762 0.999895 0.00839362 -0.92511 -0.203133 -0.0106114 0.979094 81.6734 
0.967564 0.0120039 0.252339 -5.0869 -0.0140612 0.999881 0.00635113 -0.934512 -0.252233 -0.00969331 0.967618 82.0723 
0.952078 0.0129843 0.30558 -4.93546 -0.0147429 0.999885 0.0034478 -0.94322 -0.3055 -0.00778769 0.95216 82.4548 
0.932283 0.0133183 0.361484 -4.76078 -0.0147526 0.99989 0.00120816 -0.949886 -0.361429 -0.00645919 0.932377 82.8209 
0.907964 0.0141026 0.41881 -4.56441 -0.0151314 0.999885 -0.000864857 -0.954363 -0.418774 -0.00555192 0.908073 83.1705 
0.878907 0.0143455 0.476778 -4.34558 -0.0146545 0.999888 -0.00307059 -0.958788 -0.476769 -0.00428819 0.879018 83.5004 
0.845425 0.0128489 0.53394 -4.10483 -0.0118693 0.999916 -0.00526881 -0.967284 -0.533963 -0.0018831 0.845506 83.8079 
0.808531 0.0124885 0.588321 -3.8445 -0.0107584 0.999921 -0.00644036 -0.979109 -0.588355 -0.00112218 0.808602 84.0984 
0.768508 0.0112001 0.639743 -3.56636 -0.00997165 0.999935 -0.0055274 -0.989797 -0.639763 -0.00213144 0.768569 84.3736 
0.725522 0.0108687 0.688113 -3.27232 -0.0115898 0.999926 -0.00357388 -0.997703 -0.688101 -0.00538219 0.725595 84.6335 
0.680111 0.00985716 0.733043 -2.96212 -0.0108666 0.999935 -0.00336408 -1.00523 -0.733028 -0.00567774 0.680174 84.8696 
0.633366 0.00856397 0.773805 -2.63744 -0.00773174 0.999959 -0.0047384 -1.01413 -0.773814 -0.00298172 0.633406 85.0813 
0.586396 0.00596527 0.810003 -2.29859 -0.00228628 0.999981 -0.00570923 -1.02368 -0.810021 0.00149597 0.586399 85.2694 
0.53948 0.00803126 0.84196 -1.95583 -0.00432197 0.999968 -0.00676919 -1.03459 -0.841987 1.29206e-05 0.539498 85.4476 
0.491932 0.010903 0.870565 -1.60708 -0.0082767 0.999935 -0.00784631 -1.04519 -0.870594 -0.00334556 0.491991 85.6136 
0.446304 0.0130333 0.894787 -1.25017 -0.00903774 0.999909 -0.0100566 -1.05495 -0.894836 -0.00359855 0.446381 85.7573 
0.403974 0.0104591 0.914711 -0.881251 -0.00169498 0.999941 -0.0106851 -1.06128 -0.914769 0.00276608 0.403968 85.8735 
0.364511 0.00293613 0.931194 -0.499729 0.0134588 0.999874 -0.00842104 -1.06474 -0.931102 0.0156023 0.364426 85.9663 
0.329208 -0.000690645 0.944257 -0.116925 0.0177273 0.999828 -0.00544919 -1.06809 -0.944091 0.018533 0.329164 86.0609 
0.296055 0.00341501 0.955165 0.26496 0.0151891 0.99985 -0.00828266 -1.07563 -0.95505 0.0169602 0.295959 86.1613 
0.264903 0.0110892 0.964211 0.648016 0.00438658 0.99991 -0.0127049 -1.09048 -0.964265 0.00759517 0.264831 86.2662 
0.236497 0.0154078 0.97151 1.04278 -0.000288938 0.999875 -0.0157873 -1.10844 -0.971632 0.00345296 0.236472 86.3549 
0.210857 0.0170827 0.977368 1.44977 0.00105183 0.999843 -0.0177025 -1.12404 -0.977516 0.00476072 0.210806 86.4235 
0.187524 0.0184431 0.982087 1.86782 0.00853938 0.999755 -0.0204055 -1.13488 -0.982223 0.0122129 0.187321 86.4767 
0.167493 0.0247709 0.985562 2.29344 0.015672 0.999491 -0.0277844 -1.1348 -0.985749 0.0200994 0.167019 86.522 
0.147831 0.031575 0.988509 2.72878 0.0178962 0.999241 -0.0345942 -1.13533 -0.988851 0.0228046 0.147153 86.5724 
0.130196 0.0323717 0.99096 3.18035 0.0154521 0.999279 -0.0346736 -1.1497 -0.991368 0.0198267 0.129602 86.6278 
0.114727 0.0279367 0.993004 3.64917 0.0135768 0.999467 -0.0296871 -1.17364 -0.993304 0.0168877 0.114286 86.6768 
0.100223 0.0246897 0.994659 4.12895 0.0139519 0.999559 -0.0262172 -1.19488 -0.994867 0.016505 0.0998347 86.7177 
0.0869899 0.022231 0.995961 4.62266 0.016343 0.999585 -0.0237393 -1.21233 -0.996075 0.018342 0.0865905 86.7507 
0.0754457 0.0214259 0.99692 5.12991 0.0201934 0.999531 -0.0230102 -1.22744 -0.996945 0.0218672 0.0749777 86.7777 
0.065333 0.0220912 0.997619 5.65015 0.0234067 0.999446 -0.0236645 -1.2424 -0.997589 0.024897 0.0647798 86.8022 
0.0574908 0.0226377 0.998089 6.18657 0.0254661 0.999384 -0.024134 -1.25805 -0.998021 0.026805 0.0568789 86.827 
0.0519283 0.0229919 0.998386 6.7405 0.0272116 0.999331 -0.024429 -1.2744 -0.99828 0.0284362 0.0512679 86.8508 
0.0463863 0.0241087 0.998633 7.31065 0.0284525 0.999271 -0.0254458 -1.29083 -0.998518 0.0295939 0.0456666 86.8735 
0.0404206 0.0248004 0.998875 7.89936 0.0289664 0.999243 -0.0259817 -1.30808 -0.998763 0.029984 0.0396716 86.8949 
0.0361163 0.0248488 0.999039 8.50546 0.0314196 0.999168 -0.0259879 -1.32663 -0.998854 0.032328 0.0353056 86.9123 
0.0332294 0.0248352 0.999139 9.12922 0.0329359 0.999121 -0.0259302 -1.3456 -0.998905 0.0337692 0.0323822 86.9291 
0.0301676 0.0243847 0.999247 9.77032 0.0337808 0.999106 -0.0254012 -1.36513 -0.998974 0.0345216 0.029317 86.9475 
0.027763 0.0238437 0.99933 10.4285 0.0358264 0.999049 -0.0248324 -1.38491 -0.998972 0.0364918 0.0268824 86.9636 
0.0271198 0.0235045 0.999356 11.1021 0.040292 0.998885 -0.0245869 -1.40519 -0.99882 0.0409329 0.0261425 86.9761 
0.0281961 0.0231476 0.999334 11.7916 0.0438295 0.998742 -0.0243706 -1.42629 -0.998641 0.0444875 0.0271461 86.9906 
0.0306685 0.0230859 0.999263 12.4964 0.0455957 0.99866 -0.0244714 -1.44701 -0.998489 0.0463126 0.0295748 87.0113 
0.0345395 0.0230159 0.999138 13.2164 0.0480835 0.998539 -0.0246643 -1.46883 -0.998246 0.048894 0.0333824 87.0353 
0.0388845 0.0225636 0.998989 13.9537 0.0484648 0.998526 -0.0244396 -1.48966 -0.998068 0.0493662 0.0377336 87.064 
0.0429262 0.0209388 0.998859 14.7062 0.0499393 0.998486 -0.0230771 -1.51096 -0.997829 0.0508729 0.0418155 87.0965 
0.0469325 0.0193872 0.99871 15.4738 0.0498353 0.998521 -0.0217255 -1.53267 -0.997654 0.0507907 0.0458969 87.1353 
0.0510411 0.0172878 0.998547 16.2559 0.0467321 0.998714 -0.0196794 -1.55529 -0.997603 0.0476687 0.0501676 87.1819 
0.0550764 0.0162412 0.99835 17.0496 0.0459318 0.998768 -0.018782 -1.57634 -0.997425 0.0468904 0.0542625 87.2322 
0.059105 0.0172092 0.998103 17.8476 0.043148 0.998873 -0.0197776 -1.59959 -0.997319 0.0442352 0.0582959 87.287 
0.0622623 0.0212938 0.997833 18.6477 0.041084 0.99887 -0.0238795 -1.62665 -0.997214 0.0424818 0.0613172 87.343 
0.0635307 0.0265543 0.997627 19.4499 0.0352743 0.998962 -0.0288362 -1.65413 -0.997356 0.0370226 0.0625281 87.405 
0.0633756 0.0296331 0.99755 20.2583 0.0323925 0.998971 -0.0317333 -1.68537 -0.997464 0.0343242 0.0623505 87.4635 
0.0634764 0.0290984 0.997559 21.0663 0.0300915 0.999065 -0.0310571 -1.71953 -0.99753 0.0319894 0.0625414 87.5206 
0.0634557 0.027263 0.997612 21.8782 0.0272594 0.999206 -0.0290405 -1.75635 -0.997612 0.0290371 0.0626622 87.5792 
0.0632974 0.0260945 0.997654 22.6873 0.028277 0.99921 -0.0279293 -1.78868 -0.997594 0.0299785 0.0625095 87.6332 
0.063763 0.0254259 0.997641 23.4963 0.025745 0.999301 -0.0271136 -1.82281 -0.997633 0.0274131 0.0630638 87.6902 
0.0638891 0.0257503 0.997625 24.3025 0.0241567 0.999334 -0.0273415 -1.85703 -0.997665 0.0258462 0.0632245 87.7479 
0.0640026 0.0263128 0.997603 25.1073 0.0212679 0.999389 -0.0277244 -1.89097 -0.997723 0.0229913 0.0634039 87.8064 
0.0628076 0.0276527 0.997642 25.9091 0.018497 0.999412 -0.0288662 -1.92451 -0.997854 0.0202664 0.0622592 87.8638 
0.0599744 0.0272356 0.997828 26.7117 0.0155231 0.999481 -0.0282137 -1.95755 -0.998079 0.0171815 0.0595205 87.9198 
0.056076 0.0259382 0.99809 27.5141 0.0130662 0.999558 -0.0267104 -1.99025 -0.998341 0.014539 0.0557123 87.9718 
0.0512228 0.023535 0.99841 28.3174 0.0111224 0.999647 -0.0241348 -2.02213 -0.998625 0.012341 0.050943 88.0188 
0.0449551 0.0214818 0.998758 29.1176 0.00895755 0.99972 -0.0219057 -2.05363 -0.998949 0.0099312 0.0447501 88.0601 
0.0375824 0.0216722 0.999058 29.912 0.00852152 0.999721 -0.0220071 -2.08482 -0.999257 0.00934057 0.0373873 88.0925 
0.0288868 0.0226521 0.999326 30.7032 0.00829091 0.999703 -0.0229003 -2.11371 -0.999548 0.00894683 0.0286904 88.1167 
0.0189543 0.0230474 0.999555 31.493 0.00865245 0.999693 -0.0232147 -2.1417 -0.999783 0.00908862 0.0187491 88.1327 
0.00872179 0.0220237 0.999719 32.2812 0.00979844 0.999708 -0.0221089 -2.17104 -0.999914 0.00998852 0.00850344 88.1392 
-0.00206289 0.0210318 0.999777 33.067 0.00871953 0.999741 -0.0210131 -2.20074 -0.99996 0.00867423 -0.00224574 88.1396 
-0.0131528 0.0202223 0.999709 33.8485 0.0100766 0.999747 -0.0200905 -2.22814 -0.999863 0.00980944 -0.0133533 88.1277 
-0.0241814 0.0205622 0.999496 34.6251 0.0102683 0.999741 -0.0203188 -2.25645 -0.999655 0.00977176 -0.0243862 88.1094 
-0.035215 0.0211369 0.999156 35.3977 0.0105469 0.999728 -0.0207773 -2.28539 -0.999324 0.00980629 -0.0354284 88.0825 
-0.0458594 0.0221923 0.998701 36.164 0.0101197 0.999712 -0.0217501 -2.31334 -0.998897 0.00910911 -0.0460708 88.0492 
-0.0561749 0.0232299 0.998151 36.9232 0.0110972 0.999682 -0.022641 -2.34049 -0.998359 0.00980485 -0.0564148 88.0063 
-0.0656053 0.0239431 0.997558 37.6765 0.0118998 0.99966 -0.023211 -2.36812 -0.997775 0.010348 -0.0658679 87.9549 
-0.0752113 0.0244028 0.996869 38.421 0.0125812 0.999644 -0.0235215 -2.39782 -0.997088 0.0107727 -0.0754916 87.8971 
-0.0845324 0.0246985 0.996115 39.1581 0.0133426 0.999631 -0.0236534 -2.42713 -0.996331 0.0112913 -0.0848307 87.8338 
-0.0930911 0.0242258 0.995363 39.8878 0.0144654 0.999631 -0.0229768 -2.45511 -0.995553 0.0122594 -0.0934072 87.7633 
-0.100345 0.0230701 0.994685 40.6104 0.0162322 0.999636 -0.0215474 -2.4833 -0.99482 0.0139838 -0.100683 87.6871 
-0.105522 0.0214074 0.994186 41.3241 0.0190428 0.999628 -0.0195034 -2.51028 -0.994235 0.016874 -0.105891 87.6074 
-0.109309 0.019816 0.99381 42.0263 0.0220258 0.999604 -0.017509 -2.53566 -0.993764 0.0199755 -0.109703 87.5261 
-0.11209 0.0186894 0.993522 42.7204 0.0235698 0.999592 -0.0161444 -2.55959 -0.993418 0.0216075 -0.112485 87.4482 
-0.113782 0.0177714 0.993347 43.3977 0.0238322 0.999601 -0.0151534 -2.58337 -0.99322 0.0219495 -0.11416 87.3702 
-0.114565 0.0181744 0.993249 44.0601 0.0246196 0.999577 -0.0154505 -2.6066 -0.993111 0.0226833 -0.114964 87.2943 
-0.113573 0.0191951 0.993344 44.7078 0.025446 0.999542 -0.0164056 -2.62949 -0.993204 0.0234134 -0.114009 87.2187 
-0.11063 0.0207929 0.993644 45.3385 0.0263957 0.99949 -0.0179764 -2.65234 -0.993511 0.0242392 -0.111122 87.1496 
-0.105429 0.0212987 0.994199 45.955 0.0264693 0.999476 -0.0186049 -2.67416 -0.994074 0.0243543 -0.105938 87.0874 
-0.0973991 0.0220183 0.995002 46.5525 0.0260081 0.99947 -0.0195713 -2.69679 -0.994906 0.0239719 -0.0979202 87.0346 
-0.0862275 0.0219381 0.996034 47.1301 0.0249492 0.999492 -0.0198544 -2.72028 -0.995963 0.0231382 -0.086731 86.9924 
-0.0724892 0.0222221 0.997122 47.6888 0.024191 0.999497 -0.0205164 -2.74348 -0.997076 0.0226342 -0.0729903 86.9619 
-0.0552333 0.0235569 0.998196 48.2306 0.0233374 0.999479 -0.0222959 -2.76593 -0.998201 0.0220638 -0.0557542 86.9438 
-0.0339068 0.0260833 0.999085 48.7611 0.0217378 0.999442 -0.0253549 -2.78879 -0.999189 0.0208582 -0.0344549 86.9395 
-0.00925774 0.0290726 0.999534 49.288 0.0197826 0.999387 -0.0288851 -2.81266 -0.999761 0.019506 -0.0098272 86.9515 
0.0190698 0.0308106 0.999343 49.8125 0.0179466 0.999353 -0.0311534 -2.8361 -0.999657 0.0185289 0.0185045 86.9808 
0.0522763 0.0303255 0.998172 50.3373 0.0158194 0.999388 -0.031191 -2.85796 -0.998507 0.017421 0.0517646 87.0282 
0.0904172 0.0279324 0.995512 50.8571 0.0147381 0.99946 -0.0293817 -2.87949 -0.995795 0.0173286 0.0899567 87.0952 
0.132561 0.0241121 0.990882 51.3718 0.0124257 0.999585 -0.0259862 -2.9041 -0.991097 0.0157571 0.132206 87.1869 
0.177741 0.01975 0.983879 51.8796 0.00982941 0.999713 -0.0218436 -2.9274 -0.984028 0.0135534 0.177496 87.3059 
0.226022 0.0165001 0.973982 52.376 0.0053468 0.99982 -0.0181785 -2.94783 -0.974108 0.00931644 0.225893 87.4532 
0.277367 0.0150043 0.960647 52.8591 0.00169141 0.999869 -0.0161052 -2.96626 -0.960762 0.00609191 0.277305 87.628 
0.331997 0.0147337 0.943165 53.3285 0.000941906 0.999872 -0.0159512 -2.98249 -0.94328 0.00618411 0.331941 87.8277 
0.389862 0.0152906 0.920746 53.7769 0.00315498 0.999834 -0.0179399 -2.99859 -0.920868 0.00989901 0.389749 88.0518 
0.449523 0.0185725 0.893075 54.2018 0.00406809 0.999731 -0.0228381 -3.0172 -0.893259 0.0138994 0.449327 88.3035 
0.509114 0.0216542 0.860427 54.602 0.00549101 0.999581 -0.0284053 -3.03627 -0.860682 0.0191862 0.508782 88.5782 
0.567257 0.0257455 0.823138 54.9781 0.0016001 0.999475 -0.0323635 -3.05236 -0.823539 0.0196755 0.566918 88.8847 
0.623043 0.0282166 0.781678 55.3275 -0.00175677 0.999397 -0.0346754 -3.06957 -0.782185 0.0202311 0.622717 89.2165 
0.675852 0.0287845 0.736475 55.6548 -0.00305494 0.999338 -0.0362548 -3.08791 -0.737031 0.022253 0.675493 89.5685 
0.724861 0.0263883 0.68839 55.9561 -0.00297076 0.999377 -0.0351814 -3.10914 -0.688889 0.0234565 0.724487 89.9393 
0.770008 0.0229128 0.637623 56.2337 -0.00503759 0.999542 -0.0298348 -3.12689 -0.638014 0.019761 0.769771 90.3368 
0.811253 0.017721 0.584427 56.4849 -0.00542459 0.999726 -0.0227838 -3.14241 -0.58467 0.0153131 0.811127 90.7548 
0.847765 0.0148751 0.530164 56.7068 -0.00735139 0.99984 -0.0162978 -3.15727 -0.530322 0.00991926 0.847739 91.1867 
0.878963 0.0111883 0.476758 56.9079 -0.00785432 0.999929 -0.00898529 -3.16907 -0.476825 0.00415313 0.878989 91.6316 
0.904562 0.0116703 0.426182 57.0773 -0.0112305 0.999931 -0.00354496 -3.18136 -0.426193 -0.00157959 0.904631 92.0846 
0.924717 0.0134629 0.380417 57.2254 -0.0145437 0.999894 -3.34162e-05 -3.19301 -0.380377 -0.00550177 0.924815 92.5454 
0.939986 0.0192939 0.340668 57.3529 -0.0214753 0.999766 0.0026333 -3.20054 -0.340537 -0.00979122 0.94018 93.0182 
0.951855 0.0235114 0.305645 57.4693 -0.025192 0.999681 0.00155496 -3.20175 -0.305511 -0.0091799 0.952144 93.4968 
0.961134 0.025408 0.274909 57.5844 -0.0268985 0.999637 0.00165231 -3.20259 -0.274768 -0.00898274 0.961469 93.9843 
0.967282 0.0198835 0.252922 57.7061 -0.0209854 0.999778 0.00165952 -3.20598 -0.252832 -0.00691289 0.967485 94.4766 
0.971269 0.0168576 0.237386 57.819 -0.0179308 0.999836 0.0023625 -3.21418 -0.237308 -0.00655116 0.971412 94.9758 
0.974181 0.0210701 0.224785 57.9186 -0.0220883 0.999754 0.00201557 -3.21777 -0.224687 -0.00692864 0.974406 95.4848 
0.976195 0.0266475 0.215251 58.0125 -0.027832 0.99961 0.00247316 -3.21683 -0.215101 -0.00840516 0.976556 96.002 
0.977243 0.0343013 0.209329 58.1073 -0.0353062 0.999376 0.00106435 -3.21723 -0.209162 -0.00843075 0.977845 96.532 
0.977642 0.0401486 0.206407 58.2047 -0.0405071 0.999176 -0.00249036 -3.22328 -0.206337 -0.00592626 0.978463 97.0627 
0.977756 0.041474 0.205603 58.3137 -0.041346 0.999133 -0.00492097 -3.23488 -0.205629 -0.00368935 0.978623 97.6025 
0.977301 0.0400575 0.208035 58.4323 -0.0391445 0.999197 -0.0085052 -3.24442 -0.208209 0.000168707 0.978084 98.152 
0.97649 0.0387306 0.212054 58.5542 -0.0363891 0.999226 -0.0149346 -3.25046 -0.212469 0.00686702 0.977144 98.7078 
0.975579 0.038939 0.21617 58.6832 -0.0355013 0.999174 -0.0197646 -3.25765 -0.216761 0.0116076 0.976156 99.2826 
0.974398 0.0438803 0.220508 58.8064 -0.0406335 0.998989 -0.0192409 -3.26955 -0.221129 0.00978825 0.975195 99.863 
0.972958 0.0469286 0.226164 58.9372 -0.0446336 0.998887 -0.0152529 -3.28235 -0.226628 0.00474591 0.97397 100.465 
0.971953 0.0440022 0.23102 59.0798 -0.0427058 0.999031 -0.0106115 -3.29613 -0.231264 0.000447947 0.972891 101.071 
0.971222 0.03966 0.23485 59.2357 -0.0395817 0.999204 -0.00504903 -3.30806 -0.234863 -0.00439204 0.972019 101.697 
0.97043 0.037106 0.238512 59.391 -0.0381064 0.999274 -0.000416702 -3.31797 -0.238354 -0.00868447 0.971139 102.326 
0.96986 0.0325755 0.241474 59.5511 -0.0336235 0.999435 0.000219323 -3.32436 -0.24133 -0.00833191 0.970407 102.963 
0.969894 0.0291581 0.241774 59.7163 -0.0293352 0.999566 -0.00286771 -3.33338 -0.241753 -0.00431113 0.970328 103.606 
0.970016 0.0285532 0.241356 59.8787 -0.026967 0.999588 -0.00987331 -3.34329 -0.241539 0.00306861 0.970386 104.259 
0.970144 0.0309359 0.240547 60.0379 -0.0277777 0.999478 -0.0165097 -3.3532 -0.240932 0.00933496 0.970497 104.925 
0.970694 0.033965 0.237908 60.198 -0.0299906 0.999344 -0.0203065 -3.36184 -0.238442 0.0125764 0.971075 105.607 
0.971332 0.0323095 0.235521 60.3651 -0.0293571 0.99944 -0.0160319 -3.3737 -0.235907 0.00865813 0.971737 106.309 
0.971786 0.0281765 0.234173 60.5373 -0.0269718 0.999601 -0.00834619 -3.38884 -0.234315 0.00179463 0.972159 107.024 
0.972357 0.0285543 0.231749 60.705 -0.0287621 0.999583 -0.0024826 -3.40512 -0.231723 -0.00425161 0.972773 107.749 
0.972664 0.031935 0.230012 60.8669 -0.0320631 0.999481 -0.0031815 -3.41703 -0.229994 -0.00428038 0.973183 108.48 
0.972955 0.037634 0.227908 61.0254 -0.0368209 0.999291 -0.00782015 -3.42641 -0.228041 -0.000783117 0.973651 109.218 
0.973835 0.038493 0.223974 61.1919 -0.0364678 0.999248 -0.013173 -3.43593 -0.224313 0.00466045 0.974506 109.966 
0.974782 0.0372959 0.220019 61.361 -0.0346096 0.999272 -0.0160526 -3.44867 -0.220457 0.00803302 0.975364 110.726 
0.975717 0.0350302 0.216216 61.5308 -0.0326624 0.999361 -0.0145156 -3.46451 -0.216587 0.00710095 0.976238 111.502 
0.976581 0.0311389 0.212883 61.7026 -0.0291601 0.999497 -0.0124297 -3.48239 -0.213163 0.00593096 0.976999 112.289 
0.976986 0.0301511 0.211162 61.8713 -0.0287687 0.99954 -0.00961624 -3.49982 -0.211354 0.00332008 0.977404 113.085 
0.977348 0.0268575 0.209928 62.0444 -0.0258982 0.999638 -0.00731773 -3.51294 -0.210049 0.0017152 0.977689 113.889 
0.977572 0.021751 0.209473 62.2209 -0.020929 0.999762 -0.00614018 -3.52574 -0.209557 0.00161839 0.977795 114.698 
0.977691 0.0224989 0.208841 62.3917 -0.0220459 0.999747 -0.00449685 -3.53919 -0.20889 -0.000207564 0.977939 115.515 
0.977441 0.0279787 0.209347 62.5552 -0.0272392 0.999608 -0.00641546 -3.55318 -0.209444 0.00056829 0.97782 116.336 
0.977163 0.0336028 0.209819 62.7201 -0.0322845 0.999432 -0.00970605 -3.56723 -0.210025 0.0027105 0.977692 117.161 
0.976649 0.0424561 0.210604 62.8855 -0.0409944 0.999095 -0.0113034 -3.58103 -0.210893 0.00240591 0.977506 117.993 
0.975721 0.0483973 0.213604 63.0528 -0.0471956 0.998828 -0.0107248 -3.59789 -0.213873 0.000383264 0.976861 118.834 
0.974936 0.0508378 0.2166 63.2279 -0.0501473 0.998704 -0.00868654 -3.61728 -0.216761 -0.00239311 0.976222 119.678 
0.974339 0.0514284 0.219132 63.4111 -0.0505634 0.998675 -0.00955789 -3.63472 -0.219333 -0.00176741 0.975648 120.522 
0.973982 0.0500179 0.221035 63.5978 -0.0484917 0.998747 -0.0123289 -3.65187 -0.221375 0.00128977 0.975188 121.363 
0.97402 0.043694 0.222206 63.7963 -0.0423338 0.999044 -0.0108826 -3.67117 -0.22247 0.00119305 0.974939 122.207 
0.974224 0.0370616 0.222516 63.996 -0.0351935 0.999304 -0.0123562 -3.69362 -0.222819 0.00420657 0.974851 123.05 
0.973939 0.0364469 0.223861 64.188 -0.0345743 0.999327 -0.0122802 -3.71664 -0.224158 0.00422037 0.974544 123.894 
0.97345 0.0391155 0.225534 64.3766 -0.0379685 0.999235 -0.00942255 -3.73453 -0.22573 0.00060918 0.97419 124.74 
0.973063 0.041255 0.226819 64.5627 -0.041486 0.999132 -0.00375065 -3.74937 -0.226777 -0.0057602 0.97393 125.588 
0.972661 0.0447362 0.227879 64.7497 -0.0460571 0.998939 0.000479612 -3.76796 -0.227616 -0.010962 0.973689 126.431 
0.972439 0.0440923 0.228949 64.9391 -0.0438848 0.999019 -0.00600028 -3.78604 -0.228989 -0.00421247 0.97342 127.261 
0.97271 0.0399113 0.228564 65.1353 -0.0362266 0.999137 -0.0202954 -3.80749 -0.229177 0.0114615 0.973317 128.075 
0.972974 0.0377852 0.227801 65.3323 -0.0319536 0.999062 -0.0292351 -3.82972 -0.228692 0.0211659 0.973269 128.895 
0.973215 0.0349209 0.227227 65.5261 -0.0311364 0.999311 -0.0202195 -3.84871 -0.227777 0.0126028 0.973632 129.734 
0.973618 0.0284446 0.226406 65.7213 -0.0293463 0.999569 0.000617258 -3.8711 -0.226291 -0.00724515 0.974033 130.582 
0.973893 0.0250241 0.225626 65.9135 -0.0293346 0.999445 0.0157719 -3.89246 -0.225106 -0.0219788 0.974086 131.422 
0.973918 0.0296356 0.224956 66.0903 -0.0327461 0.999413 0.010108 -3.90254 -0.224524 -0.0172107 0.974317 132.24 
0.974059 0.0379945 0.223084 66.2606 -0.0376172 0.999275 -0.00594239 -3.90847 -0.223148 -0.00260355 0.974781 133.046 
0.974336 0.0382025 0.221833 66.4391 -0.0360426 0.999255 -0.0137781 -3.91666 -0.222194 0.00542907 0.974987 133.855 
0.974946 0.0341395 0.219805 66.6228 -0.0317339 0.999392 -0.0144667 -3.93908 -0.220165 0.00712901 0.975437 134.671 
0.97555 0.0338769 0.217153 66.7991 -0.0318607 0.999411 -0.0127802 -3.96643 -0.217458 0.00554902 0.976054 135.49 
0.976368 0.0334925 0.213502 66.9697 -0.0312031 0.999414 -0.014085 -3.98387 -0.213849 0.00709022 0.976841 136.304 
0.977374 0.0345736 0.208671 67.1377 -0.0319957 0.999364 -0.0157174 -4.00404 -0.209082 0.00868518 0.97786 137.116 
0.977789 0.0396768 0.205804 67.2931 -0.0372421 0.999183 -0.0156921 -4.0292 -0.206259 0.00767901 0.978467 137.927 
0.977941 0.0457792 0.203805 67.4434 -0.0434239 0.998928 -0.0160161 -4.0487 -0.20432 0.00681278 0.97888 138.737 
0.978237 0.0471881 0.202054 67.5997 -0.0452763 0.998875 -0.0140759 -4.07168 -0.202491 0.00462137 0.979273 139.547 
0.978556 0.0450811 0.200985 67.7598 -0.04414 0.998983 -0.0091639 -4.09355 -0.201194 9.59208e-05 0.979552 140.356 
0.978907 0.0436836 0.19958 67.9183 -0.0427187 0.999045 -0.00914002 -4.11417 -0.199789 0.000421408 0.979839 141.159 
0.979506 0.0420713 0.196975 68.0755 -0.0404857 0.999107 -0.0120711 -4.13587 -0.197307 0.00384907 0.980334 141.956 
0.98066 0.03735 0.192123 68.2337 -0.0349591 0.999264 -0.0158207 -4.15681 -0.192573 0.00879825 0.981243 142.751 
0.982006 0.0345885 0.185653 68.385 -0.0320233 0.999346 -0.0167988 -4.17579 -0.186113 0.0105513 0.982472 143.547 
0.983235 0.0328389 0.179362 68.5266 -0.0313022 0.999445 -0.0113917 -4.19526 -0.179636 0.00558633 0.983717 144.351 
0.98437 0.0302196 0.173499 68.6626 -0.0301633 0.999541 -0.00296194 -4.2129 -0.173509 -0.00231767 0.98483 145.159 
0.985097 0.0272045 0.169837 68.8 -0.0287124 0.999567 0.00642845 -4.22406 -0.169589 -0.0112091 0.985451 145.966 
0.98556 0.0338875 0.165903 68.9183 -0.0358945 0.999314 0.00911313 -4.23335 -0.165481 -0.0149366 0.9861 146.768 
0.986244 0.036738 0.161163 69.0358 -0.0379702 0.999268 0.00457197 -4.24243 -0.160877 -0.0106285 0.986917 147.565 
0.987406 0.0373693 0.153727 69.1556 -0.0369479 0.999302 -0.00559805 -4.25128 -0.153829 -0.000152346 0.988098 148.356 
0.988504 0.0342022 0.147276 69.2735 -0.0329287 0.999396 -0.0110772 -4.25726 -0.147566 0.00610025 0.989033 149.157 
0.989489 0.0333537 0.140707 69.3832 -0.0322712 0.999429 -0.00996877 -4.2704 -0.14096 0.00532319 0.990001 149.969 
0.990284 0.0399852 0.133184 69.4762 -0.0394759 0.9992 -0.00646377 -4.28905 -0.133336 0.00114342 0.99107 150.789 
0.991089 0.0454569 0.125205 69.5593 -0.0448271 0.998964 -0.0078439 -4.30589 -0.125432 0.0021614 0.9921 151.607 
0.992193 0.0481372 0.11505 69.6437 -0.0468859 0.998808 -0.0135589 -4.32145 -0.115566 0.00805883 0.993267 152.423 
0.993202 0.0467708 0.106593 69.7265 -0.0453361 0.998846 -0.0158438 -4.33729 -0.107211 0.0109036 0.994176 153.243 
0.994029 0.0467896 0.0985756 69.801 -0.0457357 0.99887 -0.0129255 -4.35414 -0.099069 0.00833994 0.995046 154.072 
0.994623 0.0494155 0.0910088 69.8629 -0.0491003 0.998778 -0.00570043 -4.37274 -0.0911792 0.00120123 0.995834 154.908 
0.995148 0.0528154 0.083009 69.9164 -0.0530095 0.998594 0.000133507 -4.38578 -0.0828853 -0.00453312 0.996549 155.743 
0.995792 0.0517925 0.0756055 69.9711 -0.05221 0.99863 0.00355395 -4.39568 -0.0753178 -0.00748636 0.997131 156.575 
0.996196 0.0526193 0.0694657 70.0206 -0.0531446 0.99857 0.00573455 -4.40323 -0.0690646 -0.00940446 0.997568 157.406 
0.996528 0.0517128 0.0652514 70.0681 -0.0520826 0.998635 0.00397882 -4.41233 -0.0649565 -0.00736346 0.997861 158.234 
0.996559 0.0565824 0.0605659 70.1048 -0.0566002 0.998396 -0.00142217 -4.42208 -0.0605493 -0.00201077 0.998163 159.056 
0.996424 0.0625862 0.0567697 70.1338 -0.0622287 0.998029 -0.00804505 -4.43376 -0.0571614 0.00448357 0.998355 159.879 
0.996509 0.0638583 0.0537803 70.1665 -0.0633937 0.997935 -0.0103036 -4.44455 -0.0543272 0.00685828 0.9985 160.704 
0.996556 0.0655126 0.0508305 70.1997 -0.0653831 0.997851 -0.00420987 -4.45637 -0.0509971 0.000871924 0.998698 161.539 
0.996501 0.0676012 0.0491473 70.2263 -0.0679883 0.997667 0.00624732 -4.4646 -0.0486103 -0.0095669 0.998772 162.377 
0.996563 0.0688607 0.0460548 70.2532 -0.0695521 0.997486 0.0135808 -4.47349 -0.0450038 -0.0167373 0.998847 163.211 
0.997007 0.0655233 0.041042 70.2825 -0.0660047 0.997764 0.0104846 -4.48122 -0.0402632 -0.0131622 0.999102 164.03 
0.997961 0.053314 0.0350811 70.3196 -0.0533688 0.998575 0.000627824 -4.48746 -0.0349976 -0.00249878 0.999384 164.843 
0.998307 0.0510433 0.027893 70.3439 -0.0509529 0.998693 -0.00394294 -4.48838 -0.0280578 0.00251504 0.999603 165.66 
0.998269 0.0548793 0.0211615 70.3481 -0.0548377 0.998492 -0.00254148 -4.49624 -0.021269 0.00137664 0.999773 166.486 
0.99851 0.0528388 0.0136536 70.3526 -0.0528964 0.998592 0.00389045 -4.50742 -0.0134288 -0.00460688 0.999899 167.319 
0.998854 0.0474703 0.00614955 70.3611 -0.0475161 0.998842 0.00751427 -4.51412 -0.00578572 -0.00779786 0.999953 168.154 
0.99925 0.0387256 0.00052212 70.3649 -0.0387291 0.999181 0.0116824 -4.51332 -6.92833e-05 -0.0116939 0.999932 168.99 
0.999387 0.0345455 -0.00573219 70.361 -0.0344763 0.999336 0.0117579 -4.51885 0.00613457 -0.011553 0.999914 169.823 
0.999435 0.0313584 -0.0121252 70.3483 -0.0312992 0.999497 0.00503679 -4.52776 0.012277 -0.00465443 0.999914 170.651 
0.999557 0.0222705 -0.0197197 70.3375 -0.0223737 0.999737 -0.00502522 -4.53298 0.0196026 0.0054642 0.999793 171.476 
0.999577 0.0121064 -0.0264292 70.3288 -0.0123486 0.999883 -0.00901937 -4.5395 0.0263169 0.00934192 0.99961 172.309 
0.999335 0.0158607 -0.0328186 70.2948 -0.015918 0.999872 -0.00148595 -4.54855 0.0327908 0.00200737 0.99946 173.156 
0.99894 0.0265337 -0.0376251 70.2411 -0.0261058 0.999589 0.0118188 -4.5544 0.0379232 -0.010824 0.999222 174.009 
0.998614 0.0315392 -0.0421456 70.1908 -0.0307352 0.999336 0.0195911 -4.56139 0.0427355 -0.0182686 0.998919 174.859 
0.998467 0.0309708 -0.0458755 70.1443 -0.0302352 0.999404 0.0166432 -4.56172 0.0463637 -0.0152306 0.998809 175.699 
0.998314 0.0325674 -0.0480471 70.0947 -0.032321 0.99946 0.00589673 -4.56116 0.0482132 -0.00433386 0.998828 176.53 
0.997761 0.043228 -0.0510374 70.0309 -0.0434496 0.99905 -0.00323953 -4.56366 0.0508489 0.00544983 0.998691 177.364 
0.997715 0.0415405 -0.0532782 69.9796 -0.0419633 0.999096 -0.00683999 -4.57137 0.0529459 0.00906009 0.998556 178.205 
0.997794 0.0362483 -0.0556139 69.9389 -0.0364142 0.999335 -0.0019723 -4.58179 0.0555054 0.00399308 0.99845 179.058 
0.997801 0.0365269 -0.0553096 69.8869 -0.0362035 0.999321 0.00683909 -4.5896 0.0555219 -0.00482165 0.998446 179.918 
0.997757 0.0383651 -0.0548558 69.8295 -0.0377396 0.999211 0.0123936 -4.59532 0.0552879 -0.0102956 0.998417 180.774 
0.997665 0.0382862 -0.0565486 69.7756 -0.0376884 0.999222 0.0116001 -4.60018 0.0569487 -0.00944177 0.998332 181.624 
0.997654 0.0349811 -0.0588504 69.7231 -0.0348915 0.999388 0.00255047 -4.60675 0.0589036 -0.000491113 0.998264 182.464 
0.997825 0.0242718 -0.0612918 69.6825 -0.0248685 0.99965 -0.00899174 -4.61738 0.0610521 0.0104964 0.998079 183.302 
0.997892 0.0138771 -0.0633998 69.6416 -0.0147332 0.999806 -0.0130555 -4.62918 0.0632063 0.013962 0.997903 184.148 
0.997792 0.0165624 -0.0643118 69.5807 -0.0171403 0.999817 -0.00844443 -4.64306 0.0641602 0.00952811 0.997894 185.002 
0.997609 0.022619 -0.0653077 69.5132 -0.0225135 0.999744 0.00235176 -4.6587 0.0653442 -0.000875831 0.997862 185.857 
0.997487 0.0236993 -0.0667657 69.4508 -0.0233524 0.999709 0.0059716 -4.67478 0.0668878 -0.00439745 0.997751 186.704 
0.997447 0.0226582 -0.0677251 69.3925 -0.0225584 0.999743 0.00223782 -4.68482 0.0677584 -0.000704334 0.997702 187.541 
0.997453 0.0228712 -0.0675597 69.33 -0.0231942 0.999723 -0.00399928 -4.69258 0.0674496 0.00555608 0.997707 188.373 
0.997248 0.0295644 -0.0679882 69.2591 -0.0299313 0.999542 -0.00438291 -4.70282 0.0678275 0.00640583 0.997676 189.207 
0.99714 0.0323563 -0.0683023 69.1929 -0.0325211 0.99947 -0.00130095 -4.71716 0.0682241 0.00351849 0.997664 190.043 
0.996957 0.0362011 -0.0690427 69.1256 -0.0361541 0.999344 0.00193121 -4.7304 0.0690673 0.000570835 0.997612 190.877 
0.99682 0.0397164 -0.0690853 69.0587 -0.0394853 0.999209 0.00470892 -4.73931 0.0692177 -0.0019661 0.9976 191.706 
