1 0 -0 0 -0 1 0 0 0 -0 1 -0 
0.999991 -0.00269703 -0.00331718 -0.00191549 0.0026899 0.999994 -0.00215241 -0.00467936 0.00332297 0.00214347 0.999992 0.671528 
0.999972 -0.00135236 -0.00737377 -0.0118832 0.00132488 0.999992 -0.00372916 -0.00741453 0.00737876 0.00371928 0.999966 1.36018 
0.999935 -0.00140247 -0.0112783 -0.0263256 0.00134361 0.999985 -0.00522455 -0.0107807 0.0112854 0.00520906 0.999923 2.06564 
0.999869 -0.000108217 -0.01621 -0.0433125 1.45185e-05 0.999983 -0.00578027 -0.0178246 0.0162103 0.00577928 0.999852 2.78673 
0.999788 -0.00118439 -0.0205694 -0.0618486 0.00106226 0.999982 -0.00594724 -0.0276597 0.0205761 0.00592412 0.999771 3.52467 
0.999685 0.000562738 -0.0250866 -0.0874487 -0.000743952 0.999974 -0.00721477 -0.0363305 0.0250819 0.00723116 0.999659 4.27606 
0.999545 0.00321889 -0.0299922 -0.118297 -0.00345446 0.999964 -0.00780603 -0.0457478 0.029966 0.00790608 0.99952 5.0415 
0.999407 0.00356009 -0.0342549 -0.151201 -0.00377524 0.999974 -0.00621849 -0.0544067 0.0342318 0.00634412 0.999394 5.82251 
0.999248 0.00273067 -0.0386855 -0.185131 -0.00287056 0.99999 -0.00356097 -0.0631813 0.0386754 0.00366934 0.999245 6.61522 
0.999106 0.0023865 -0.0422041 -0.222005 -0.00242488 0.999997 -0.000858007 -0.0733173 0.0422019 0.00095958 0.999109 7.41628 
0.998988 0.00387276 -0.0448156 -0.265562 -0.00394207 0.999991 -0.00145822 -0.0833395 0.0448095 0.00163341 0.998994 8.2229 
0.998889 0.00334383 -0.046997 -0.308334 -0.00342623 0.999993 -0.00167293 -0.0903184 0.046991 0.00183209 0.998894 9.03751 
0.998809 0.00037972 -0.048794 -0.348491 -0.000489859 0.999997 -0.00224529 -0.0973387 0.048793 0.00226651 0.998806 9.86039 
0.998708 0.000272049 -0.0508181 -0.392952 -0.000343854 0.999999 -0.00140425 -0.106107 0.0508177 0.00141991 0.998707 10.6946 
0.998633 -0.00117527 -0.0522499 -0.438407 0.0010926 0.999998 -0.00161077 -0.116293 0.0522517 0.00155148 0.998633 11.5365 
0.998533 0.00115224 -0.0541313 -0.490279 -0.00136529 0.999991 -0.00389903 -0.126968 0.0541264 0.00396722 0.998526 12.3852 
0.998459 0.00157231 -0.0554639 -0.543502 -0.00193658 0.999977 -0.00651444 -0.137525 0.0554523 0.00661181 0.998439 13.2423 
0.998346 0.00549047 -0.0572233 -0.601774 -0.00596698 0.999949 -0.00815976 -0.148574 0.0571756 0.00848772 0.998328 14.1075 
0.998281 0.00635879 -0.0582591 -0.658974 -0.00682316 0.999946 -0.00777524 -0.162131 0.0582065 0.00815939 0.998271 14.9831 
0.998206 0.00545893 -0.0596156 -0.714875 -0.00584468 0.999963 -0.00629808 -0.17656 0.059579 0.00663522 0.998202 15.8673 
0.998118 0.00611304 -0.0610199 -0.773661 -0.00641851 0.999968 -0.00481136 -0.189224 0.0609885 0.00519397 0.998125 16.7564 
0.998059 0.00571074 -0.0620141 -0.832986 -0.00601578 0.999971 -0.00473332 -0.20298 0.0619853 0.0050972 0.998064 17.649 
0.997955 0.0055688 -0.0636763 -0.893244 -0.00593601 0.999967 -0.00557914 -0.215925 0.0636432 0.00594572 0.997955 18.5447 
0.997896 0.0041627 -0.064696 -0.953751 -0.00458245 0.999969 -0.00634101 -0.228607 0.0646676 0.00662413 0.997885 19.4472 
0.997858 0.00429837 -0.06527 -1.0165 -0.00461125 0.999979 -0.00464372 -0.240857 0.0652487 0.00493475 0.997857 20.3558 
0.997856 0.00567206 -0.0652009 -1.08241 -0.00576369 0.999983 -0.00121739 -0.253692 0.0651929 0.00159058 0.997871 21.2736 
0.997905 0.00668009 -0.0643546 -1.14754 -0.00653147 0.999975 0.00251953 -0.264025 0.0643699 -0.00209392 0.997924 22.1956 
0.99801 0.00557932 -0.0628073 -1.20818 -0.00525385 0.999972 0.00534606 -0.270591 0.0628353 -0.00500544 0.998011 23.1239 
0.998105 0.00578427 -0.0612536 -1.26822 -0.00541901 0.999967 0.00612748 -0.276811 0.061287 -0.00578394 0.998103 24.0532 
0.998187 0.00603577 -0.0598827 -1.32823 -0.00584831 0.999977 0.00330517 -0.283561 0.0599013 -0.00294897 0.9982 24.9867 
0.998235 0.00683963 -0.0589983 -1.38788 -0.00694241 0.999975 -0.00153731 -0.289991 0.0589863 0.00194418 0.998257 25.9225 
0.99831 0.00594761 -0.0578049 -1.44511 -0.00621679 0.999971 -0.00447799 -0.298427 0.0577766 0.00482979 0.998318 26.8654 
0.998363 0.00338495 -0.0570943 -1.49987 -0.0035877 0.999988 -0.00344896 -0.309454 0.057082 0.00364816 0.998363 27.8174 
0.998354 0.00152076 -0.0573297 -1.55541 -0.00143608 0.999998 0.00151823 -0.319958 0.0573318 -0.0014334 0.998354 28.7767 
0.998306 -0.0022467 -0.0581455 -1.60977 0.00254133 0.999984 0.0049937 -0.330922 0.0581334 -0.005133 0.998296 29.7398 
0.998199 -0.00970366 -0.0592058 -1.65873 0.00998093 0.999941 0.0043893 -0.339354 0.0591597 -0.00497232 0.998236 30.6996 
0.998088 -0.0119042 -0.0606569 -1.7145 0.0119561 0.999928 0.000492827 -0.345517 0.0606467 -0.0012171 0.998159 31.6609 
0.998004 -0.0117122 -0.062057 -1.77808 0.0115233 0.999928 -0.00339993 -0.355271 0.0620924 0.00267804 0.998067 32.6257 
0.997882 -0.0104482 -0.0642038 -1.84335 0.0102032 0.999939 -0.00414298 -0.366375 0.0642432 0.00347912 0.997928 33.5981 
0.997828 -0.0104956 -0.0650345 -1.90989 0.010339 0.999943 -0.00274427 -0.378989 0.0650596 0.00206592 0.997879 34.5772 
0.997779 -0.0074161 -0.0661941 -1.98207 0.00743878 0.999972 9.62148e-05 -0.392708 0.0661916 -0.000588405 0.997807 35.5589 
0.997691 -0.00748317 -0.0675072 -2.05123 0.00759762 0.99997 0.00143875 -0.403975 0.0674944 -0.00194833 0.997718 36.5409 
0.997628 -0.00617988 -0.068557 -2.12021 0.00647128 0.999971 0.00402914 -0.412324 0.0685301 -0.00446324 0.997639 37.5238 
0.997633 -0.00630451 -0.0684694 -2.18968 0.00680715 0.999952 0.00711013 -0.421284 0.0684212 -0.00755938 0.997628 38.5093 
0.997614 -0.000507543 -0.0690339 -2.26757 0.0011597 0.999955 0.00940713 -0.426432 0.069026 -0.00946475 0.99757 39.4916 
0.997604 -0.000660703 -0.0691757 -2.3404 0.00127959 0.99996 0.00890264 -0.433329 0.069167 -0.00896983 0.997565 40.4692 
0.99761 -0.000569539 -0.069087 -2.4104 0.00107001 0.999973 0.00720725 -0.436793 0.069081 -0.00726396 0.997585 41.4449 
0.997613 0.00166795 -0.069026 -2.48588 -0.00132446 0.999987 0.00502174 -0.443798 0.0690335 -0.00491834 0.997602 42.4174 
0.997543 0.00126424 -0.0700412 -2.55644 -0.000908868 0.999987 0.00510534 -0.452654 0.0700468 -0.00502914 0.997531 43.3899 
0.997456 -0.000694017 -0.0712877 -2.62536 0.0011451 0.99998 0.00628697 -0.46012 0.0712819 -0.00635261 0.997436 44.3637 
0.997397 -0.000130839 -0.0721053 -2.70011 0.000663408 0.999973 0.00736209 -0.469258 0.0721023 -0.00739076 0.99737 45.3328 
0.997379 0.00229807 -0.0723112 -2.77785 -0.00202699 0.999991 0.00382194 -0.480462 0.0723193 -0.00366535 0.997375 46.2925 
0.997322 0.00281863 -0.0730866 -2.85504 -0.00285086 0.999996 -0.000336702 -0.489499 0.0730854 0.00054416 0.997326 47.249 
0.997275 0.00367599 -0.0736759 -2.93064 -0.00380284 0.999992 -0.00158151 -0.500144 0.0736695 0.00185738 0.997281 48.2057 
0.99727 0.0024589 -0.0738033 -3.00321 -0.00231737 0.999995 0.00200324 -0.513873 0.0738078 -0.00182674 0.997271 49.1651 
0.997254 0.000558171 -0.0740528 -3.07405 -0.000178693 0.999987 0.00513095 -0.525886 0.0740546 -0.00510363 0.997241 50.1201 
0.997237 -0.00130489 -0.0742742 -3.14607 0.00174052 0.999982 0.00580065 -0.536145 0.0742653 -0.0059139 0.997221 51.0679 
0.997217 -0.00444892 -0.0744249 -3.21655 0.00480256 0.999978 0.00457336 -0.545823 0.0744029 -0.00491806 0.997216 52.011 
0.997168 -0.0071722 -0.0748622 -3.28599 0.00743865 0.999967 0.00328091 -0.555504 0.0748362 -0.0038285 0.997188 52.9496 
0.997074 -0.00874453 -0.0759356 -3.35806 0.00911316 0.999948 0.00450927 -0.564287 0.0758922 -0.00518809 0.997103 53.889 
0.996955 -0.011789 -0.0770834 -3.42848 0.0124912 0.999885 0.00863275 -0.571294 0.0769727 -0.00956933 0.996987 54.8278 
0.996896 -0.012678 -0.0777043 -3.5 0.0137774 0.999812 0.0136281 -0.576061 0.077517 -0.0146563 0.996883 55.7646 
0.996876 -0.0109287 -0.07822 -3.57849 0.0122085 0.999799 0.015902 -0.579481 0.0780305 -0.0168073 0.996809 56.6939 
0.996776 -0.00984487 -0.0796247 -3.65616 0.010832 0.99987 0.0119751 -0.583914 0.0794965 -0.012799 0.996753 57.6096 
0.996686 -0.0083275 -0.0809128 -3.73416 0.00869511 0.999953 0.00419203 -0.588517 0.0808741 -0.00488169 0.996712 58.513 
0.996633 -0.00663252 -0.0817261 -3.81324 0.00660452 0.999978 -0.000612895 -0.596681 0.0817283 7.10699e-05 0.996655 59.4083 
0.996569 -0.00171323 -0.0827492 -3.89773 0.00174554 0.999998 0.000318023 -0.608267 0.0827485 -0.000461373 0.99657 60.2997 
0.996497 0.00108381 -0.0836248 -3.9802 -0.000867264 0.999996 0.00262573 -0.622679 0.0836273 -0.00254401 0.996494 61.1787 
0.996396 0.00363905 -0.0847432 -4.05986 -0.00329162 0.999986 0.0042392 -0.63726 0.0847574 -0.00394499 0.996394 62.0426 
0.996303 0.00433528 -0.085795 -4.13867 -0.00400886 0.999984 0.00397656 -0.646068 0.0858109 -0.00361792 0.996305 62.8911 
0.996157 0.0060682 -0.087379 -4.21836 -0.00566759 0.999972 0.00483207 -0.656284 0.0874059 -0.00431827 0.996163 63.7291 
0.996035 0.00689898 -0.0886936 -4.29638 -0.00643927 0.999964 0.00546827 -0.669079 0.0887282 -0.00487547 0.996044 64.5521 
0.995904 0.0068214 -0.0901593 -4.37366 -0.00631087 0.999962 0.00594634 -0.679617 0.0901965 -0.005353 0.99591 65.3638 
0.995792 0.00669462 -0.0914 -4.4503 -0.00608075 0.999957 0.00699318 -0.686665 0.0914429 -0.00640797 0.99579 66.1625 
0.995654 0.00945243 -0.092653 -4.53163 -0.00859303 0.999916 0.00967001 -0.692814 0.0927367 -0.00883181 0.995652 66.9494 
0.995527 0.0109294 -0.0938384 -4.61121 -0.00967539 0.999858 0.0138079 -0.69858 0.093976 -0.0128382 0.995492 67.7236 
0.995334 0.0141187 -0.0954503 -4.69109 -0.0126896 0.999798 0.0155634 -0.70343 0.0956508 -0.0142796 0.995313 68.479 
0.995167 0.01693 -0.0967315 -4.7718 -0.0158928 0.999808 0.0114831 -0.711013 0.0969073 -0.00989028 0.995244 69.212 
0.995045 0.016886 -0.097983 -4.8486 -0.0165489 0.999854 0.00425261 -0.720034 0.0980405 -0.00261002 0.995179 69.9216 
0.994915 0.0159919 -0.0994413 -4.91968 -0.01623 0.999867 -0.00158534 -0.727044 0.0994028 0.00319121 0.995042 70.6146 
0.994863 0.0168455 -0.0998212 -4.99388 -0.0172094 0.999848 -0.00278592 -0.733352 0.0997591 0.00448947 0.995001 71.2914 
0.994744 0.0196386 -0.100489 -5.06883 -0.019655 0.999806 0.000826981 -0.745525 0.100486 0.00115248 0.994938 71.9518 
0.994613 0.0198742 -0.101733 -5.13822 -0.0196494 0.999802 0.00321213 -0.762771 0.101777 -0.00119583 0.994807 72.5899 
0.994571 0.0167496 -0.102705 -5.20277 -0.0168399 0.999858 -1.2018e-05 -0.77555 0.10269 0.0017415 0.994712 73.2053 
0.994682 0.00864806 -0.102627 -5.25673 -0.00922691 0.999944 -0.00516697 -0.788624 0.102577 0.00608643 0.994706 73.803 
0.994815 0.0046044 -0.101601 -5.31137 -0.00564465 0.999935 -0.00995352 -0.800088 0.101548 0.0104754 0.994775 74.3843 
0.995117 0.00710112 -0.0984458 -5.37151 -0.00813991 0.999915 -0.0101543 -0.811826 0.0983653 0.0109061 0.995091 74.9533 
0.99547 0.0120815 -0.0943029 -5.43348 -0.0128125 0.999892 -0.00714934 -0.824175 0.0942064 0.00832521 0.995518 75.5096 
0.995916 0.0105033 -0.0896675 -5.47998 -0.0109139 0.999932 -0.00409043 -0.835245 0.0896184 0.00505235 0.995963 76.0537 
0.996443 0.0068114 -0.0839975 -5.51555 -0.00682276 0.999977 0.000151848 -0.847029 0.0839965 0.000421787 0.996466 76.5865 
0.997116 0.00241471 -0.0758494 -5.54483 -0.00214264 0.999991 0.00366813 -0.860859 0.0758575 -0.00349504 0.997113 77.1075 
0.997862 0.00606798 -0.0650721 -5.57844 -0.00585124 0.999977 0.00352076 -0.869304 0.065092 -0.00313248 0.997874 77.6125 
0.99869 0.0112967 -0.0499005 -5.60751 -0.0111601 0.999933 0.00301514 -0.876484 0.0499313 -0.0024543 0.99875 78.105 
0.999358 0.0163598 -0.0318625 -5.62188 -0.0162543 0.999862 0.00356703 -0.881956 0.0319165 -0.00304684 0.999486 78.5872 
0.999843 0.0147561 -0.00984968 -5.61298 -0.0147167 0.999883 0.00405964 -0.886939 0.00990844 -0.00391405 0.999943 79.0574 
0.999803 0.0112805 0.0163176 -5.58601 -0.0113635 0.999923 0.00500162 -0.894229 -0.0162599 -0.00518606 0.999854 79.5146 
0.998898 0.0102033 0.0458168 -5.54637 -0.010515 0.999923 0.00656924 -0.901404 -0.0457462 -0.00704376 0.998928 79.9635 
0.996837 0.00980839 0.0788595 -5.49201 -0.0104734 0.999913 0.00802373 -0.907961 -0.078774 -0.00882428 0.996853 80.4051 
0.993159 0.0097859 0.116362 -5.41975 -0.0108532 0.999905 0.00854259 -0.913605 -0.116267 -0.00974705 0.99317 80.8381 
0.987378 0.0100399 0.158066 -5.32902 -0.011521 0.999898 0.00845629 -0.917404 -0.157965 -0.0101706 0.987392 81.2633 
0.979072 0.00979406 0.203277 -5.21846 -0.011751 0.999895 0.00842208 -0.923418 -0.203173 -0.0106345 0.979085 81.6762 
0.967554 0.0119862 0.252381 -5.08934 -0.0140497 0.999881 0.00637558 -0.932718 -0.252275 -0.0097146 0.967607 82.0751 
0.952064 0.0129673 0.305623 -4.9381 -0.0147321 0.999885 0.00346877 -0.941385 -0.305543 -0.00780497 0.952146 82.4572 
0.932268 0.0133066 0.361523 -4.76334 -0.014748 0.99989 0.00122811 -0.948009 -0.361467 -0.00647667 0.932363 82.8235 
0.907945 0.0140934 0.418851 -4.56669 -0.0151293 0.999885 -0.000848066 -0.952436 -0.418815 -0.00556692 0.908054 83.1735 
0.878872 0.0143402 0.476843 -4.34769 -0.0146541 0.999888 -0.00306085 -0.956782 -0.476833 -0.0042976 0.878983 83.504 
0.845359 0.0128471 0.534043 -4.10675 -0.0118715 0.999916 -0.00526237 -0.965286 -0.534066 -0.00189129 0.845441 83.8124 
0.808423 0.0124928 0.58847 -3.84628 -0.010762 0.999921 -0.00644315 -0.977023 -0.588504 -0.00112432 0.808494 84.104 
0.768361 0.0112125 0.639919 -3.56787 -0.00998224 0.999935 -0.00553478 -0.987653 -0.639939 -0.00213511 0.768423 84.3802 
0.725343 0.0108886 0.688302 -3.27364 -0.0115959 0.999926 -0.00359844 -0.99543 -0.68829 -0.00537135 0.725416 84.6406 
0.679905 0.00988122 0.733234 -2.96303 -0.0108658 0.999935 -0.0033998 -1.00285 -0.73322 -0.00565566 0.679968 84.8772 
0.633137 0.00859237 0.773992 -2.63792 -0.00771885 0.999959 -0.00478678 -1.01166 -0.774001 -0.00294364 0.633177 85.0893 
0.586146 0.00599924 0.810183 -2.2989 -0.0022836 0.999981 -0.00575253 -1.02129 -0.810202 0.00152169 0.586149 85.2775 
0.539215 0.00806861 0.842129 -1.95586 -0.00430917 0.999967 -0.00682173 -1.03209 -0.842157 4.94988e-05 0.539232 85.4558 
0.491657 0.0109373 0.87072 -1.6068 -0.00824941 0.999935 -0.00790231 -1.04267 -0.87075 -0.00329771 0.491715 85.6218 
0.446016 0.0130634 0.894929 -1.2496 -0.00900745 0.999908 -0.0101066 -1.05244 -0.89498 -0.00355332 0.446093 85.7657 
0.403688 0.0104919 0.914837 -0.880504 -0.0016549 0.999941 -0.0107377 -1.05876 -0.914895 0.00282071 0.403681 85.8817 
0.364217 0.00296617 0.931309 -0.498654 0.013509 0.999873 -0.00846766 -1.06224 -0.931216 0.0156652 0.364131 85.9746 
0.328918 -0.00064833 0.944358 -0.115374 0.0177987 0.999826 -0.00551284 -1.06532 -0.944191 0.0186217 0.328872 86.0692 
0.295762 0.00346568 0.955255 0.266682 0.0152741 0.999848 -0.00835655 -1.07275 -0.95514 0.0170622 0.295664 86.1695 
0.264598 0.011127 0.964295 0.649746 0.00446629 0.999909 -0.0127635 -1.08774 -0.964349 0.00768401 0.264524 86.2743 
0.236193 0.0154442 0.971584 1.0449 -0.000210503 0.999874 -0.0158427 -1.10576 -0.971706 0.00353741 0.236166 86.363 
0.210548 0.0171181 0.977434 1.45194 0.00112456 0.999842 -0.0177528 -1.12143 -0.977583 0.00483699 0.210495 86.4314 
0.18722 0.0184769 0.982144 1.87006 0.00861783 0.999754 -0.020451 -1.13234 -0.98228 0.0122928 0.187015 86.4843 
0.167194 0.0248044 0.985612 2.29575 0.0157623 0.999488 -0.0278274 -1.13229 -0.985798 0.0201881 0.166717 86.5293 
0.14753 0.0316041 0.988553 2.73074 0.0179832 0.999238 -0.0346295 -1.13289 -0.988894 0.0228862 0.146849 86.5796 
0.129895 0.0324017 0.990998 3.18241 0.0155463 0.999276 -0.0347101 -1.14729 -0.991406 0.019915 0.129297 86.6349 
0.114417 0.0279622 0.993039 3.65098 0.0136642 0.999465 -0.0297175 -1.17131 -0.993339 0.0169693 0.113974 86.6839 
0.0999115 0.0247127 0.994689 4.13054 0.0140281 0.999557 -0.0262427 -1.19259 -0.994897 0.0165756 0.0995205 86.7245 
0.0866746 0.0222564 0.995988 4.62435 0.0164203 0.999583 -0.0237657 -1.20997 -0.996101 0.0184143 0.086273 86.7574 
0.075132 0.0214515 0.996943 5.13177 0.0202798 0.999529 -0.0230355 -1.22505 -0.996967 0.0219485 0.0746616 86.7843 
0.0650184 0.0221125 0.997639 5.65239 0.0234945 0.999443 -0.0236837 -1.24007 -0.997607 0.0249789 0.0644627 86.8086 
0.0571762 0.0226563 0.998107 6.189 0.0255549 0.999382 -0.0241491 -1.25578 -0.998037 0.0268873 0.0565618 86.8332 
0.0516183 0.0230194 0.998402 6.74355 0.027311 0.999328 -0.0244528 -1.27201 -0.998293 0.0285296 0.0509549 86.8569 
0.0460878 0.0241269 0.998646 7.31428 0.0285581 0.999268 -0.0254599 -1.28854 -0.998529 0.0296928 0.0453651 86.8793 
0.0401269 0.0248376 0.998886 7.90365 0.0290772 0.999239 -0.0260144 -1.30568 -0.998771 0.0300887 0.0393741 86.9005 
0.0358246 0.0248915 0.999048 8.50992 0.0315265 0.999164 -0.0260249 -1.32422 -0.998861 0.0324288 0.0350099 86.9176 
0.0329395 0.0248797 0.999148 9.13454 0.033051 0.999116 -0.0259685 -1.34323 -0.998911 0.0338783 0.0320881 86.9343 
0.0298774 0.0244218 0.999255 9.77604 0.033888 0.999102 -0.0254313 -1.36292 -0.998979 0.0346226 0.029023 86.9524 
0.0274754 0.0238832 0.999337 10.4348 0.035935 0.999045 -0.0248642 -1.38267 -0.998976 0.0365944 0.0265909 86.9683 
0.0268305 0.0235424 0.999363 11.1091 0.0404024 0.99888 -0.0246157 -1.40307 -0.998823 0.0410371 0.0258493 86.9806 
0.0279059 0.023188 0.999342 11.7993 0.0439307 0.998737 -0.0244007 -1.42419 -0.998645 0.0445827 0.026852 86.9949 
0.030377 0.023124 0.999271 12.5049 0.045703 0.998655 -0.024499 -1.445 -0.998493 0.0464139 0.0292793 87.0155 
0.0342439 0.0230541 0.999148 13.2257 0.0481901 0.998533 -0.0246916 -1.46682 -0.998251 0.0489945 0.0330827 87.0395 
0.0385972 0.0226012 0.998999 13.9634 0.0485848 0.998519 -0.0244675 -1.48766 -0.998073 0.0494806 0.037442 87.0678 
0.0426359 0.0209869 0.99887 14.7169 0.0500535 0.998479 -0.0231152 -1.50887 -0.997836 0.0509825 0.0415206 87.1003 
0.04663 0.0194407 0.998723 15.4855 0.0499431 0.998515 -0.0217685 -1.53044 -0.997663 0.0508943 0.0455898 87.1393 
0.0507396 0.017344 0.998561 16.2684 0.046838 0.998708 -0.0197265 -1.55307 -0.997613 0.0477715 0.0498617 87.1857 
0.0547701 0.0162953 0.998366 17.0625 0.0460438 0.998762 -0.0188277 -1.57418 -0.997437 0.0469997 0.053952 87.2359 
0.0588065 0.017264 0.99812 17.8607 0.0432621 0.998867 -0.0198258 -1.59744 -0.997332 0.0443466 0.057993 87.2902 
0.0619544 0.0213558 0.99785 18.6612 0.0411837 0.998865 -0.0239345 -1.62441 -0.997229 0.042578 0.0610046 87.3463 
0.0632263 0.0266201 0.997644 19.464 0.0353703 0.998956 -0.0288967 -1.65186 -0.997372 0.037114 0.0622187 87.408 
0.0630521 0.0296932 0.997568 20.2728 0.0324844 0.998967 -0.0317881 -1.68325 -0.997481 0.0344097 0.0620224 87.4666 
0.0631561 0.0291462 0.997578 21.0813 0.0301732 0.999061 -0.0310998 -1.71771 -0.997547 0.0320643 0.0622173 87.5235 
0.0631227 0.0273086 0.997632 21.8936 0.0273447 0.999203 -0.0290818 -1.75453 -0.997631 0.0291157 0.0623257 87.5821 
0.0629564 0.0261435 0.997674 22.7031 0.0283582 0.999206 -0.0279731 -1.78684 -0.997613 0.0300533 0.0621651 87.636 
0.0634165 0.0254727 0.997662 23.5124 0.0258256 0.999298 -0.0271561 -1.82104 -0.997653 0.0274874 0.0627141 87.6928 
0.0635418 0.0257975 0.997646 24.3188 0.0242255 0.999331 -0.0273841 -1.85538 -0.997685 0.0259085 0.0628743 87.7503 
0.06365 0.0263616 0.997624 25.1239 0.0213306 0.999387 -0.0277691 -1.88936 -0.997744 0.0230474 0.0630486 87.8085 
0.0624573 0.0276993 0.997663 25.9259 0.0185535 0.99941 -0.0289093 -1.923 -0.997875 0.0203158 0.0619065 87.8656 
0.0596223 0.0272812 0.997848 26.7287 0.0155765 0.999479 -0.0282565 -1.95611 -0.998099 0.0172277 0.0591663 87.9214 
0.0557141 0.0259827 0.998109 27.5314 0.0131244 0.999556 -0.026753 -1.98882 -0.998361 0.0145901 0.0553483 87.9733 
0.0508595 0.0235807 0.998427 28.3349 0.0111706 0.999645 -0.0241785 -2.02074 -0.998643 0.0123828 0.0505781 88.02 
0.0445893 0.0215254 0.998773 29.1354 0.00900643 0.999719 -0.0219479 -2.0523 -0.998965 0.00997403 0.0443829 88.0611 
0.037211 0.0217239 0.999071 29.93 0.00856847 0.99972 -0.0220571 -2.08342 -0.999271 0.00938128 0.0370144 88.0933 
0.0285132 0.0227031 0.999336 30.7212 0.00833225 0.999702 -0.0229492 -2.11236 -0.999559 0.00898107 0.0283155 88.1172 
0.0185759 0.0231005 0.999561 31.5112 0.00870079 0.999691 -0.0232652 -2.14032 -0.99979 0.00912914 0.0183691 88.1329 
0.00833831 0.0220808 0.999721 32.2996 0.00984471 0.999706 -0.0221626 -2.16965 -0.999917 0.0100268 0.00811847 88.1392 
-0.00244597 0.0210858 0.999775 33.0854 0.00876158 0.99974 -0.0210636 -2.19941 -0.999959 0.00870808 -0.00263008 88.1394 
-0.0135345 0.0202805 0.999703 33.867 0.0101234 0.999746 -0.0201444 -2.22683 -0.999857 0.00984777 -0.0137364 88.1271 
-0.0245638 0.0206192 0.999486 34.6437 0.0103062 0.999739 -0.0203711 -2.25527 -0.999645 0.00980049 -0.0247699 88.1086 
-0.0355954 0.0211895 0.999142 35.4163 0.0105908 0.999727 -0.0208246 -2.28437 -0.99931 0.00984048 -0.0358101 88.0814 
-0.04623 0.0222442 0.998683 36.1823 0.0101567 0.999711 -0.0217969 -2.31245 -0.998879 0.00913561 -0.0464425 88.0474 
-0.0565471 0.023282 0.998128 36.942 0.0111258 0.999681 -0.0226879 -2.33965 -0.998338 0.00982206 -0.0567881 88.0043 
-0.0659785 0.0239956 0.997532 37.6953 0.0119223 0.999658 -0.0232582 -2.36731 -0.99775 0.0103583 -0.0662421 87.9526 
-0.0755789 0.0244562 0.99684 38.4398 0.0126107 0.999643 -0.0235689 -2.39703 -0.99706 0.0107895 -0.0758603 87.8945 
-0.0849023 0.0247461 0.996082 39.177 0.0133653 0.99963 -0.023695 -2.42646 -0.9963 0.0113012 -0.0852017 87.8309 
-0.0934529 0.0242698 0.995328 39.9065 0.01449 0.99963 -0.0230142 -2.45449 -0.995518 0.0122716 -0.09377 87.7599 
-0.100717 0.0231178 0.994647 40.6292 0.0162514 0.999635 -0.0215881 -2.48273 -0.994782 0.0139902 -0.101056 87.6836 
-0.105892 0.021457 0.994146 41.3432 0.019059 0.999627 -0.0195452 -2.50976 -0.994195 0.0168778 -0.106262 87.6034 
-0.109668 0.0198605 0.99377 42.0458 0.0220378 0.999603 -0.0175451 -2.53523 -0.993724 0.0199764 -0.110063 87.5217 
-0.112458 0.0187389 0.99348 42.7405 0.0235822 0.999591 -0.0161848 -2.55916 -0.993377 0.0216083 -0.112854 87.4437 
-0.114146 0.017819 0.993304 43.4173 0.0238411 0.9996 -0.0151922 -2.58298 -0.993178 0.0219473 -0.114526 87.3653 
-0.114936 0.0182215 0.993206 44.08 0.0246237 0.999577 -0.0154889 -2.60626 -0.993068 0.0226762 -0.115336 87.2893 
-0.11394 0.0192421 0.993301 44.7276 0.0254514 0.999541 -0.0164435 -2.62916 -0.993162 0.0234073 -0.114377 87.2134 
-0.110987 0.0208348 0.993603 45.358 0.0264041 0.999489 -0.0180089 -2.65213 -0.993471 0.0242364 -0.111481 87.1439 
-0.105787 0.0213408 0.99416 45.9742 0.0264753 0.999476 -0.0186377 -2.67398 -0.994036 0.024349 -0.106296 87.0815 
-0.0977483 0.0220586 0.994967 46.5715 0.0260161 0.999469 -0.0196025 -2.69661 -0.994871 0.0239691 -0.0982703 87.0284 
-0.0865778 0.0219757 0.996003 47.1488 0.0249561 0.999491 -0.0198834 -2.72012 -0.995932 0.0231349 -0.0870822 86.9861 
-0.072836 0.0222542 0.997096 47.7067 0.0242023 0.999496 -0.0205398 -2.74344 -0.99705 0.022636 -0.0733379 86.9553 
-0.0555889 0.0235928 0.998175 48.2485 0.0233524 0.999478 -0.0223231 -2.76589 -0.998181 0.0220688 -0.0561108 86.9372 
-0.0342648 0.0261072 0.999072 48.7788 0.0217562 0.999441 -0.0253707 -2.78891 -0.999176 0.0208667 -0.0348137 86.9326 
-0.0096226 0.0290911 0.99953 49.3058 0.0198012 0.999386 -0.0288963 -2.81287 -0.999758 0.0195139 -0.0101927 86.9447 
0.0187156 0.0308273 0.999349 49.8302 0.0179642 0.999353 -0.0311638 -2.83632 -0.999663 0.0185358 0.0181497 86.9736 
0.0519184 0.0303486 0.99819 50.3552 0.0158437 0.999387 -0.0312091 -2.85806 -0.998526 0.0174354 0.0514058 87.0209 
0.0900602 0.0279542 0.995544 50.8755 0.0147604 0.999459 -0.0293994 -2.87959 -0.995827 0.0173423 0.0895988 87.0879 
0.132199 0.024129 0.990929 51.3904 0.0124439 0.999584 -0.0259998 -2.90427 -0.991145 0.0157682 0.131844 87.1796 
0.177376 0.0197678 0.983945 51.8986 0.00984978 0.999713 -0.0218602 -2.92754 -0.984094 0.0135691 0.17713 87.2984 
0.225673 0.0165225 0.974063 52.395 0.00536887 0.99982 -0.0182033 -2.94789 -0.974188 0.0093376 0.225543 87.4453 
0.277018 0.0150306 0.960747 52.8782 0.00172367 0.999868 -0.0161397 -2.96629 -0.960863 0.006127 0.276956 87.62 
0.33164 0.0147537 0.943291 53.3473 0.000968433 0.999872 -0.0159792 -2.98273 -0.943406 0.00621284 0.331583 87.8196 
0.389537 0.0152944 0.920884 53.7961 0.00317565 0.999834 -0.017949 -2.99914 -0.921005 0.0099162 0.389424 88.0434 
0.449221 0.0185429 0.893228 54.2216 0.00409687 0.999731 -0.0228143 -3.01811 -0.893411 0.0139081 0.449024 88.2949 
0.50883 0.0216122 0.860596 54.6216 0.00552383 0.999582 -0.0283685 -3.03738 -0.860849 0.0191885 0.508498 88.5693 
0.567009 0.0256971 0.823311 54.9983 0.00163147 0.999476 -0.0323191 -3.05356 -0.82371 0.0196685 0.56667 88.8757 
0.622819 0.028179 0.781859 55.3481 -0.00172349 0.999398 -0.0346465 -3.07059 -0.782364 0.0202309 0.622492 89.2075 
0.675626 0.0287722 0.736683 55.6753 -0.00304414 0.999339 -0.0362388 -3.08875 -0.737238 0.0222413 0.675267 89.5596 
0.724649 0.0264133 0.688612 55.9771 -0.00299135 0.999376 -0.0351855 -3.10978 -0.689112 0.0234372 0.724276 89.931 
0.76981 0.0229371 0.637861 56.2552 -0.00505989 0.999542 -0.0298363 -3.12756 -0.638253 0.0197408 0.769574 90.3287 
0.811056 0.0177602 0.584699 56.5063 -0.00546254 0.999725 -0.0227894 -3.14307 -0.584943 0.0152895 0.81093 90.7468 
0.847588 0.0149753 0.530444 56.729 -0.0074356 0.999839 -0.0163458 -3.15723 -0.530603 0.00991033 0.847563 91.1793 
0.8788 0.0112639 0.477056 56.93 -0.00792234 0.999928 -0.00901549 -3.16936 -0.477124 0.00414342 0.878826 91.6247 
0.904424 0.0117394 0.426473 57.0998 -0.0112976 0.99993 -0.00356604 -3.18175 -0.426485 -0.00159289 0.904493 92.0776 
0.924589 0.0135339 0.380725 57.2479 -0.014619 0.999893 -4.15989e-05 -3.19361 -0.380684 -0.00552736 0.924688 92.538 
0.939866 0.0193727 0.340994 57.3752 -0.0215625 0.999764 0.00263272 -3.20116 -0.340863 -0.0098271 0.940062 93.0106 
0.951751 0.023592 0.305963 57.492 -0.0252801 0.999679 0.00155547 -3.2023 -0.305829 -0.00921522 0.952042 93.489 
0.961042 0.0254701 0.275226 57.6074 -0.0269683 0.999635 0.00166003 -3.20311 -0.275083 -0.00901774 0.961378 93.9762 
0.967195 0.0199565 0.253249 57.7291 -0.0210707 0.999777 0.0016878 -3.20679 -0.253158 -0.00696856 0.9674 94.4681 
0.971187 0.0169179 0.237718 57.842 -0.0180021 0.999835 0.00239061 -3.21496 -0.237639 -0.00660115 0.971331 94.9671 
0.974103 0.0211348 0.225115 57.9417 -0.022164 0.999752 0.00204525 -3.21855 -0.225016 -0.00698172 0.97433 95.4755 
0.976125 0.0266966 0.215564 58.036 -0.0278904 0.999608 0.00249755 -3.21751 -0.215412 -0.00845007 0.976487 95.9923 
0.977174 0.034349 0.209647 58.131 -0.035365 0.999374 0.00109819 -3.21795 -0.209478 -0.00848727 0.977777 96.522 
0.977575 0.0401889 0.206717 58.2288 -0.0405555 0.999174 -0.00246574 -3.2239 -0.206645 -0.00597306 0.978398 97.0526 
0.977692 0.0415008 0.205904 58.3382 -0.0413784 0.999132 -0.00490245 -3.23542 -0.205929 -0.00372692 0.97856 97.5923 
0.977235 0.0400782 0.208341 58.4569 -0.0391709 0.999197 -0.00848027 -3.24504 -0.208514 0.000126311 0.978019 98.1418 
0.976425 0.0387697 0.212348 58.5792 -0.0364314 0.999225 -0.0149145 -3.25106 -0.212762 0.00682673 0.97708 98.6977 
0.975514 0.0389756 0.216457 58.7085 -0.0355413 0.999173 -0.0197375 -3.25836 -0.217047 0.011561 0.976093 99.272 
0.97433 0.0438884 0.220805 58.8315 -0.0406452 0.998989 -0.0192127 -3.27047 -0.221425 0.0097448 0.975129 99.8519 
0.972887 0.046936 0.226467 58.9624 -0.044645 0.998887 -0.0152306 -3.2832 -0.22693 0.00470705 0.9739 100.454 
0.971877 0.0440199 0.231337 59.1049 -0.0427277 0.999031 -0.0105956 -3.29682 -0.231579 0.000413118 0.972816 101.06 
0.971147 0.0396648 0.235158 59.2612 -0.0395937 0.999203 -0.00502587 -3.30886 -0.23517 -0.00442993 0.971944 101.685 
0.970353 0.0371182 0.238827 59.4166 -0.0381309 0.999273 -0.000379885 -3.31893 -0.238667 -0.00873806 0.971062 102.315 
0.969783 0.0325897 0.241782 59.577 -0.0336482 0.999434 0.000248944 -3.32524 -0.241637 -0.00837695 0.97033 102.951 
0.969817 0.0291807 0.242083 59.7422 -0.0293685 0.999565 -0.00283358 -3.33414 -0.24206 -0.00436155 0.970251 103.594 
0.969939 0.0285802 0.241665 59.9047 -0.0270013 0.999587 -0.00984338 -3.34396 -0.241846 0.00302222 0.97031 104.246 
0.970068 0.0309599 0.240852 60.0641 -0.0278065 0.999477 -0.0164811 -3.35388 -0.241236 0.00929058 0.970422 104.911 
0.970618 0.0339875 0.238213 60.2242 -0.0300174 0.999344 -0.020275 -3.36248 -0.238745 0.0125287 0.971001 105.593 
0.971258 0.0323077 0.235826 60.3914 -0.0293605 0.999441 -0.015999 -3.37449 -0.236211 0.00861522 0.971664 106.294 
0.971712 0.0281909 0.234481 60.5636 -0.0269934 0.999601 -0.00831555 -3.38947 -0.234621 0.00175089 0.972085 107.009 
0.972284 0.0285457 0.232052 60.7315 -0.0287624 0.999583 -0.00245007 -3.40585 -0.232026 -0.00429222 0.9727 107.733 
0.972592 0.0319387 0.230315 60.8936 -0.032076 0.99948 -0.00314859 -3.41774 -0.230296 -0.0043253 0.973111 108.464 
0.972884 0.0376318 0.22821 61.0525 -0.0368276 0.999291 -0.00778286 -3.42717 -0.228341 -0.000832624 0.973581 109.203 
0.973764 0.0385026 0.224279 61.2191 -0.0364839 0.999248 -0.0131396 -3.43655 -0.224617 0.00461226 0.974436 109.95 
0.974714 0.0372897 0.220323 61.3886 -0.0346083 0.999273 -0.0160193 -3.44929 -0.22076 0.00798921 0.975295 110.711 
0.97565 0.0350128 0.216519 61.5588 -0.0326485 0.999362 -0.0144882 -3.46507 -0.216888 0.0070664 0.976171 111.487 
0.976517 0.0311237 0.213179 61.7311 -0.029148 0.999498 -0.0124053 -3.48296 -0.213458 0.00590026 0.976935 112.273 
0.976922 0.0301314 0.211459 61.9 -0.0287535 0.999541 -0.00958891 -3.50036 -0.211651 0.00328745 0.97734 113.07 
0.977284 0.0268337 0.210226 62.0734 -0.0258792 0.999638 -0.00729066 -3.51345 -0.210346 0.00168456 0.977626 113.874 
0.977509 0.0217354 0.209771 62.2502 -0.0209183 0.999762 -0.00611349 -3.52627 -0.209854 0.00158794 0.977731 114.683 
0.977627 0.0224817 0.209139 62.4212 -0.0220337 0.999747 -0.00447227 -3.5397 -0.209187 -0.000235886 0.977876 115.5 
0.977379 0.0279597 0.20964 62.5852 -0.0272228 0.999609 -0.00640062 -3.5535 -0.209737 0.000548862 0.977758 116.321 
0.977101 0.033581 0.210109 62.7503 -0.0322653 0.999432 -0.00968734 -3.56762 -0.210315 0.00268626 0.97763 117.145 
0.976587 0.042438 0.210896 62.916 -0.0409785 0.999096 -0.0112882 -3.58136 -0.211184 0.00238169 0.977443 117.977 
0.975657 0.0483784 0.213898 63.0834 -0.0471786 0.998829 -0.0107136 -3.59809 -0.214166 0.000361383 0.976797 118.817 
0.974873 0.0508166 0.216889 63.2588 -0.0501285 0.998705 -0.00867694 -3.61743 -0.21705 -0.00241342 0.976158 119.661 
0.974275 0.0514177 0.21942 63.4422 -0.0505554 0.998676 -0.00954661 -3.63494 -0.219621 -0.00179186 0.975584 120.504 
0.973919 0.0499979 0.221321 63.6292 -0.0484736 0.998749 -0.0123169 -3.65205 -0.22166 0.00126743 0.975123 121.346 
0.973957 0.0436672 0.222488 63.8278 -0.0423086 0.999045 -0.0108715 -3.67131 -0.22275 0.00117526 0.974875 122.189 
0.97416 0.0370344 0.222801 64.0277 -0.0351668 0.999305 -0.0123456 -3.69369 -0.223104 0.00419134 0.974786 123.032 
0.973873 0.0364297 0.22415 64.2197 -0.0345581 0.999327 -0.0122684 -3.71664 -0.224447 0.00420166 0.974477 123.876 
0.973383 0.0390938 0.225827 64.4085 -0.0379496 0.999235 -0.00940735 -3.73456 -0.226022 0.000586917 0.974122 124.722 
0.972996 0.0412332 0.22711 64.5948 -0.0414688 0.999133 -0.00373583 -3.74937 -0.227067 -0.00578304 0.973862 125.57 
0.972594 0.0447078 0.228171 64.7822 -0.0460346 0.99894 0.000493181 -3.7679 -0.227907 -0.0109834 0.973621 126.413 
0.972372 0.0440745 0.22924 64.9718 -0.0438721 0.999019 -0.0059819 -3.78604 -0.229279 -0.00424059 0.973352 127.242 
0.972642 0.0399047 0.228858 65.1681 -0.0362196 0.999138 -0.0202813 -3.80744 -0.22947 0.0114373 0.973249 128.057 
0.972906 0.037781 0.228094 65.3654 -0.0319449 0.999062 -0.0292254 -3.82964 -0.228984 0.0211472 0.9732 128.876 
0.973147 0.0349159 0.227521 65.5593 -0.0311293 0.999311 -0.020211 -3.84857 -0.22807 0.0125857 0.973563 129.714 
0.973549 0.0284329 0.226703 65.7546 -0.0293387 0.999569 0.000626332 -3.87099 -0.226588 -0.00726094 0.973964 130.563 
0.973825 0.0250042 0.22592 65.9472 -0.0293254 0.999445 0.0157909 -3.8925 -0.2254 -0.0220027 0.974018 131.403 
0.97385 0.0296233 0.225251 66.1242 -0.0327433 0.999412 0.0101272 -3.90257 -0.224818 -0.0172378 0.974248 132.22 
0.973989 0.0379998 0.223387 66.2946 -0.0376281 0.999274 -0.00592195 -3.90855 -0.22345 -0.00263772 0.974712 133.026 
0.974269 0.0381982 0.222127 66.4736 -0.0360401 0.999256 -0.0137624 -3.91667 -0.222488 0.0054028 0.974921 133.836 
0.974878 0.0341467 0.220106 66.6574 -0.0317438 0.999392 -0.0144459 -3.93922 -0.220465 0.00709597 0.975369 134.651 
0.975485 0.0338731 0.217444 66.8342 -0.0318602 0.999411 -0.0127571 -3.96663 -0.217749 0.00551657 0.975989 135.47 
0.976305 0.0334723 0.213794 67.0051 -0.0311838 0.999415 -0.0140684 -3.9839 -0.21414 0.00706816 0.976778 136.285 
0.977311 0.0345756 0.208968 67.1734 -0.0319995 0.999365 -0.0156971 -4.00413 -0.209378 0.00865402 0.977796 137.096 
0.977722 0.039675 0.206118 67.3287 -0.0372428 0.999183 -0.0156683 -4.02938 -0.206571 0.00764288 0.978402 137.907 
0.977874 0.0457785 0.204123 67.4792 -0.0434262 0.998929 -0.0159912 -4.04887 -0.204636 0.00677311 0.978815 138.718 
0.978172 0.0471798 0.202371 67.6357 -0.0452717 0.998876 -0.0140499 -4.0718 -0.202807 0.00458153 0.979208 139.527 
0.978493 0.0450636 0.201298 67.7962 -0.044127 0.998984 -0.00914026 -4.09369 -0.201505 6.10094e-05 0.979487 140.336 
0.978843 0.0436691 0.1999 67.9549 -0.0427089 0.999046 -0.00911495 -4.11436 -0.200107 0.000384579 0.979774 141.139 
0.979442 0.0420548 0.197295 68.1124 -0.0404726 0.999108 -0.0120465 -4.13605 -0.197626 0.00381379 0.98027 141.936 
0.980598 0.0373368 0.192441 68.2708 -0.0349467 0.999264 -0.0158005 -4.15686 -0.192889 0.00876879 0.981181 142.73 
0.981947 0.0345789 0.185967 68.4224 -0.0320143 0.999347 -0.0167767 -4.17583 -0.186426 0.0105203 0.982413 143.527 
0.983179 0.0328296 0.179671 68.5643 -0.0312941 0.999445 -0.0113747 -4.19517 -0.179945 0.00556074 0.983661 144.33 
0.984316 0.0302013 0.173807 68.7006 -0.0301488 0.999541 -0.00294305 -4.21279 -0.173816 -0.00234318 0.984775 145.137 
0.985042 0.0271938 0.170153 68.838 -0.0287083 0.999567 0.00644665 -4.22399 -0.169904 -0.011235 0.985397 145.944 
0.985507 0.0338793 0.166216 68.9567 -0.0358934 0.999314 0.0091279 -4.23314 -0.165793 -0.0149617 0.986047 146.746 
0.986192 0.0367345 0.16148 69.0742 -0.0379724 0.999268 0.00458561 -4.24218 -0.161194 -0.0106541 0.986865 147.543 
0.987357 0.0373663 0.154048 69.1941 -0.0369472 0.999302 -0.00558392 -4.25106 -0.154149 -0.000178317 0.988048 148.335 
0.988457 0.0341948 0.147593 69.3124 -0.0329215 0.999397 -0.0110624 -4.25707 -0.147882 0.00607573 0.988986 149.135 
0.989444 0.0333517 0.141025 69.4224 -0.0322694 0.99943 -0.0099551 -4.27022 -0.141276 0.00529922 0.989956 149.947 
0.990242 0.0399858 0.133501 69.5156 -0.0394783 0.9992 -0.00644725 -4.2889 -0.133652 0.00111394 0.991028 150.767 
0.991049 0.045456 0.125521 69.5991 -0.0448281 0.998964 -0.00782342 -4.30576 -0.125747 0.00212651 0.99206 151.585 
0.992156 0.0481287 0.115367 69.6837 -0.0468774 0.998809 -0.0135365 -4.32139 -0.115881 0.00802227 0.993231 152.4 
0.993169 0.046756 0.10691 69.7667 -0.04532 0.998847 -0.0158231 -4.33717 -0.107527 0.0108699 0.994143 153.221 
0.993999 0.0467741 0.0988896 69.8415 -0.0457192 0.998871 -0.0129077 -4.35397 -0.0993817 0.00830906 0.995015 154.05 
0.994595 0.049399 0.0913215 69.9037 -0.049085 0.998778 -0.00568269 -4.37259 -0.0914906 0.00116946 0.995805 154.885 
0.995123 0.0528009 0.0833227 69.9575 -0.0529973 0.998595 0.00014602 -4.3855 -0.0831979 -0.00456119 0.996523 155.721 
0.995769 0.0517732 0.0759181 70.0124 -0.0521939 0.998631 0.00356741 -4.39538 -0.0756295 -0.00751479 0.997108 156.553 
0.996175 0.0525986 0.06978 70.0622 -0.0531277 0.998571 0.00574766 -4.40294 -0.069378 -0.00943292 0.997546 157.384 
0.996509 0.0516933 0.065563 70.11 -0.0520664 0.998636 0.00399359 -4.41205 -0.0652671 -0.00739327 0.99784 158.211 
0.996542 0.0565556 0.0608785 70.1469 -0.0565749 0.998397 -0.00140903 -4.42179 -0.0608607 -0.00204004 0.998144 159.034 
0.996406 0.0625734 0.0570852 70.1761 -0.0622152 0.99803 -0.00803245 -4.43341 -0.0574754 0.00445202 0.998337 159.857 
0.996493 0.0638467 0.0540926 70.209 -0.0633804 0.997936 -0.0102931 -4.44416 -0.0546381 0.00682858 0.998483 160.682 
0.996541 0.0654994 0.051143 70.2425 -0.06537 0.997852 -0.00420113 -4.45595 -0.0513083 0.000843384 0.998683 161.517 
0.996487 0.0675818 0.0494594 70.2693 -0.0679724 0.997668 0.00625694 -4.46413 -0.0489211 -0.00959683 0.998757 162.354 
0.99655 0.0688334 0.0463665 70.2965 -0.0695304 0.997487 0.0135887 -4.473 -0.0453146 -0.0167657 0.998832 163.188 
0.996996 0.0654983 0.0413488 70.3261 -0.0659841 0.997765 0.0104934 -4.48075 -0.0405691 -0.0131902 0.99909 164.007 
0.997952 0.0532817 0.0353865 70.3634 -0.0533375 0.998576 0.00063544 -4.48694 -0.0353023 -0.00252157 0.999373 164.82 
0.9983 0.0510143 0.0282033 70.3878 -0.0509232 0.998695 -0.00393804 -4.48782 -0.0283674 0.00249514 0.999594 165.636 
0.998263 0.0548579 0.0214675 70.3923 -0.0548162 0.998493 -0.00252825 -4.49579 -0.0215739 0.00134709 0.999766 166.462 
0.998507 0.0528029 0.0139647 70.3969 -0.0528619 0.998594 0.00389467 -4.50677 -0.0137394 -0.00462705 0.999895 167.295 
0.998854 0.0474306 0.00647689 70.4052 -0.0474789 0.998844 0.00751529 -4.51351 -0.00611295 -0.00781419 0.999951 168.13 
0.999251 0.0386885 0.000854022 70.4093 -0.0386958 0.999183 0.0116852 -4.51266 -0.000401242 -0.0117095 0.999931 168.966 
0.99939 0.0345094 -0.00540347 70.4056 -0.034444 0.999337 0.0117591 -4.51815 0.00580569 -0.0115658 0.999916 169.798 
0.999439 0.0313301 -0.0117952 70.3932 -0.0312725 0.999498 0.00503053 -4.52697 0.0119469 -0.00465884 0.999918 170.626 
0.999564 0.0222481 -0.0193893 70.3827 -0.0223494 0.999738 -0.00502349 -4.53231 0.0192724 0.00545464 0.999799 171.45 
0.999586 0.012078 -0.0261011 70.3743 -0.0123171 0.999883 -0.00901678 -4.53886 0.0259892 0.00933454 0.999619 172.283 
0.999347 0.0158376 -0.0324921 70.3407 -0.0158942 0.999873 -0.00148428 -4.54795 0.0324645 0.00199974 0.999471 173.129 
0.998953 0.026503 -0.0372994 70.2873 -0.0260785 0.99959 0.01182 -4.5538 0.0375974 -0.0108349 0.999234 173.982 
0.998628 0.031509 -0.0418206 70.2372 -0.0307108 0.999336 0.019593 -4.56076 0.0424102 -0.0182818 0.998933 174.831 
0.998483 0.0309448 -0.0455496 70.1911 -0.0302139 0.999405 0.0166487 -4.56116 0.0460377 -0.0152472 0.998823 175.67 
0.998331 0.0325367 -0.0477112 70.1416 -0.0322915 0.999461 0.00590058 -4.56059 0.0478775 -0.00435006 0.998844 176.501 
0.997779 0.0432038 -0.0507046 70.0781 -0.0434231 0.999052 -0.00323061 -4.56321 0.050517 0.00542518 0.998708 177.334 
0.997734 0.0415261 -0.0529372 70.027 -0.0419446 0.999097 -0.00682019 -4.57104 0.0526061 0.00902516 0.998575 178.175 
0.997814 0.0362229 -0.0552744 69.9868 -0.0363866 0.999336 -0.00195693 -4.58131 0.0551669 0.0039639 0.998469 179.028 
0.997821 0.0364957 -0.0549746 69.9351 -0.0361728 0.999322 0.00685872 -4.58919 0.0551876 -0.00485519 0.998464 179.887 
0.997777 0.0383307 -0.0545204 69.8781 -0.0377075 0.999212 0.012413 -4.59492 0.0549532 -0.0103296 0.998435 180.743 
0.997686 0.0382391 -0.056216 69.8244 -0.0376433 0.999224 0.0116199 -4.59971 0.0566167 -0.00947682 0.998351 181.592 
0.997674 0.0349462 -0.0585207 69.7722 -0.0348555 0.999389 0.00257093 -4.60625 0.0585748 -0.000525187 0.998283 182.433 
0.997846 0.024226 -0.0609656 69.7321 -0.0248184 0.999652 -0.00897815 -4.61678 0.0607268 0.0104719 0.998099 183.27 
0.997913 0.0138298 -0.0630721 69.6915 -0.0146805 0.999807 -0.0130446 -4.62848 0.0628795 0.0139433 0.997924 184.116 
0.997815 0.0165085 -0.0639809 69.6308 -0.0170823 0.999819 -0.00843035 -4.64236 0.0638302 0.00950487 0.997916 184.969 
0.997632 0.0225596 -0.0649753 69.5635 -0.0224533 0.999745 0.00236508 -4.65799 0.0650121 -0.000900572 0.997884 185.824 
0.997511 0.023631 -0.0664347 69.5015 -0.0232849 0.999711 0.00597864 -4.67394 0.0665568 -0.00441683 0.997773 186.671 
0.997471 0.0225943 -0.0673848 69.4433 -0.0224941 0.999744 0.00224631 -4.68401 0.0674183 -0.000724866 0.997725 187.507 
0.997478 0.0228112 -0.0672169 69.3811 -0.0231316 0.999724 -0.00399231 -4.69175 0.0671073 0.00553707 0.99773 188.339 
0.997273 0.029493 -0.0676508 69.3105 -0.0298572 0.999545 -0.00437881 -4.70193 0.0674908 0.00638673 0.997699 189.173 
0.997165 0.0322823 -0.067964 69.2447 -0.0324455 0.999473 -0.00129843 -4.71625 0.0678863 0.00349987 0.997687 190.008 
0.996982 0.0361188 -0.0687133 69.1778 -0.0360715 0.999347 0.0019295 -4.72946 0.0687382 0.000554917 0.997635 190.842 
0.996847 0.0396262 -0.0687496 69.1113 -0.0393954 0.999213 0.0047105 -4.73844 0.0688821 -0.00198722 0.997623 191.671 
