1 0 -0 0 -0 1 0 0 0 -0 1 -0 
0.999991 -0.00269703 -0.00331718 -0.00191549 0.0026899 0.999994 -0.00215241 -0.00467936 0.00332297 0.00214347 0.999992 0.671528 
0.999972 -0.00135236 -0.00737377 -0.0118832 0.00132488 0.999992 -0.00372916 -0.00741453 0.00737876 0.00371928 0.999966 1.36018 
0.999935 -0.00140246 -0.0112784 -0.0263246 0.0013436 0.999985 -0.00522471 -0.0107788 0.0112856 0.00520922 0.999923 2.06565 
0.999869 -0.000108814 -0.0162105 -0.0433022 1.5123e-05 0.999983 -0.00577964 -0.0178308 0.0162109 0.00577863 0.999852 2.78675 
0.999788 -0.00118449 -0.020567 -0.0618841 0.0010623 0.999982 -0.00595097 -0.0276071 0.0205737 0.00592785 0.999771 3.52471 
0.999685 0.000564658 -0.0250813 -0.087538 -0.000745902 0.999974 -0.00721747 -0.0363034 0.0250766 0.0072339 0.999659 4.27607 
0.999545 0.00321977 -0.0299872 -0.118371 -0.00345538 0.999964 -0.00780847 -0.0457219 0.029961 0.00790854 0.99952 5.04152 
0.999407 0.00356048 -0.0342486 -0.151284 -0.00377573 0.999974 -0.00622218 -0.0543601 0.0342255 0.0063478 0.999394 5.82256 
0.999248 0.00273607 -0.0386777 -0.185228 -0.00287621 0.999989 -0.00356814 -0.06312 0.0386675 0.0036767 0.999245 6.61533 
0.999107 0.0024025 -0.0421947 -0.222114 -0.00244123 0.999997 -0.000866379 -0.0733003 0.0421925 0.000968612 0.999109 7.41654 
0.998988 0.0038885 -0.0448059 -0.265664 -0.00395817 0.999991 -0.00146622 -0.083338 0.0447998 0.00164208 0.998995 8.22322 
0.99889 0.00336044 -0.0469845 -0.308457 -0.00344323 0.999993 -0.00168126 -0.0903214 0.0469785 0.00184117 0.998894 9.03774 
0.998809 0.00039095 -0.0487879 -0.348527 -0.000501496 0.999997 -0.00225365 -0.0973111 0.0487869 0.00227543 0.998807 9.86074 
0.998709 0.00028527 -0.0508052 -0.39309 -0.000357514 0.999999 -0.00141289 -0.106101 0.0508047 0.00142923 0.998708 10.6949 
0.998634 -0.00116193 -0.0522379 -0.438532 0.00107881 0.999998 -0.00161941 -0.116295 0.0522397 0.00156085 0.998633 11.5367 
0.998534 0.00116193 -0.0541222 -0.490368 -0.00137565 0.999991 -0.00391163 -0.126906 0.0541172 0.00398035 0.998527 12.3856 
0.99846 0.00159443 -0.0554523 -0.543637 -0.00195924 0.999977 -0.00652505 -0.137509 0.0554406 0.00662364 0.99844 13.2426 
0.998347 0.00551509 -0.057214 -0.601853 -0.0059923 0.999949 -0.00817272 -0.148525 0.0571659 0.00850205 0.998328 14.1077 
0.998281 0.00638114 -0.0582552 -0.659005 -0.0068463 0.999946 -0.00778864 -0.16212 0.0582024 0.00817409 0.998271 14.9834 
0.998207 0.00547712 -0.059608 -0.714981 -0.00586344 0.999963 -0.00630805 -0.176617 0.0595712 0.00664625 0.998202 15.8678 
0.998118 0.00612956 -0.0610177 -0.773621 -0.00643584 0.999968 -0.00482436 -0.189225 0.0609862 0.00520798 0.998125 16.757 
0.998059 0.00572894 -0.0620105 -0.832925 -0.00603501 0.999971 -0.00474966 -0.202969 0.0619814 0.00511468 0.998064 17.6495 
0.997955 0.00558821 -0.063676 -0.893226 -0.0059566 0.999967 -0.00559691 -0.215943 0.0636426 0.00596475 0.997955 18.5454 
0.997896 0.00417852 -0.0646929 -0.953756 -0.00459947 0.999969 -0.0063593 -0.228619 0.0646643 0.00664348 0.997885 19.4478 
0.997859 0.00432107 -0.0652657 -1.01651 -0.004635 0.999978 -0.00465946 -0.240927 0.0652442 0.00495199 0.997857 20.3564 
0.997856 0.00569154 -0.0651957 -1.08245 -0.00578422 0.999983 -0.00123299 -0.253766 0.0651876 0.00160746 0.997872 21.2744 
0.997905 0.00670416 -0.0643539 -1.14747 -0.00655687 0.999975 0.00249971 -0.264089 0.0643691 -0.00207251 0.997924 22.1966 
0.99801 0.00560461 -0.0628081 -1.20812 -0.00528036 0.999972 0.0053273 -0.270714 0.0628362 -0.00498505 0.998011 23.1252 
0.998105 0.00580918 -0.0612572 -1.26819 -0.00544523 0.999967 0.00610674 -0.276931 0.0612906 -0.00576161 0.998103 24.0548 
0.998187 0.00605874 -0.0598827 -1.32828 -0.00587266 0.999977 0.00328292 -0.283634 0.0599012 -0.0029253 0.9982 24.9887 
0.998234 0.00686316 -0.0590053 -1.38778 -0.00696743 0.999975 -0.00156154 -0.290073 0.0589931 0.0019699 0.998256 25.9246 
0.99831 0.00597505 -0.057811 -1.44504 -0.00624572 0.99997 -0.00450235 -0.298549 0.0577824 0.00485581 0.998317 26.8678 
0.998363 0.00341001 -0.057098 -1.49979 -0.0036142 0.999987 -0.00347327 -0.309642 0.0570854 0.00367394 0.998363 27.8197 
0.998354 0.00154934 -0.0573391 -1.55516 -0.00146619 0.999998 0.0014922 -0.3202 0.0573413 -0.00140567 0.998354 28.7787 
0.998305 -0.00222456 -0.0581547 -1.60951 0.00251797 0.999984 0.0049726 -0.331297 0.0581427 -0.00511061 0.998295 29.7415 
0.998198 -0.00967515 -0.059217 -1.65827 0.00995117 0.999941 0.00436808 -0.339784 0.0591712 -0.00494949 0.998236 30.701 
0.998088 -0.0118706 -0.0606644 -1.71422 0.0119211 0.999929 0.000470778 -0.345936 0.0606545 -0.00119306 0.998158 31.6622 
0.998004 -0.0116668 -0.0620668 -1.77775 0.0114766 0.999928 -0.00341982 -0.355839 0.0621023 0.00270068 0.998066 32.6268 
0.997882 -0.0103952 -0.0642144 -1.84285 0.0101489 0.99994 -0.00416104 -0.36704 0.0642538 0.00350052 0.997927 33.5989 
0.997828 -0.010437 -0.0650469 -1.90936 0.0102782 0.999943 -0.002776 -0.379448 0.0650721 0.00210141 0.997878 34.5782 
0.997779 -0.00735754 -0.0662048 -1.98163 0.00737834 0.999973 6.9625e-05 -0.393305 0.0662025 -0.000557952 0.997806 35.56 
0.99769 -0.00745607 -0.0675199 -2.0509 0.00756893 0.99997 0.00141579 -0.404539 0.0675074 -0.00192357 0.997717 36.5422 
0.997627 -0.00614481 -0.0685767 -2.11968 0.0064347 0.999971 0.00400713 -0.412899 0.0685501 -0.00443889 0.997638 37.5251 
0.997633 -0.00625449 -0.0684761 -2.18946 0.00675521 0.999952 0.00708314 -0.4218 0.0684285 -0.00752895 0.997628 38.5106 
0.997614 -0.000448455 -0.0690371 -2.26747 0.00109895 0.999955 0.00938468 -0.427128 0.0690298 -0.00943815 0.99757 39.4929 
0.997604 -0.000598929 -0.0691813 -2.34019 0.00121664 0.99996 0.00888708 -0.43418 0.0691732 -0.00894996 0.997565 40.4705 
0.99761 -0.000510055 -0.0690937 -2.41022 0.00100961 0.999974 0.00719539 -0.437754 0.0690882 -0.00724795 0.997584 41.4461 
0.997613 0.00172993 -0.069035 -2.48571 -0.00138763 0.999987 0.00500597 -0.444729 0.0690427 -0.00489822 0.997602 42.4186 
0.997543 0.00132538 -0.0700483 -2.55636 -0.000971066 0.999987 0.00509201 -0.4536 0.0700541 -0.00501148 0.997531 43.3911 
0.997455 -0.000639065 -0.0712924 -2.62533 0.00108903 0.99998 0.00627287 -0.461029 0.0712869 -0.00633455 0.997436 44.3648 
0.997396 -7.77381e-05 -0.0721155 -2.69984 0.000609198 0.999973 0.0073476 -0.470189 0.072113 -0.0073724 0.997369 45.3336 
0.997379 0.0023575 -0.0723191 -2.77756 -0.00208755 0.999991 0.00380813 -0.481397 0.0723274 -0.00364717 0.997374 46.2931 
0.997321 0.00287254 -0.073093 -2.85476 -0.00290577 0.999996 -0.00034828 -0.490479 0.0730917 0.000559739 0.997325 47.2494 
0.997275 0.0037319 -0.0736857 -2.93032 -0.00385995 0.999991 -0.00159552 -0.501108 0.0736791 0.0018756 0.99728 48.2061 
0.99727 0.00252314 -0.0737952 -3.00324 -0.00238303 0.999995 0.00198657 -0.514847 0.0737998 -0.00180529 0.997271 49.1652 
0.997254 0.00061983 -0.07405 -3.07399 -0.000242043 0.999987 0.00511066 -0.526795 0.0740522 -0.0050787 0.997241 50.1202 
0.997238 -0.00123996 -0.074266 -3.14611 0.00167422 0.999982 0.00578533 -0.537133 0.0742575 -0.00589369 0.997222 51.0678 
0.997217 -0.00439 -0.0744223 -3.21638 0.00474237 0.999978 0.00455867 -0.54683 0.0744007 -0.00489892 0.997216 52.0107 
0.997169 -0.0070927 -0.0748592 -3.28576 0.00735766 0.999968 0.00326433 -0.556631 0.0748336 -0.00380588 0.997189 52.9489 
0.997075 -0.00867156 -0.0759297 -3.35792 0.00903867 0.999949 0.00449265 -0.565438 0.0758869 -0.00516582 0.997103 53.8882 
0.996956 -0.0117218 -0.0770761 -3.4283 0.0124221 0.999886 0.0086127 -0.572367 0.0769664 -0.00954394 0.996988 54.8267 
0.996897 -0.0126161 -0.0777015 -3.49971 0.0137136 0.999813 0.0136073 -0.577082 0.0775153 -0.0146306 0.996884 55.7635 
0.996877 -0.0108542 -0.0782152 -3.57819 0.0121319 0.9998 0.0158796 -0.580549 0.0780272 -0.0167789 0.99681 56.6925 
0.996777 -0.00977632 -0.0796208 -3.65586 0.0107617 0.999871 0.0119559 -0.585031 0.0794936 -0.0127743 0.996754 57.608 
0.996687 -0.00826408 -0.0809151 -3.73375 0.00863002 0.999954 0.00417383 -0.589637 0.0808769 -0.0048583 0.996712 58.5114 
0.996633 -0.00656546 -0.0817317 -3.81269 0.00653549 0.999978 -0.000634185 -0.597811 0.0817341 9.78919e-05 0.996654 59.4066 
0.996569 -0.00164532 -0.0827551 -3.89715 0.00167585 0.999999 0.000299445 -0.609472 0.0827545 -0.000437102 0.99657 60.2978 
0.996496 0.00115644 -0.0836289 -3.97973 -0.000941725 0.999996 0.00260684 -0.623864 0.0836316 -0.00251895 0.996494 61.177 
0.996395 0.00370735 -0.0847514 -4.05926 -0.00336165 0.999985 0.00422128 -0.638445 0.0847658 -0.00392116 0.996393 62.0408 
0.996302 0.00440581 -0.0858065 -4.13799 -0.00408122 0.999984 0.00395789 -0.647283 0.0858225 -0.00359305 0.996304 62.889 
0.996155 0.00613385 -0.0873967 -4.21751 -0.00573534 0.999972 0.00481024 -0.657412 0.0874237 -0.00429049 0.996162 63.7267 
0.996033 0.00696633 -0.0887118 -4.29561 -0.00650872 0.999964 0.00544665 -0.670171 0.0887466 -0.00484764 0.996042 64.5498 
0.995901 0.00689432 -0.0901854 -4.3726 -0.00638559 0.999962 0.0059282 -0.68094 0.0902229 -0.00532801 0.995907 65.3611 
0.995789 0.00676282 -0.0914235 -4.44924 -0.00615059 0.999957 0.00697672 -0.687997 0.0914667 -0.00638503 0.995788 66.1595 
0.995651 0.0095262 -0.0926776 -4.5305 -0.00866809 0.999916 0.00965718 -0.69426 0.0927618 -0.00881184 0.995649 66.9461 
0.995525 0.011011 -0.0938583 -4.61015 -0.00975817 0.999857 0.0137963 -0.700053 0.0939968 -0.0128187 0.99549 67.7199 
0.995331 0.0141981 -0.0954676 -4.6901 -0.0127706 0.999798 0.0155478 -0.704818 0.095669 -0.014256 0.995311 68.4751 
0.995164 0.0170084 -0.0967465 -4.77089 -0.0159733 0.999807 0.0114632 -0.712282 0.0969227 -0.00986237 0.995243 69.208 
0.995042 0.0169622 -0.0979996 -4.8476 -0.0166272 0.999853 0.00423387 -0.72132 0.098057 -0.00258342 0.995177 69.9172 
0.994912 0.0160715 -0.0994539 -4.91873 -0.0163116 0.999866 -0.00160152 -0.72834 0.0994148 0.00321562 0.995041 70.6098 
0.994859 0.0169238 -0.0998408 -4.99266 -0.0172899 0.999847 -0.00280207 -0.734694 0.0997781 0.00451389 0.994999 71.2862 
0.994742 0.0197156 -0.100499 -5.06782 -0.0197337 0.999805 0.000813892 -0.746908 0.100495 0.00117361 0.994937 71.9465 
0.994609 0.0199483 -0.101755 -5.13687 -0.0197252 0.9998 0.0031986 -0.764172 0.101799 -0.00117421 0.994804 72.5844 
0.994566 0.0168279 -0.102734 -5.20118 -0.0169195 0.999857 -1.94928e-05 -0.777042 0.102719 0.0017576 0.994709 73.1995 
0.994679 0.00872187 -0.102655 -5.25517 -0.00930242 0.999943 -0.00517793 -0.790073 0.102604 0.00610531 0.994704 73.797 
0.994812 0.00467432 -0.101628 -5.30973 -0.00571662 0.999934 -0.00996724 -0.801528 0.101575 0.0104965 0.994773 74.378 
0.995113 0.00717291 -0.098477 -5.36975 -0.00821385 0.999915 -0.0101691 -0.813215 0.0983956 0.0109282 0.995087 74.9469 
0.995466 0.0121555 -0.0943351 -5.43164 -0.0128884 0.999891 -0.00716423 -0.825533 0.0942377 0.00834758 0.995515 75.5028 
0.995913 0.0105737 -0.0896977 -5.47824 -0.0109856 0.999931 -0.00410036 -0.836724 0.0896482 0.00506899 0.995961 76.0466 
0.99644 0.00687996 -0.0840286 -5.51383 -0.00689254 0.999976 0.000140435 -0.848472 0.0840275 0.000439235 0.996463 76.5793 
0.997114 0.00248219 -0.075875 -5.54315 -0.00221121 0.999991 0.00365515 -0.862306 0.0758834 -0.00347683 0.997111 77.1 
0.99786 0.00613341 -0.0651031 -5.57665 -0.0059176 0.999976 0.00350716 -0.870765 0.0651231 -0.0031144 0.997872 77.6047 
0.998688 0.0113614 -0.0499291 -5.6058 -0.0112256 0.999932 0.00299876 -0.87792 0.0499598 -0.00243434 0.998748 78.097 
0.999357 0.0164232 -0.0318882 -5.62014 -0.0163181 0.999861 0.00355331 -0.883478 0.0319421 -0.00303067 0.999485 78.5791 
0.999842 0.0148161 -0.00987071 -5.61144 -0.0147768 0.999883 0.00404329 -0.888454 0.00992945 -0.00389679 0.999943 79.049 
0.999803 0.0113397 0.0163032 -5.58445 -0.0114224 0.999922 0.00498517 -0.895801 -0.0162454 -0.00517041 0.999855 79.5062 
0.998898 0.0102657 0.0458067 -5.54484 -0.0105766 0.999923 0.00655072 -0.902955 -0.0457359 -0.00702798 0.998929 79.9551 
0.996837 0.00986735 0.0788532 -5.49064 -0.0105316 0.999912 0.00801224 -0.909634 -0.0787672 -0.00881735 0.996854 80.3964 
0.993159 0.00984121 0.116352 -5.41837 -0.0109074 0.999904 0.00853056 -0.915303 -0.116257 -0.00974131 0.993171 80.8294 
0.987379 0.0100959 0.158056 -5.32761 -0.0115753 0.999897 0.00844229 -0.919114 -0.157954 -0.0101653 0.987394 81.2546 
0.979072 0.00985571 0.203274 -5.21713 -0.0118096 0.999895 0.00840154 -0.925048 -0.20317 -0.0106263 0.979086 81.6675 
0.967553 0.0120423 0.252381 -5.08808 -0.0141011 0.99988 0.00635039 -0.934369 -0.252274 -0.00970319 0.967607 82.0663 
0.952064 0.0130256 0.305622 -4.937 -0.0147852 0.999885 0.0034433 -0.943084 -0.305542 -0.00779692 0.952147 82.4483 
0.932266 0.0133708 0.361526 -4.76226 -0.0148027 0.99989 0.00119141 -0.949637 -0.36147 -0.00646228 0.932361 82.8145 
0.907935 0.0141608 0.418873 -4.56579 -0.0151852 0.999884 -0.000888171 -0.954017 -0.418837 -0.00555425 0.908045 83.1647 
0.878853 0.0144047 0.476874 -4.34705 -0.0147046 0.999887 -0.00310347 -0.958403 -0.476865 -0.00428474 0.878966 83.4952 
0.845339 0.0129129 0.534074 -4.10628 -0.0119222 0.999915 -0.00530546 -0.966928 -0.534097 -0.00188243 0.845421 83.8032 
0.808394 0.0125613 0.588507 -3.84597 -0.0108112 0.99992 -0.00649202 -0.978671 -0.588542 -0.00111433 0.808466 84.095 
0.768316 0.0112816 0.639971 -3.56779 -0.0100216 0.999934 -0.00559566 -0.989218 -0.639992 -0.00211432 0.768379 84.3713 
0.725285 0.010958 0.688361 -3.2737 -0.0116296 0.999926 -0.00366443 -0.996997 -0.68835 -0.00534761 0.725359 84.6317 
0.679845 0.00995288 0.733289 -2.96326 -0.0109027 0.999935 -0.00346392 -1.00449 -0.733275 -0.00563993 0.679909 84.8682 
0.633066 0.00866442 0.774049 -2.63831 -0.00775796 0.999958 -0.00484822 -1.01336 -0.774059 -0.0029358 0.633107 85.0801 
0.586071 0.00607156 0.810237 -2.29932 -0.00231533 0.99998 -0.00581866 -1.023 -0.810256 0.00153418 0.586074 85.2683 
0.539134 0.00814 0.842181 -1.95631 -0.00433897 0.999967 -0.00688741 -1.03388 -0.842209 5.90333e-05 0.539151 85.4466 
0.491559 0.0110099 0.870775 -1.60725 -0.0082861 0.999934 -0.00796538 -1.04451 -0.870805 -0.00329988 0.491617 85.6128 
0.445912 0.0131343 0.894981 -1.25016 -0.00905008 0.999907 -0.0101651 -1.05444 -0.895031 -0.00356692 0.445989 85.7566 
0.403561 0.0105714 0.914892 -0.881325 -0.00170268 0.99994 -0.0108031 -1.06075 -0.914951 0.00280195 0.403555 85.8727 
0.364092 0.003052 0.931358 -0.499559 0.01347 0.999873 -0.00854229 -1.06417 -0.931265 0.0156555 0.364005 85.9655 
0.328775 -0.000568123 0.944408 -0.116596 0.0177449 0.999827 -0.00557603 -1.0675 -0.944241 0.0185916 0.328729 86.0602 
0.295614 0.00354228 0.955301 0.265269 0.0152292 0.999849 -0.00842007 -1.07501 -0.955186 0.0170375 0.295516 86.1604 
0.264445 0.0112175 0.964335 0.648315 0.00442262 0.999908 -0.012844 -1.08987 -0.96439 0.00766143 0.264371 86.2652 
0.236039 0.015533 0.971619 1.04305 -0.000253631 0.999873 -0.0159231 -1.10792 -0.971743 0.00351204 0.236013 86.3537 
0.210397 0.0172075 0.977465 1.44958 0.00108448 0.99984 -0.0178349 -1.1236 -0.977616 0.00481243 0.210344 86.422 
0.187072 0.0185658 0.982171 1.86735 0.00858265 0.999752 -0.0205329 -1.13451 -0.982309 0.0122708 0.186867 86.4747 
0.167048 0.0248951 0.985634 2.2925 0.0157115 0.999487 -0.0279078 -1.13462 -0.985824 0.0201477 0.166571 86.5196 
0.14738 0.0316888 0.988572 2.72705 0.017919 0.999237 -0.0347021 -1.13539 -0.988918 0.0228287 0.1467 86.5698 
0.12974 0.0324873 0.991016 3.1783 0.0154657 0.999275 -0.0347827 -1.14984 -0.991427 0.0198395 0.129144 86.625 
0.114266 0.0280466 0.993054 3.64689 0.0135789 0.999464 -0.0297901 -1.17394 -0.993357 0.0168886 0.113824 86.6738 
0.0997607 0.0248041 0.994702 4.1264 0.0139467 0.999556 -0.0263239 -1.19517 -0.994914 0.0164989 0.0993705 86.7145 
0.0865297 0.0223459 0.995999 4.62006 0.0163306 0.999582 -0.023845 -1.21266 -0.996115 0.0183286 0.0861286 86.7473 
0.0749837 0.0215434 0.996952 5.12725 0.0201911 0.999529 -0.0231177 -1.22772 -0.99698 0.021863 0.0745134 86.7741 
0.0648699 0.0222019 0.997647 5.64753 0.0234069 0.999444 -0.0237638 -1.24282 -0.997619 0.0248934 0.0643141 86.7984 
0.057023 0.0227473 0.998114 6.18381 0.0254636 0.999382 -0.024231 -1.25855 -0.998048 0.0267973 0.0564086 86.823 
0.0514703 0.0231115 0.998407 6.73806 0.0272113 0.999329 -0.0245356 -1.27488 -0.998304 0.0284308 0.0508068 86.8464 
0.0459412 0.0242281 0.99865 7.30879 0.0284554 0.999268 -0.0255521 -1.29139 -0.998539 0.0295909 0.0452182 86.8688 
0.0399746 0.0249307 0.99889 7.89795 0.0289818 0.999239 -0.0260992 -1.30846 -0.99878 0.029993 0.0392217 86.89 
0.0356688 0.0249787 0.999051 8.50362 0.0314268 0.999165 -0.0261036 -1.3271 -0.998869 0.0323281 0.034854 86.9071 
0.0327777 0.0249624 0.999151 9.12788 0.0329471 0.999118 -0.0260424 -1.34619 -0.998919 0.0337727 0.0319264 86.9238 
0.029718 0.024504 0.999258 9.76934 0.0337905 0.999103 -0.0255052 -1.36587 -0.998987 0.0345234 0.0288634 86.9419 
0.0273132 0.0239608 0.99934 10.4274 0.0358314 0.999047 -0.0249331 -1.38582 -0.998985 0.0364887 0.0264286 86.9577 
0.0266714 0.0236316 0.999365 11.1014 0.0402922 0.998883 -0.0246956 -1.40593 -0.998832 0.0409253 0.0256894 86.97 
0.0277514 0.0232764 0.999344 11.7914 0.0438279 0.998739 -0.0244794 -1.42705 -0.998654 0.0444784 0.0266962 86.9842 
0.0302267 0.0232117 0.999274 12.496 0.0455992 0.998657 -0.0245767 -1.44797 -0.998502 0.046309 0.0291277 87.0045 
0.0340973 0.023141 0.999151 13.2159 0.048091 0.998536 -0.024768 -1.46984 -0.998261 0.0488947 0.0329345 87.0282 
0.0384445 0.0226941 0.999003 13.9528 0.0484801 0.998522 -0.0245489 -1.49065 -0.998084 0.0493755 0.0372875 87.0565 
0.0424905 0.0210752 0.998875 14.7054 0.049957 0.998482 -0.0231921 -1.51199 -0.997847 0.0508863 0.0413732 87.0886 
0.0464858 0.0195238 0.998728 15.4728 0.0498399 0.998518 -0.0218395 -1.53368 -0.997675 0.0507917 0.0454438 87.1274 
0.0506012 0.0174218 0.998567 16.2545 0.0467291 0.998711 -0.0197923 -1.55645 -0.997625 0.0476636 0.0497219 87.1735 
0.0546343 0.0163762 0.998372 17.0478 0.0459268 0.998766 -0.018896 -1.57758 -0.99745 0.0468844 0.0538148 87.2234 
0.0586611 0.017338 0.998127 17.8447 0.0431452 0.998871 -0.0198867 -1.60093 -0.997345 0.044231 0.0578468 87.2778 
0.0618128 0.0214265 0.997858 18.6444 0.0410796 0.998868 -0.0239929 -1.62786 -0.997242 0.0424746 0.0608627 87.3335 
0.0630742 0.026686 0.997652 19.4461 0.035275 0.998958 -0.0289512 -1.65528 -0.997385 0.0370182 0.0620672 87.3952 
0.0629173 0.0297672 0.997575 20.2538 0.032392 0.998968 -0.0318517 -1.68655 -0.997493 0.0343175 0.0618881 87.4532 
0.0630103 0.029233 0.997585 21.0615 0.030089 0.999061 -0.0311768 -1.72071 -0.997559 0.0319808 0.0620716 87.5102 
0.0629809 0.0273939 0.997639 21.8731 0.0272589 0.999203 -0.0291578 -1.7576 -0.997642 0.0290309 0.062184 87.5685 
0.0628187 0.0262302 0.99768 22.6816 0.0282776 0.999206 -0.0280508 -1.78992 -0.997624 0.0299742 0.0620272 87.6222 
0.0632851 0.0255605 0.997668 23.4901 0.0257397 0.999298 -0.027235 -1.82415 -0.997663 0.0274033 0.0625828 87.6787 
0.0634022 0.0258845 0.997652 24.2958 0.024147 0.999331 -0.0274627 -1.85845 -0.997696 0.0258315 0.0627348 87.7363 
0.0635149 0.0264503 0.99763 25.0999 0.0212603 0.999386 -0.0278504 -1.89236 -0.997754 0.0229788 0.0629136 87.7943 
0.0623185 0.0277902 0.997669 25.9011 0.0184787 0.999409 -0.0289929 -1.92605 -0.997885 0.0202424 0.0617681 87.8513 
0.0594889 0.0273742 0.997854 26.703 0.0155072 0.999478 -0.0283433 -1.95911 -0.998109 0.01716 0.0590333 87.9068 
0.055582 0.0260754 0.998114 27.505 0.0130488 0.999555 -0.0268397 -1.99191 -0.998369 0.014516 0.0552169 87.9585 
0.0507213 0.0236726 0.998432 28.3078 0.0110964 0.999644 -0.0242651 -2.02389 -0.998651 0.0123098 0.0504406 88.0052 
0.0444574 0.0216199 0.998777 29.1075 0.00893678 0.999717 -0.022038 -2.05545 -0.998971 0.00990561 0.0442516 88.0461 
0.0370836 0.0218124 0.999074 29.9015 0.0084941 0.999719 -0.0221418 -2.0867 -0.999276 0.00930733 0.0368879 88.0782 
0.0283898 0.0227937 0.999337 30.6921 0.00826339 0.9997 -0.0230367 -2.11566 -0.999563 0.00891192 0.028193 88.1019 
0.018457 0.0231875 0.999561 31.4811 0.00862978 0.99969 -0.0233498 -2.14375 -0.999792 0.00905695 0.0182512 88.1174 
0.00822743 0.0221669 0.99972 32.2688 0.00976388 0.999705 -0.022247 -2.17322 -0.999918 0.00994419 0.00800856 88.1235 
-0.00255939 0.0211717 0.999773 33.054 0.00867593 0.999739 -0.0211488 -2.20306 -0.999959 0.00861983 -0.0027424 88.1235 
-0.0136439 0.0203601 0.9997 33.8351 0.0100319 0.999745 -0.0202241 -2.2306 -0.999857 0.00975295 -0.0138447 88.1111 
-0.0246811 0.0207009 0.999481 34.6112 0.010217 0.999739 -0.020454 -2.25904 -0.999643 0.00970687 -0.0248862 88.0926 
-0.0357145 0.0212734 0.999136 35.3834 0.0104944 0.999726 -0.0209109 -2.28813 -0.999307 0.00973855 -0.0359279 88.0654 
-0.0463674 0.0223153 0.998675 36.1492 0.0100714 0.99971 -0.0218708 -2.3164 -0.998874 0.00904393 -0.0465787 88.0321 
-0.0566838 0.023357 0.998119 36.9084 0.011044 0.99968 -0.0227663 -2.3436 -0.998331 0.00973278 -0.0569236 87.9887 
-0.0661184 0.0240632 0.997522 37.6612 0.0118383 0.999658 -0.0233301 -2.37146 -0.997742 0.0102665 -0.0663806 87.937 
-0.0757266 0.0245212 0.996827 38.4055 0.012519 0.999642 -0.0236394 -2.40127 -0.99705 0.0106892 -0.0760064 87.8789 
-0.0850463 0.0248162 0.996068 39.1424 0.013273 0.999629 -0.0237717 -2.43067 -0.996289 0.0111991 -0.0853441 87.8152 
-0.0936034 0.0243413 0.995312 39.8716 0.0144013 0.99963 -0.0230925 -2.45874 -0.995505 0.0121722 -0.0939193 87.7444 
-0.100857 0.0231859 0.994631 40.5939 0.0161584 0.999635 -0.0216641 -2.48708 -0.99477 0.0138867 -0.101195 87.6678 
-0.106032 0.0215261 0.99413 41.3077 0.0189733 0.999627 -0.0196215 -2.5141 -0.994182 0.0167814 -0.106401 87.5876 
-0.109812 0.0199308 0.993752 42.01 0.0219625 0.999603 -0.0176213 -2.53962 -0.99371 0.0198903 -0.110207 87.5058 
-0.112593 0.0188027 0.993463 42.7043 0.0235037 0.999592 -0.0162549 -2.56372 -0.993363 0.0215199 -0.112989 87.4276 
-0.114282 0.0178794 0.993287 43.3815 0.0237543 0.999601 -0.0152601 -2.58766 -0.993164 0.0218509 -0.114661 87.3492 
-0.115071 0.0182826 0.993189 44.0441 0.0245293 0.999578 -0.0155583 -2.61099 -0.993054 0.022572 -0.115471 87.2731 
-0.114066 0.0193008 0.993286 44.6918 0.025356 0.999542 -0.0165106 -2.63391 -0.99315 0.0233024 -0.114503 87.197 
-0.111123 0.020897 0.993587 45.322 0.0263139 0.99949 -0.0180782 -2.65687 -0.993458 0.0241363 -0.111616 87.1276 
-0.105921 0.0214049 0.994144 45.9381 0.0263806 0.999477 -0.018709 -2.67873 -0.994025 0.0242444 -0.10643 87.0651 
-0.0978815 0.0221203 0.994952 46.5352 0.0259221 0.99947 -0.0196706 -2.70146 -0.99486 0.0238659 -0.098403 87.0119 
-0.0867102 0.0220404 0.99599 47.1127 0.0248624 0.999492 -0.0199534 -2.72494 -0.995923 0.0230325 -0.0872141 86.9695 
-0.0729713 0.0223218 0.997084 47.6712 0.0241053 0.999497 -0.0206117 -2.74821 -0.997043 0.022531 -0.0734727 86.9386 
-0.0557166 0.0236554 0.998166 48.2131 0.0232438 0.999479 -0.0223891 -2.7708 -0.998176 0.0219538 -0.0562374 86.9204 
-0.0343973 0.0261765 0.999065 48.7435 0.0216388 0.999442 -0.0254413 -2.7938 -0.999174 0.0207435 -0.0349446 86.9159 
-0.00975645 0.0291586 0.999527 49.271 0.0196835 0.999387 -0.0289623 -2.81782 -0.999759 0.0193916 -0.0103244 86.9278 
0.0185684 0.030896 0.99935 49.7961 0.0178396 0.999353 -0.0312275 -2.84131 -0.999668 0.0184079 0.0180052 86.9568 
0.0517662 0.0304178 0.998196 50.3218 0.0157163 0.999387 -0.0312692 -2.8631 -0.998536 0.0173066 0.0512564 87.0042 
0.0898982 0.0280313 0.995556 50.8426 0.0146397 0.999459 -0.0294631 -2.88466 -0.995843 0.0172234 0.0894392 87.0711 
0.132015 0.0242168 0.990952 51.3587 0.0123239 0.999584 -0.0260695 -2.90919 -0.991171 0.015654 0.131662 87.1633 
0.17716 0.0198615 0.983982 51.8682 0.00973818 0.999712 -0.0219323 -2.93248 -0.984134 0.0134677 0.176915 87.2828 
0.225435 0.0166073 0.974117 52.3655 0.00524584 0.99982 -0.0182595 -2.95304 -0.974244 0.00922639 0.225307 87.43 
0.276743 0.0151112 0.960825 52.8498 0.00158387 0.999868 -0.0161815 -2.97158 -0.960943 0.00599992 0.276682 87.6054 
0.331341 0.014837 0.943394 53.3202 0.00081528 0.999871 -0.0160115 -2.98806 -0.943511 0.00607441 0.331286 87.8056 
0.389178 0.0153705 0.921035 53.7692 0.00302856 0.999834 -0.0179653 -3.00464 -0.921158 0.00978109 0.389066 88.0305 
0.448801 0.0186473 0.893437 54.195 0.00394753 0.999731 -0.0228487 -3.02337 -0.893623 0.0137814 0.448607 88.2832 
0.508392 0.0217334 0.860851 54.5962 0.0053366 0.999583 -0.0283875 -3.04271 -0.861109 0.019026 0.508064 88.5587 
0.566561 0.0258036 0.823616 54.9736 0.00145108 0.999477 -0.0323115 -3.05904 -0.824019 0.0195016 0.566227 88.8657 
0.622373 0.028276 0.78221 55.324 -0.00190781 0.999399 -0.0346092 -3.07618 -0.782718 0.0200475 0.622053 89.1981 
0.675231 0.0288278 0.737042 55.6526 -0.00319446 0.999341 -0.0361604 -3.0946 -0.737599 0.0220622 0.674878 89.5506 
0.724308 0.0264073 0.688971 55.9558 -0.00307962 0.99938 -0.0350673 -3.11599 -0.68947 0.0232778 0.72394 89.9217 
0.769495 0.0229048 0.638242 56.2339 -0.00512021 0.999546 -0.0296979 -3.13384 -0.638633 0.0195844 0.769262 90.3192 
0.81078 0.0176913 0.585084 56.4853 -0.00548423 0.999729 -0.0226293 -3.14949 -0.585325 0.0151386 0.810657 90.7371 
0.847347 0.0149491 0.530829 56.7089 -0.00747601 0.99984 -0.0162235 -3.1631 -0.530987 0.00977849 0.847324 91.1696 
0.878574 0.0111686 0.477475 56.9096 -0.00790261 0.99993 -0.00884823 -3.17589 -0.47754 0.00400053 0.878601 91.6142 
0.904222 0.0116354 0.426904 57.0794 -0.0112634 0.999931 -0.00339643 -3.18825 -0.426914 -0.00173726 0.904291 92.0672 
0.924408 0.013414 0.38117 57.2275 -0.0145656 0.999894 0.000136408 -3.20024 -0.381128 -0.00567808 0.924505 92.5274 
0.939708 0.0192419 0.341437 57.3551 -0.0214921 0.999765 0.00280853 -3.20779 -0.341303 -0.0099774 0.9399 93.0001 
0.951611 0.0235049 0.306406 57.4721 -0.0252474 0.99968 0.00172454 -3.20895 -0.306267 -0.00937705 0.951899 93.4785 
0.960915 0.0254072 0.275675 57.5874 -0.026953 0.999635 0.00181971 -3.20961 -0.275528 -0.00917886 0.961249 93.966 
0.967077 0.019885 0.253706 57.7091 -0.0210408 0.999777 0.00184266 -3.21314 -0.253613 -0.00712017 0.96728 94.4582 
0.971075 0.0168662 0.238178 57.8224 -0.0179905 0.999835 0.00254731 -3.22129 -0.238096 -0.00675856 0.971218 94.9569 
0.973997 0.0210636 0.22558 57.9222 -0.0221302 0.999753 0.0022006 -3.22476 -0.225478 -0.00713553 0.974222 95.4653 
0.976023 0.0266476 0.21603 58.0165 -0.0278815 0.999608 0.00266521 -3.22385 -0.215875 -0.00862456 0.976383 95.981 
0.977077 0.0343138 0.210104 58.1119 -0.0353697 0.999373 0.00126882 -3.22422 -0.209929 -0.00867105 0.977678 96.5108 
0.977477 0.0401641 0.207184 58.2098 -0.0405708 0.999174 -0.00228717 -3.23018 -0.207105 -0.00616997 0.978299 97.0413 
0.977594 0.0414939 0.206371 58.3196 -0.0414112 0.999131 -0.00472225 -3.24164 -0.206387 -0.00392962 0.978462 97.5808 
0.977135 0.0400585 0.208812 58.4385 -0.039189 0.999197 -0.00830104 -3.25111 -0.208977 -7.19211e-05 0.97792 98.1303 
0.976322 0.0387668 0.21282 58.5611 -0.0364661 0.999226 -0.0147266 -3.2571 -0.213226 0.00661716 0.976981 98.6858 
0.97541 0.0389763 0.216926 58.6907 -0.035578 0.999176 -0.0195505 -3.26427 -0.217509 0.0113519 0.975992 99.2602 
0.974226 0.0438769 0.221264 58.814 -0.0406705 0.998991 -0.0190291 -3.27632 -0.221875 0.00953981 0.975028 99.8386 
0.97278 0.0469336 0.226928 58.9452 -0.0446811 0.998888 -0.0150554 -3.28858 -0.227383 0.00450616 0.973795 100.441 
0.971766 0.0440164 0.231803 59.0876 -0.0427656 0.999031 -0.0104205 -3.30216 -0.232037 0.000213075 0.972707 101.047 
0.971032 0.0396521 0.235635 59.2435 -0.0396257 0.999203 -0.00484924 -3.31413 -0.23564 -0.00462845 0.97183 101.672 
0.970236 0.0371106 0.2393 59.3992 -0.0381698 0.999271 -0.000208026 -3.32399 -0.239133 -0.0089322 0.970946 102.301 
0.969663 0.0325918 0.242262 59.5598 -0.0336981 0.999432 0.000423514 -3.33018 -0.24211 -0.00857444 0.970211 102.937 
0.969698 0.029171 0.242557 59.7255 -0.0294023 0.999564 -0.00266694 -3.339 -0.242529 -0.00454562 0.970133 103.58 
0.969823 0.02857 0.242131 59.8884 -0.0270314 0.999588 -0.00967491 -3.34872 -0.242308 0.00283781 0.970195 104.232 
0.969952 0.0309493 0.241318 60.0483 -0.0278335 0.999479 -0.0163103 -3.35856 -0.241697 0.0091035 0.970309 104.897 
0.970503 0.0339768 0.238682 60.2088 -0.0300412 0.999346 -0.0201085 -3.36707 -0.239209 0.0123451 0.97089 105.58 
0.971144 0.0323013 0.236297 60.3765 -0.0293909 0.999443 -0.01583 -3.37894 -0.236676 0.0084282 0.971552 106.281 
0.9716 0.0281677 0.234947 60.5492 -0.0270092 0.999602 -0.00814814 -3.39385 -0.235083 0.001571 0.971974 106.996 
0.972172 0.028534 0.232522 60.7174 -0.0287922 0.999583 -0.00228417 -3.40999 -0.23249 -0.00447421 0.972588 107.721 
0.97248 0.0319342 0.230788 60.8799 -0.0321127 0.99948 -0.00298354 -3.42173 -0.230764 -0.00450981 0.972999 108.452 
0.972775 0.0376232 0.228679 61.0393 -0.0368566 0.999291 -0.00762399 -3.43098 -0.228804 -0.0010119 0.973472 109.191 
0.973656 0.0385099 0.224745 61.2064 -0.0365263 0.999248 -0.0129785 -3.44026 -0.225076 0.00442747 0.974331 109.938 
0.974609 0.0372865 0.220789 61.3762 -0.0346366 0.999274 -0.0158627 -3.45292 -0.22122 0.00781259 0.975193 110.699 
0.975546 0.0350164 0.216988 61.5466 -0.032684 0.999363 -0.0143294 -3.46859 -0.217351 0.00688694 0.976069 111.474 
0.976414 0.0311282 0.213653 61.7192 -0.0291844 0.999499 -0.0122469 -3.48634 -0.213927 0.00572273 0.976833 112.261 
0.976819 0.0301384 0.211935 61.8885 -0.0287925 0.999541 -0.00943409 -3.50354 -0.212122 0.00311325 0.977238 113.058 
0.977182 0.0268375 0.2107 62.0624 -0.0259163 0.999639 -0.00713261 -3.51657 -0.210815 0.0015093 0.977525 113.861 
0.977407 0.0217298 0.210245 62.2395 -0.0209459 0.999763 -0.00595491 -3.52918 -0.210324 0.00141661 0.977631 114.67 
0.977526 0.0224793 0.209615 62.4109 -0.0220646 0.999747 -0.0043171 -3.54236 -0.209659 -0.000404983 0.977775 115.487 
0.977275 0.0279686 0.21012 62.5751 -0.0272661 0.999609 -0.00623988 -3.55608 -0.210212 0.000368918 0.977656 116.308 
0.976996 0.0336014 0.210592 62.7405 -0.0323189 0.999432 -0.00952982 -3.57013 -0.210793 0.00250448 0.977527 117.132 
0.976481 0.0424562 0.21138 62.9066 -0.0410302 0.999096 -0.0111296 -3.58378 -0.211662 0.00219485 0.977341 117.965 
0.97555 0.0483884 0.214384 63.0744 -0.047225 0.998829 -0.0105483 -3.60045 -0.214643 0.000166103 0.976692 118.805 
0.974763 0.0508271 0.21738 63.2501 -0.0501788 0.998704 -0.00850469 -3.61973 -0.21753 -0.00261781 0.97605 119.649 
0.974164 0.051423 0.219909 63.4339 -0.0505997 0.998675 -0.00937891 -3.63695 -0.2201 -0.00199075 0.975475 120.492 
0.973805 0.0500178 0.221814 63.6212 -0.0485307 0.998748 -0.0121533 -3.65386 -0.222144 0.00107019 0.975013 121.334 
0.973844 0.0436921 0.222979 63.8203 -0.0423714 0.999045 -0.010706 -3.67301 -0.223234 0.000978033 0.974764 122.178 
0.974046 0.0370807 0.223294 64.0206 -0.0352507 0.999304 -0.0121772 -3.6954 -0.22359 0.00398983 0.974675 123.02 
0.973759 0.0364687 0.224639 64.2131 -0.034636 0.999327 -0.0120953 -3.71834 -0.224929 0.00399733 0.974367 123.864 
0.973271 0.0391264 0.226304 64.4026 -0.0380224 0.999234 -0.00923698 -3.73611 -0.226492 0.000385472 0.974013 124.71 
0.972881 0.0412553 0.227599 64.5894 -0.0415325 0.999131 -0.00357323 -3.75068 -0.227548 -0.00597643 0.973748 125.559 
0.972478 0.0447373 0.22866 64.7772 -0.0461084 0.998936 0.000654835 -3.76911 -0.228387 -0.01118 0.973506 126.403 
0.972255 0.0441046 0.229729 64.9674 -0.0439428 0.999017 -0.00582285 -3.78707 -0.22976 -0.00443365 0.973237 127.233 
0.972526 0.03993 0.229346 65.1643 -0.0362778 0.999139 -0.0201201 -3.80836 -0.229952 0.0112472 0.973137 128.048 
0.97279 0.0378189 0.228583 65.362 -0.0320118 0.999065 -0.0290609 -3.83052 -0.229468 0.0209527 0.973091 128.867 
0.973028 0.0349673 0.228022 65.5564 -0.0312139 0.999312 -0.0200473 -3.84928 -0.228566 0.0123891 0.97345 129.706 
0.97343 0.0284721 0.227206 65.7523 -0.0294204 0.999567 0.000787595 -3.87152 -0.227085 -0.00745115 0.973846 130.555 
0.973708 0.0250337 0.226421 65.9455 -0.029403 0.99944 0.0159449 -3.89279 -0.225895 -0.0221831 0.973899 131.395 
0.973733 0.0296569 0.225752 66.1231 -0.0328225 0.999408 0.0102811 -3.9028 -0.225313 -0.0174208 0.974131 132.213 
0.973874 0.0380264 0.223882 66.2941 -0.037692 0.999273 -0.00576825 -3.90863 -0.223938 -0.002821 0.974599 133.019 
0.974153 0.0382363 0.22263 66.4733 -0.0361122 0.999255 -0.0136056 -3.91664 -0.222985 0.00521425 0.974808 133.829 
0.974766 0.034169 0.220598 66.6579 -0.0317971 0.999392 -0.0142951 -3.93894 -0.220952 0.00692003 0.97526 134.644 
0.975376 0.0338837 0.217931 66.8352 -0.0318996 0.999411 -0.0126168 -3.96607 -0.21823 0.00535422 0.975883 135.463 
0.976197 0.0335059 0.214284 67.0066 -0.0312454 0.999415 -0.0139281 -3.98324 -0.214625 0.00690117 0.976672 136.278 
0.977203 0.0345968 0.209469 67.1749 -0.0320471 0.999365 -0.015555 -4.00339 -0.209875 0.00848749 0.977691 137.089 
0.977617 0.0397056 0.206611 67.3307 -0.0373004 0.999183 -0.0155252 -4.02847 -0.207059 0.00747103 0.9783 137.9 
0.977769 0.0458091 0.204618 67.4815 -0.0434857 0.998928 -0.0158397 -4.04797 -0.205124 0.0065896 0.978714 138.71 
0.978066 0.0472169 0.202872 67.6383 -0.0453381 0.998875 -0.0139007 -4.07073 -0.2033 0.00439801 0.979107 139.519 
0.978388 0.0451014 0.2018 67.7991 -0.0441966 0.998982 -0.00898958 -4.09246 -0.202 -0.000123599 0.979385 140.328 
0.978739 0.0437129 0.2004 67.9582 -0.0427845 0.999044 -0.00896336 -4.11299 -0.2006 0.000198777 0.979673 141.131 
0.979339 0.042089 0.197798 68.1159 -0.0405359 0.999107 -0.011896 -4.13458 -0.198122 0.00363232 0.980171 141.927 
0.980499 0.0373702 0.19294 68.2749 -0.0350062 0.999265 -0.0156482 -4.15531 -0.193383 0.00858896 0.981086 142.722 
0.981851 0.0346106 0.186469 68.4269 -0.0320694 0.999347 -0.0166279 -4.17413 -0.186923 0.0103461 0.98232 143.518 
0.983086 0.0328548 0.180171 68.5692 -0.0313447 0.999446 -0.0112227 -4.19334 -0.18044 0.00538551 0.983571 144.321 
0.984227 0.0302268 0.174309 68.706 -0.0302023 0.99954 -0.00279368 -4.2108 -0.174313 -0.00251493 0.984687 145.128 
0.984955 0.0272055 0.170655 68.8437 -0.0287526 0.999565 0.00659997 -4.2219 -0.170401 -0.0114074 0.985309 145.935 
0.985421 0.0338819 0.166724 68.9628 -0.0359283 0.999311 0.00927235 -4.2308 -0.166295 -0.0151273 0.98596 146.737 
0.986109 0.0367403 0.161985 69.0808 -0.0380074 0.999266 0.00472952 -4.23976 -0.161692 -0.0108204 0.986782 147.533 
0.987277 0.0373764 0.154554 69.2011 -0.0369795 0.999301 -0.00544339 -4.24844 -0.15465 -0.00034121 0.987969 148.325 
0.98838 0.0342125 0.148103 69.3196 -0.032957 0.999397 -0.010924 -4.25432 -0.148387 0.00591602 0.988912 149.125 
0.989371 0.0333636 0.141535 69.43 -0.0322983 0.99943 -0.00981824 -4.2673 -0.141782 0.00514254 0.989885 149.937 
0.990172 0.0399954 0.134012 69.5237 -0.0395063 0.999199 -0.00630833 -4.28587 -0.134157 0.000952016 0.99096 150.756 
0.990983 0.045472 0.126032 69.6075 -0.044861 0.998964 -0.00768325 -4.30264 -0.126251 0.00196003 0.991996 151.574 
0.992096 0.048155 0.115877 69.6926 -0.046916 0.998809 -0.0133981 -4.31813 -0.116385 0.00785571 0.993173 152.39 
0.993112 0.0467831 0.107422 69.776 -0.0453567 0.998848 -0.0156854 -4.3338 -0.108032 0.010705 0.99409 153.21 
0.993946 0.0468022 0.0994027 69.8512 -0.0457571 0.998871 -0.0127686 -4.35048 -0.099888 0.00814297 0.994965 154.039 
0.994547 0.0494199 0.0918354 69.9138 -0.049118 0.998778 -0.00554601 -4.36891 -0.0919972 0.001005 0.995759 154.874 
0.995079 0.0528164 0.0838335 69.968 -0.0530269 0.998593 0.000284738 -4.38178 -0.0837005 -0.00472877 0.99648 155.71 
0.995729 0.0517807 0.0764301 70.0234 -0.0522161 0.998629 0.00370863 -4.39156 -0.0761333 -0.00768368 0.997068 156.542 
0.996138 0.0526072 0.0702902 70.0736 -0.0531508 0.998569 0.00588497 -4.39891 -0.06988 -0.00959822 0.997509 157.373 
0.996474 0.0517103 0.066075 70.1218 -0.0520963 0.998634 0.00413071 -4.4079 -0.0657711 -0.0075584 0.997806 158.2 
0.996509 0.0565814 0.06139 70.1591 -0.0566101 0.998396 -0.00127325 -4.41753 -0.0613636 -0.00220649 0.998113 159.023 
0.996376 0.0625985 0.0575957 70.1888 -0.0622458 0.99803 -0.00789929 -4.42905 -0.0579767 0.00428557 0.998309 159.846 
0.996463 0.0638734 0.0546036 70.2222 -0.0634113 0.997936 -0.0101553 -4.43978 -0.0551395 0.00665693 0.998456 160.67 
0.996513 0.0655244 0.051651 70.2562 -0.0654017 0.997851 -0.00406427 -4.45142 -0.0518063 0.000672039 0.998657 161.505 
0.996459 0.0676121 0.0499726 70.2834 -0.0680146 0.997664 0.00639668 -4.45963 -0.0494234 -0.0097729 0.99873 162.343 
0.996524 0.0688707 0.0468788 70.311 -0.0695826 0.997482 0.0137253 -4.46838 -0.0458155 -0.0169396 0.998806 163.177 
0.996971 0.0655428 0.0418669 70.341 -0.0660409 0.99776 0.0106266 -4.47595 -0.0410766 -0.0133594 0.999067 163.996 
0.997931 0.0533296 0.035907 70.3786 -0.0533916 0.998573 0.000769357 -4.48201 -0.0358147 -0.0026849 0.999355 164.809 
0.998283 0.0510601 0.0287209 70.4035 -0.0509716 0.998693 -0.00380618 -4.48275 -0.0288777 0.00233569 0.99958 165.625 
0.998249 0.0549041 0.0219885 70.4083 -0.0548646 0.998491 -0.00239875 -4.49057 -0.022087 0.00118817 0.999755 166.451 
0.998497 0.0528522 0.0144821 70.4134 -0.0529157 0.998591 0.00403248 -4.5016 -0.0142486 -0.00479275 0.999887 167.284 
0.998848 0.0474801 0.00698753 70.4223 -0.0475333 0.99884 0.00765727 -4.50827 -0.00661586 -0.00798059 0.999946 168.118 
0.999249 0.0387266 0.00135796 70.4269 -0.03874 0.999179 0.011825 -4.50726 -0.000898905 -0.0118687 0.999929 168.954 
0.999391 0.0345419 -0.00489395 70.4236 -0.0344817 0.999334 0.011899 -4.51263 0.0053017 -0.011723 0.999917 169.787 
0.999444 0.0313705 -0.0112854 70.4115 -0.0313137 0.999496 0.00517567 -4.52135 0.011442 -0.00481941 0.999923 170.614 
0.999573 0.0222889 -0.0188765 70.4014 -0.0223848 0.999737 -0.00488423 -4.52652 0.0187627 0.0053047 0.99981 171.438 
0.999599 0.0121228 -0.0255899 70.3934 -0.0123535 0.999884 -0.00887742 -4.53294 0.0254794 0.00918998 0.999633 172.271 
0.999363 0.0158692 -0.0319781 70.3601 -0.0159204 0.999872 -0.00134718 -4.54186 0.0319526 0.00185543 0.999488 173.117 
0.998971 0.026535 -0.0367854 70.3073 -0.026111 0.999587 0.0119609 -4.54765 0.0370876 -0.010988 0.999252 173.97 
0.998649 0.0315362 -0.0413066 70.2576 -0.0307416 0.999333 0.019734 -4.55451 0.0419013 -0.0184375 0.998952 174.819 
0.998505 0.0309668 -0.0450381 70.2119 -0.0302373 0.999402 0.01679 -4.55482 0.0455311 -0.0154031 0.998844 175.659 
0.998354 0.0325664 -0.0472109 70.1631 -0.0323167 0.999459 0.00604378 -4.55413 0.0473822 -0.00450813 0.998867 176.489 
0.997803 0.0432353 -0.0502048 70.1 -0.0434449 0.999051 -0.00309046 -4.55661 0.0500236 0.00526482 0.998734 177.323 
0.997759 0.0415624 -0.052439 70.0493 -0.0419694 0.999097 -0.00668329 -4.56427 0.0521138 0.00886914 0.998602 178.164 
0.99784 0.0362541 -0.0547722 70.0094 -0.0364084 0.999335 -0.00182115 -4.57438 0.0546698 0.00381139 0.998497 179.017 
0.997848 0.0365042 -0.0544741 69.9583 -0.0361763 0.999321 0.00699362 -4.58205 0.0546924 -0.00500789 0.998491 179.876 
0.997804 0.0383397 -0.054017 69.9016 -0.0377145 0.99921 0.0125467 -4.58764 0.0544553 -0.0104819 0.998461 180.731 
0.997714 0.0382477 -0.0557204 69.8485 -0.0376489 0.999222 0.0117568 -4.59237 0.0561268 -0.0096321 0.998377 181.581 
0.997703 0.0349571 -0.0580256 69.7967 -0.0348586 0.999389 0.00270798 -4.59879 0.0580848 -0.000679064 0.998311 182.421 
0.997875 0.0242534 -0.0604684 69.7569 -0.0248322 0.999653 -0.00883844 -4.60926 0.060233 0.0103212 0.998131 183.259 
0.997944 0.0138495 -0.0625756 69.7168 -0.0146847 0.999809 -0.012906 -4.62077 0.0623849 0.0137984 0.997957 184.104 
0.997846 0.0165333 -0.0634825 69.6564 -0.0170934 0.99982 -0.00829045 -4.6346 0.0633339 0.00935772 0.997949 184.957 
0.997664 0.0225757 -0.0644766 69.5897 -0.0224611 0.999745 0.00250256 -4.65006 0.0645166 -0.0010485 0.997916 185.812 
0.997544 0.0236378 -0.0659406 69.5281 -0.023285 0.99971 0.00611362 -4.66585 0.066066 -0.00456318 0.997805 186.659 
0.997503 0.0226078 -0.0669041 69.4705 -0.0224988 0.999744 0.00238205 -4.67582 0.0669408 -0.000870843 0.997757 187.496 
0.997509 0.0228243 -0.0667398 69.4087 -0.023133 0.999725 -0.00385566 -4.68347 0.0666335 0.00538995 0.997763 188.328 
0.997305 0.029516 -0.0671683 69.3385 -0.0298682 0.999545 -0.0042446 -4.69354 0.0670124 0.00623935 0.997733 189.162 
0.997197 0.0323061 -0.0674822 69.273 -0.0324587 0.999472 -0.00116607 -4.70773 0.067409 0.00335318 0.99772 189.997 
0.997015 0.0361666 -0.0682068 69.2062 -0.0361093 0.999346 0.00207331 -4.72097 0.0682372 0.000395776 0.997669 190.83 
0.996878 0.0396873 -0.0682524 69.1402 -0.0394477 0.99921 0.00485572 -4.72977 0.0683912 -0.00214816 0.997656 191.66 
0.996712 0.042692 -0.0688694 69.0729 -0.0424879 0.999087 0.00442679 -4.73893 0.0689955 -0.00148612 0.997616 192.482 
