1 -0 0 0 0 1 -0 -0 -0 0 1 0 
0.999991 0.0026899 0.00332297 -0.000303408 -0.00269703 0.999994 0.00214347 0.00323477 -0.00331718 -0.00215241 0.999992 -0.671539 
0.999991 -0.00135627 0.00405876 0.00488966 0.00134989 0.999998 0.00157134 0.000160379 -0.00406088 -0.00156585 0.99999 -0.688712 
0.999992 3.25607e-05 0.00390672 0.00648807 -3.83834e-05 0.999998 0.00149022 -0.000326443 -0.00390661 -0.00149036 0.999992 -0.705596 
0.999987 -0.00130146 0.00493375 0.00527463 0.00129875 0.999998 0.000554347 0.00288121 -0.00493448 -0.00054792 0.999988 -0.721329 
0.99999 0.00107128 0.00435006 0.00355857 -0.00107204 0.999999 0.000172321 0.00526515 -0.00434991 -0.000176974 0.999991 -0.738194 
0.999988 -0.00178087 0.00451768 0.00674558 0.00177515 0.999998 0.00127076 0.00325618 -0.00451997 -0.00126273 0.999989 -0.751878 
0.999984 -0.00267447 0.00490676 0.00783149 0.00267151 0.999996 0.000608386 0.00346053 -0.00490836 -0.000595272 0.999988 -0.76613 
0.999991 -0.000287416 0.00426977 0.00611308 0.000294121 0.999998 -0.0015713 0.00382823 -0.00426925 0.00157255 0.99999 -0.781737 
0.99999 0.000932033 0.00444001 0.00324211 -0.000920311 0.999995 -0.0026442 0.00594139 -0.00444252 0.00264009 0.999986 -0.793556 
0.999994 0.000452822 0.00352647 0.00299024 -0.000443323 0.999996 -0.00269437 0.00950308 -0.00352773 0.00269279 0.99999 -0.80205 
0.999996 -0.00151406 0.00261431 0.00726106 0.00151248 0.999999 0.00061115 0.00885402 -0.00261522 -0.000607191 0.999997 -0.807843 
0.999998 0.000522042 0.00218046 0.00442984 -0.000522527 1 0.000222477 0.00562182 -0.00218035 -0.000223612 0.999998 -0.815741 
0.999994 0.00294281 0.00180363 -0.000147514 -0.00294384 0.999995 0.000572678 0.00515575 -0.00180196 -0.000577975 0.999999 -0.824048 
0.999998 0.000149108 0.0020231 0.00208118 -0.000147407 0.999999 -0.000840823 0.00761305 -0.00202318 0.000840523 0.999998 -0.835466 
0.999998 0.00143471 0.00143362 0.00141705 -0.00143501 0.999999 0.000204889 0.00883817 -0.0014333 -0.000206954 0.999998 -0.84314 
0.999996 -0.00245443 0.00188143 0.00587001 0.00245011 0.999994 0.0022936 0.00731814 -0.00188698 -0.00228899 0.999996 -0.8503 
0.999999 -0.000574759 0.00133141 0.00561362 0.000571273 0.999996 0.00261799 0.00499253 -0.00133278 -0.00261723 0.999996 -0.858684 
0.999991 -0.00402755 0.00175098 0.00864899 0.00402464 0.999991 0.0016611 0.00393635 -0.00175765 -0.00165405 0.999997 -0.866977 
0.999999 -0.000853462 0.00104396 0.00600436 0.000853848 1 -0.000376223 0.00679579 -0.00104377 0.000377092 0.999998 -0.877421 
0.999998 0.000992552 0.00137154 0.00291389 -0.000990545 0.999998 -0.00146962 0.00884421 -0.00137315 0.00146824 0.999997 -0.886126 
0.999998 -0.000562193 0.0014249 0.00415409 0.000564292 0.999999 -0.0014743 0.00832937 -0.00142412 0.00147508 0.999997 -0.890867 
1 0.000402117 0.000990772 0.00389514 -0.000402031 1 -7.39944e-05 0.00958599 -0.000990802 7.35985e-05 0.999999 -0.894322 
0.999999 8.85872e-05 0.00166334 0.00299859 -9.00037e-05 1 0.000855709 0.0079286 -0.00166333 -0.000855847 0.999999 -0.897775 
0.999999 0.00136385 0.0010199 0.00192892 -0.00136463 0.999999 0.000765898 0.00694978 -0.00101894 -0.000767285 0.999999 -0.904284 
1 -4.27352e-05 0.000575305 0.00331747 4.37099e-05 0.999998 -0.0016942 0.00801468 -0.0005752 0.00169423 0.999998 -0.910508 
0.999999 -0.00114573 -5.11397e-05 0.00591916 0.00114556 0.999993 -0.00342403 0.011679 5.51737e-05 0.00342397 0.999995 -0.920063 
0.999999 -0.000771999 -0.000819785 0.00552207 0.000768931 0.999992 -0.00374157 0.0126727 0.000822674 0.00374093 0.999993 -0.924148 
0.999998 0.0012904 -0.00153506 0.00217615 -0.00129475 0.999995 -0.00283288 0.0115137 0.00153137 0.00283486 0.999995 -0.930028 
0.999999 -0.000170251 -0.00154434 0.0028003 0.000169036 0.999999 -0.000789954 0.0118904 0.00154449 0.000789696 0.999998 -0.93117 
0.999999 -0.000405493 -0.00138876 0.00388339 0.000409403 0.999995 0.00281217 0.00988646 0.00138759 -0.00281274 0.999995 -0.935388 
0.999998 -0.00109408 -0.000913511 0.00417837 0.00109849 0.999987 0.00483858 0.0049759 0.000908143 -0.00483958 0.999988 -0.937291 
0.999998 0.000715369 -0.00121792 0.00274256 -0.000711789 0.999995 0.00293413 0.00419839 0.00122005 -0.00293326 0.999995 -0.944468 
0.999996 0.00263175 -0.000722226 0.0004141 -0.00263249 0.999995 -0.00103263 0.00767183 0.000719565 0.00103453 0.999999 -0.953012 
0.999997 0.00212569 0.000239815 0.000838005 -0.00212448 0.999985 -0.00495514 0.0117139 -0.000250372 0.00495462 0.999987 -0.961614 
0.999991 0.00402443 0.000821318 -0.000972399 -0.00402158 0.999987 -0.00344959 0.0150947 -0.00083518 0.00344626 0.999993 -0.965112 
