1 0 -0 0 -0 1 0 0 0 -0 1 -0 
0.999894 -0.00677371 -0.0129027 0.0838735 0.00673869 0.999973 -0.00275615 -0.00284054 0.012921 0.00266891 0.999913 0.735101 
0.999953 -0.00117858 -0.0096431 0.0110371 0.00114251 0.999992 -0.00374577 -0.0215501 0.00964744 0.00373458 0.999946 1.31213 
0.999922 0.000396961 -0.0125076 -0.0292561 -0.00046596 0.999985 -0.00551418 -0.0259351 0.0125052 0.00551958 0.999907 2.02856 
0.999976 -0.00527149 -0.00454618 -0.0722736 0.00524472 0.999969 -0.00588042 -0.0182909 0.00457704 0.00585643 0.999972 2.66718 
0.999991 -0.00128038 -0.00404131 -0.375152 0.00126099 0.999988 -0.00479719 -0.0558934 0.0040474 0.00479206 0.99998 4.129 
0.999953 -0.00145952 -0.00963203 -0.46599 0.00139644 0.999978 -0.00655284 -0.0163993 0.00964138 0.00653908 0.999932 5.02405 
0.999969 0.000392524 -0.00789964 -0.525824 -0.000449512 0.999974 -0.00721352 -0.0401357 0.0078966 0.00721685 0.999943 5.65046 
0.999933 0.00247645 -0.0113041 -0.570702 -0.00253961 0.999981 -0.00557617 -0.0396177 0.0112901 0.00560451 0.999921 6.44618 
0.999914 0.00321636 -0.0127097 -0.642513 -0.00326669 0.999987 -0.00394158 -0.0675011 0.0126968 0.00398275 0.999911 7.13097 
0.999905 -0.000377026 -0.0137785 -0.528415 0.0003501 0.999998 -0.00195656 -0.0783058 0.0137792 0.00195155 0.999903 8.37893 
0.999897 0.00843914 -0.0116228 -0.738754 -0.0085151 0.999943 -0.00650083 -0.0854996 0.0115673 0.00659913 0.999911 9.6576 
0.999738 0.00818149 -0.0213584 -0.763697 -0.00835977 0.999931 -0.00827126 -0.147884 0.0212892 0.00844765 0.999738 10.9958 
0.999704 -0.00338761 -0.0241066 -0.754983 0.0032848 0.999985 -0.0043029 -0.120999 0.0241208 0.00422244 0.9997 12.2943 
0.998862 -0.0261805 -0.039874 -0.902136 0.0263989 0.999639 0.00496048 -0.18511 0.0397298 -0.00600746 0.999192 12.8401 
0.998465 -0.0313539 -0.0456675 -0.891731 0.0315902 0.999491 0.00446075 -0.199765 0.0455044 -0.00589654 0.998947 13.4618 
0.998093 -0.0322763 -0.0526178 -0.945184 0.0324642 0.999469 0.00272118 -0.195832 0.052502 -0.00442419 0.998611 14.331 
0.998255 -0.0301874 -0.0507542 -1.03807 0.0300678 0.999543 -0.00311927 -0.208354 0.0508252 0.00158776 0.998706 15.175 
0.998899 -0.0265175 -0.0386939 -1.27599 0.0264598 0.999648 -0.00200277 -0.276663 0.0387333 0.000976739 0.999249 15.9614 
0.999394 -0.0186254 -0.0293914 -1.44934 0.018577 0.999826 -0.00192054 -0.218022 0.029422 0.00137337 0.999566 16.7224 
0.999396 -0.020358 -0.0281679 -1.46436 0.0204028 0.999791 0.00130616 -0.257229 0.0281354 -0.00188007 0.999602 17.2278 
0.999727 0.0160186 -0.017033 -1.63807 -0.0159233 0.999857 0.00571331 -0.302664 0.0171221 -0.00544053 0.999839 18.5977 
0.999394 -0.0226804 -0.0264132 -1.73821 0.0225878 0.999738 -0.00379979 -0.223189 0.0264924 0.00320087 0.999644 18.969 
0.999303 -0.0302009 -0.0219241 -1.82811 0.0303498 0.999518 0.00648832 -0.250144 0.0217176 -0.00714919 0.999739 19.7642 
0.998822 -0.0405963 -0.0265863 -1.76328 0.0408744 0.999114 0.01 -0.304595 0.0261568 -0.0110749 0.999597 20.4998 
0.998145 -0.0383602 -0.0472864 -1.7619 0.0384285 0.999261 0.000535226 -0.211588 0.0472309 -0.00235138 0.998881 21.5987 
0.998018 -0.0336493 -0.0531756 -1.73068 0.0338099 0.999426 0.00212226 -0.194305 0.0530736 -0.00391591 0.998583 22.4355 
0.998102 -0.0395065 -0.0472328 -1.97393 0.0397679 0.999198 0.00460891 -0.190163 0.0470128 -0.00647851 0.998873 23.8926 
0.998093 -0.043108 -0.0441798 -1.97576 0.0435846 0.999001 0.00988312 -0.213899 0.0437096 -0.0117898 0.998975 24.7679 
0.997884 -0.0453313 -0.046616 -2.02872 0.0458311 0.998902 0.00970817 -0.245304 0.0461247 -0.0118241 0.998866 26.173 
0.998191 -0.0444863 -0.0404551 -2.10639 0.0447729 0.998978 0.0062059 -0.238197 0.0401377 -0.00800597 0.999162 26.959 
0.997983 -0.0504549 -0.0385358 -2.21854 0.0505617 0.998719 0.00180089 -0.231825 0.0383956 -0.00374569 0.999256 27.8553 
0.997371 -0.0552493 -0.0468952 -2.0943 0.0552226 0.998472 -0.00186489 -0.228172 0.0469266 -0.000729687 0.998898 28.763 
0.996983 -0.0623639 -0.0462091 -2.1807 0.0624581 0.998047 0.000596722 -0.32192 0.0460816 -0.00348105 0.998932 29.5201 
0.996981 -0.0622454 -0.0464186 -2.27431 0.0625349 0.998031 0.00481041 -0.36844 0.0460278 -0.00769868 0.99891 30.1498 
0.996261 -0.073577 -0.0452895 -2.21921 0.0740446 0.997217 0.00873222 -0.265586 0.044521 -0.012053 0.998936 31.0196 
0.995709 -0.0784213 -0.0491274 -2.03943 0.0789078 0.99685 0.00803919 -0.269315 0.0483421 -0.0118812 0.99876 31.8639 
0.994412 -0.0924043 -0.0510567 -2.19917 0.0928807 0.995652 0.00703268 -0.271482 0.0501849 -0.0117356 0.998671 33.1338 
0.992763 -0.102912 -0.0618898 -1.95887 0.103565 0.994595 0.00742369 -0.363511 0.0607913 -0.0137796 0.998055 33.6254 
0.993125 -0.0946644 -0.0688643 -1.85726 0.0953859 0.995414 0.00725841 -0.369177 0.0678614 -0.0137772 0.9976 34.5548 
0.993254 -0.0939373 -0.0679803 -1.9195 0.0948379 0.995441 0.010137 -0.399669 0.0667182 -0.0165157 0.997635 35.4404 
0.994401 -0.0828332 -0.0656206 -1.80822 0.0837712 0.996417 0.0116685 -0.240023 0.0644189 -0.0171003 0.997776 35.2183 
0.993649 -0.10047 -0.050679 -2.28287 0.102015 0.994364 0.0288622 -0.369945 0.0474936 -0.0338489 0.998298 36.4084 
0.99547 -0.0764122 -0.0565806 -2.16521 0.0780333 0.996585 0.0270153 -0.279223 0.054323 -0.0313081 0.998032 37.2693 
0.995169 -0.081561 -0.0546524 -2.28812 0.0835588 0.995877 0.0353222 -0.273978 0.0515461 -0.0397183 0.99788 38.3934 
0.99562 -0.075515 -0.0551247 -2.35411 0.0775354 0.996358 0.0354794 -0.258887 0.0522448 -0.0395981 0.997849 39.5078 
0.995772 -0.0756102 -0.0521613 -2.37206 0.077502 0.996369 0.0352508 -0.296873 0.0493066 -0.0391443 0.998016 40.6024 
0.995821 -0.0756482 -0.0511699 -2.31705 0.0774535 0.996407 0.0342663 -0.288553 0.0483938 -0.0380864 0.998102 41.4908 
0.996434 -0.07166 -0.0445429 -2.6615 0.0731165 0.996811 0.0319771 -0.210114 0.0421094 -0.0351199 0.998496 42.5901 
0.996417 -0.0725142 -0.0435328 -2.62147 0.0739671 0.996723 0.0327446 -0.171037 0.0410157 -0.0358472 0.998515 43.5243 
0.996475 -0.0726277 -0.0419959 -2.79499 0.0740271 0.996717 0.0327836 -0.0896118 0.0394771 -0.0357768 0.99858 44.3254 
0.99647 -0.0708552 -0.0450259 -2.6941 0.0724768 0.996739 0.0354626 -0.0585678 0.0423664 -0.0386007 0.998356 45.4578 
0.996598 -0.0664261 -0.0487917 -2.57776 0.067963 0.99722 0.0305445 -0.0131025 0.0466272 -0.0337566 0.998342 46.415 
0.997845 -0.0577635 -0.0311252 -2.95335 0.0586374 0.997888 0.0279359 0.041707 0.0294458 -0.0297008 0.999125 47.8917 
0.997781 -0.0522244 -0.0413051 -3.63077 0.0535663 0.998049 0.0320778 0.40141 0.0395492 -0.0342192 0.998632 50.5896 
0.998443 -0.0441626 -0.0340663 -3.86734 0.0452887 0.998428 0.0330231 0.423786 0.0325544 -0.0345145 0.998874 50.3148 
0.99875 -0.0336586 -0.0369665 -3.46032 0.0348778 0.998852 0.0328479 0.499221 0.0358184 -0.0340962 0.998776 51.6956 
0.998811 -0.0306867 -0.0378858 -3.66184 0.0320686 0.998822 0.0364235 0.497701 0.0367235 -0.0375951 0.998618 52.4636 
0.998709 -0.031545 -0.0398195 -3.55255 0.0331461 0.998641 0.0402115 0.389839 0.0384969 -0.0414794 0.998397 53.4351 
0.998633 -0.0323176 -0.0410708 -3.53916 0.0337267 0.998849 0.0340914 0.465599 0.0399218 -0.03543 0.998574 54.3559 
0.99865 -0.0378565 -0.0355589 -3.64317 0.0390999 0.998624 0.0349485 0.484515 0.0341869 -0.0362917 0.998756 55.0123 
0.99797 -0.0448735 -0.0451836 -3.76718 0.0467752 0.998024 0.0419498 0.476184 0.0432119 -0.0439782 0.998098 55.957 
0.998054 -0.0388483 -0.0487729 -3.42933 0.0409181 0.998272 0.042183 0.521595 0.0470499 -0.0440966 0.997919 56.9645 
0.998077 -0.0429288 -0.0447115 -3.34108 0.0450611 0.997839 0.0478264 0.531111 0.0425617 -0.0497492 0.997854 57.3643 
0.998346 -0.0411873 -0.0401061 -3.50479 0.0429621 0.998088 0.0444461 0.57127 0.0381988 -0.0460957 0.998206 58.4408 
0.998632 -0.0368349 -0.0371187 -3.58924 0.0382774 0.998508 0.038931 0.570607 0.0356293 -0.0402986 0.998552 59.1953 
0.998045 -0.0504112 -0.0369462 -3.7677 0.0518105 0.997936 0.0379464 0.475017 0.034957 -0.0397864 0.998597 59.7365 
0.998163 -0.042304 -0.0433592 -3.70059 0.0438621 0.998402 0.0356341 0.547498 0.0417825 -0.0374705 0.998424 61.3831 
0.998309 -0.0408953 -0.0413009 -3.62787 0.0424443 0.9984 0.0373521 0.604369 0.0397073 -0.039042 0.998448 62.5383 
0.998592 -0.0369054 -0.0381111 -3.85993 0.0384379 0.998448 0.0402931 0.594625 0.0365649 -0.0417012 0.998461 63.4258 
0.998735 -0.0327514 -0.0381606 -3.89619 0.0343486 0.998528 0.0419806 0.613023 0.0367295 -0.0432382 0.998389 64.3006 
0.998881 -0.0282503 -0.0379319 -3.88721 0.0299836 0.998495 0.0459308 0.647784 0.0365773 -0.0470167 0.998224 64.9387 
0.999024 -0.0275479 -0.0345349 -4.00604 0.029291 0.998268 0.0510251 0.502208 0.0330695 -0.0519869 0.9981 65.7498 
0.99904 -0.0195333 -0.039216 -4.00526 0.021861 0.997969 0.0598322 0.52645 0.0379677 -0.060632 0.997438 66.6634 
0.999236 -0.0185252 -0.0344237 -4.02419 0.0205233 0.998069 0.0586278 0.584695 0.0332711 -0.0592894 0.997686 67.3693 
0.999218 -0.0135705 -0.037135 -4.11195 0.015863 0.997941 0.0621531 0.61852 0.0362151 -0.0626936 0.997376 68.0991 
0.999324 -0.0142859 -0.0338852 -4.23631 0.0165176 0.997648 0.0665228 0.647016 0.0328552 -0.0670375 0.997209 69.0113 
0.999235 -0.0121258 -0.0371734 -4.27412 0.014719 0.997417 0.0703005 0.686934 0.036225 -0.0707939 0.996833 69.8139 
0.999199 -0.0100974 -0.0387315 -4.35382 0.0127563 0.997533 0.0690298 0.692994 0.0379389 -0.0694686 0.996862 70.7432 
0.999067 -0.00898614 -0.0422476 -4.30012 0.0116933 0.997864 0.0642757 0.694496 0.0415798 -0.0647097 0.997037 71.353 
0.998962 -0.0129327 -0.0436717 -4.39894 0.0154094 0.998263 0.0568602 0.786949 0.0428604 -0.0574741 0.997427 72.3763 
0.998722 -0.0154947 -0.0481043 -4.25063 0.0182826 0.998145 0.0580668 0.802927 0.0471154 -0.0588721 0.997153 72.9406 
0.998678 -0.0142327 -0.0493978 -4.25405 0.0172256 0.998007 0.0607019 0.846261 0.0484354 -0.0614725 0.996933 73.5656 
0.998448 -0.0155575 -0.0534726 -4.28546 0.0188602 0.997909 0.0618269 0.885393 0.0523989 -0.0627395 0.996653 74.2398 
0.989987 -0.133055 -0.0471466 -3.91403 0.135696 0.989044 0.0581187 0.739856 0.038897 -0.0639343 0.997196 74.7637 
0.991604 -0.114624 -0.0598486 -3.91052 0.117742 0.991711 0.0514462 0.966883 0.0534555 -0.0580609 0.996881 75.436 
0.985341 -0.166844 -0.035571 -4.21124 0.168519 0.984383 0.0509061 0.979136 0.0265221 -0.0561543 0.99807 70.944 
0.986602 -0.159771 -0.0330228 -3.84918 0.161184 0.985862 0.0457845 1.20581 0.0252409 -0.0504938 0.998405 72.5443 
0.987786 -0.153179 -0.0285323 -3.88703 0.154468 0.986713 0.050365 1.23724 0.0204383 -0.0541572 0.998323 73.1916 
0.988025 -0.151749 -0.027891 -3.89151 0.153057 0.986794 0.0530152 1.26344 0.0194777 -0.0566493 0.998204 73.6711 
0.987999 -0.153259 -0.0192478 -3.9437 0.154147 0.986259 0.0594319 1.26531 0.00987484 -0.0616857 0.998047 74.1165 
0.988057 -0.15375 -0.0102202 -3.96098 0.154089 0.986001 0.0637102 1.30089 0.000281693 -0.0645241 0.997916 74.7891 
0.988984 -0.148024 -7.35693e-05 -3.9668 0.147709 0.986844 0.0657279 1.33245 -0.0096567 -0.0650147 0.997838 75.2522 
0.990069 -0.1399 0.0138101 -3.95026 0.138673 0.98804 0.0674259 1.4343 -0.0230778 -0.0648412 0.997629 75.7106 
0.990933 -0.130553 0.0317495 -3.97415 0.128071 0.989252 0.0705539 1.44918 -0.0406193 -0.065848 0.997003 76.0668 
0.989927 -0.12975 0.0566438 -3.76621 0.125511 0.98941 0.0729006 1.61496 -0.0655028 -0.0650569 0.995729 76.9866 
0.987706 -0.133674 0.0810431 -3.69229 0.127619 0.988923 0.0757973 1.72072 -0.0902774 -0.0645228 0.993824 77.4723 
0.985135 -0.135826 0.10517 -3.57341 0.127416 0.988374 0.0829613 1.71976 -0.115216 -0.0683276 0.990988 77.8948 
0.980925 -0.13847 0.136426 -3.49794 0.127259 0.987979 0.0877656 1.7507 -0.146939 -0.06873 0.986755 78.3019 
0.975794 -0.136946 0.170507 -3.3594 0.122326 0.988073 0.0935305 1.78807 -0.181282 -0.070409 0.980907 78.7817 
0.967729 -0.137251 0.211337 -3.17716 0.11839 0.987968 0.0995148 1.84707 -0.222453 -0.0712832 0.972334 79.2148 
0.957544 -0.134322 0.255084 -3.05521 0.111214 0.988443 0.103014 1.85234 -0.265973 -0.0702719 0.961416 79.0184 
0.943627 -0.133062 0.303087 -2.67276 0.104493 0.98857 0.108679 1.97242 -0.314084 -0.070882 0.946746 79.6271 
0.92293 -0.140328 0.358479 -2.47011 0.105534 0.987749 0.114953 1.98858 -0.370219 -0.0682617 0.926433 80.0235 
0.900083 -0.138478 0.413128 -2.23228 0.0959453 0.987871 0.122092 2.0309 -0.425024 -0.0702549 0.902452 80.3852 
0.870435 -0.140337 0.471857 -2.0446 0.0904457 0.987779 0.126934 2.08414 -0.483904 -0.06781 0.87249 80.8227 
0.834505 -0.139113 0.53315 -1.92154 0.0793639 0.987861 0.133535 2.13096 -0.545255 -0.0691229 0.835416 81.0871 
0.79403 -0.143338 0.590737 -1.79439 0.0748984 0.987466 0.138928 2.14938 -0.603247 -0.0660676 0.794814 81.2257 
0.751605 -0.146192 0.64321 -1.56647 0.0689054 0.987197 0.143857 2.172 -0.656005 -0.063803 0.752055 81.3681 
0.70801 -0.151197 0.689827 -1.29225 0.060814 0.986237 0.153748 2.20227 -0.703579 -0.0669041 0.707461 81.6223 
0.659627 -0.154896 0.735458 -0.997308 0.0537823 0.985752 0.159374 2.25609 -0.749666 -0.0655727 0.65856 81.832 
0.611888 -0.157795 0.775044 -0.79555 0.0466771 0.985394 0.16377 2.28661 -0.789566 -0.0640322 0.610316 81.9041 
0.563879 -0.160966 0.810019 -0.459161 0.0443768 0.98531 0.164908 2.34446 -0.824664 -0.0570419 0.562739 82.0512 
0.517023 -0.165008 0.839917 -0.158679 0.0400147 0.98483 0.168845 2.37481 -0.855036 -0.0536879 0.515782 82.1432 
0.46834 -0.168657 0.867302 0.21969 0.0345578 0.984358 0.172759 2.46118 -0.882872 -0.0509381 0.466843 82.3224 
0.421431 -0.167238 0.891307 0.560023 0.0236423 0.984541 0.173553 2.52724 -0.906552 -0.052068 0.418869 82.4685 
0.375682 -0.168333 0.911333 0.939033 0.0171822 0.984462 0.174757 2.58105 -0.926589 -0.0499945 0.372737 82.5711 
0.330621 -0.17162 0.928028 1.25476 0.0172108 0.98426 0.175887 2.63375 -0.943607 -0.0421799 0.32837 82.6785 
0.28579 -0.177605 0.94169 1.53557 0.0257754 0.983745 0.177714 2.68626 -0.957946 -0.0265163 0.285722 82.7469 
0.247413 -0.180938 0.951866 1.87686 0.0212841 0.983187 0.18136 2.73583 -0.968676 -0.0246111 0.247104 82.8651 
0.213789 -0.178616 0.960412 2.09739 0.0121338 0.983552 0.180219 2.75995 -0.976805 -0.0268753 0.212439 82.8962 
0.179158 -0.172015 0.968666 2.49472 -0.0058444 0.984393 0.175888 2.85271 -0.983803 -0.037173 0.175356 83.0008 
0.148829 -0.167858 0.974512 2.94712 -0.0162264 0.98494 0.172132 2.9438 -0.98873 -0.041431 0.143864 83.0906 
0.122084 -0.165544 0.978617 3.33132 -0.0195192 0.985401 0.169126 3.01023 -0.992328 -0.0397494 0.11707 83.1241 
0.090501 -0.161668 0.982687 3.52686 -0.0203089 0.986231 0.164121 3.05763 -0.995689 -0.0348104 0.0859716 83.1853 
0.0714068 -0.153336 0.985591 3.94421 -0.0176954 0.987763 0.154956 3.14426 -0.99729 -0.0285053 0.0678196 83.1428 
0.049469 -0.145479 0.988124 4.34976 -0.0181104 0.989042 0.14652 3.22106 -0.998611 -0.0251435 0.0462922 83.1018 
0.033568 -0.15296 0.987662 3.7031 -0.0158383 0.988013 0.153553 3.02254 -0.999311 -0.0207974 0.030743 83.2871 
0.0442661 -0.161619 0.98586 4.62135 -0.0284826 0.986222 0.162957 3.14282 -0.998614 -0.0352933 0.0390529 82.9845 
0.0269778 -0.1645 0.986008 5.15139 -0.0167909 0.986153 0.164983 3.36762 -0.999495 -0.0210069 0.0238422 82.8672 
0.0177408 -0.150215 0.988494 5.78977 -0.0563952 0.986926 0.150988 3.19026 -0.998251 -0.058425 0.00903743 82.7817 
0.014991 -0.148456 0.988805 6.60645 -0.0472774 0.987705 0.149008 3.30911 -0.998769 -0.0489819 0.00778806 82.669 
0.00950677 -0.14686 0.989112 7.1806 -0.0364767 0.988447 0.147112 3.46078 -0.999289 -0.037478 0.00403998 82.5805 
-0.00593243 -0.147085 0.989106 7.38923 -0.0389583 0.988406 0.146748 3.47393 -0.999223 -0.0376634 -0.0115939 82.7634 
-0.0158491 -0.151144 0.988385 8.6014 -0.0340286 0.988018 0.150543 3.59442 -0.999295 -0.0312474 -0.0208025 82.6846 
-0.0217293 -0.148683 0.988646 9.11995 -0.0344266 0.988404 0.14789 3.67542 -0.999171 -0.0308222 -0.026596 82.704 
-0.025182 -0.152658 0.987958 9.73571 -0.0447263 0.987454 0.15144 3.7997 -0.998682 -0.0403741 -0.0316939 82.8021 
-0.0281805 -0.152936 0.987834 10.2234 -0.0440238 0.987458 0.151621 3.86138 -0.998633 -0.0392155 -0.0345599 82.6972 
-0.0324336 -0.154309 0.98749 10.715 -0.0411462 0.987378 0.15294 3.92373 -0.998627 -0.0356711 -0.0383735 82.715 
-0.0341361 -0.161576 0.98627 11.5437 -0.0340347 0.98646 0.160429 3.93529 -0.998838 -0.028091 -0.0391731 82.6104 
-0.0439652 -0.165943 0.985155 12.1371 -0.0306979 0.985867 0.164693 3.98929 -0.998561 -0.0230015 -0.0484379 82.6105 
-0.0456621 -0.166583 0.98497 12.2078 -0.0212221 0.985937 0.165763 4.05901 -0.998731 -0.013334 -0.0485552 82.7245 
-0.0483431 -0.174425 0.983483 13.1005 -0.020829 0.984596 0.173599 4.08109 -0.998614 -0.0120927 -0.0512315 82.7131 
-0.0466678 -0.179446 0.98266 13.9148 -0.0252551 0.98363 0.178424 4.18298 -0.998591 -0.0164906 -0.0504357 82.8593 
-0.0368216 -0.182904 0.982441 14.9506 -0.0190982 0.983057 0.182303 4.3329 -0.999139 -0.0120501 -0.0396909 82.529 
-0.0378369 -0.184504 0.982103 15.8552 -0.0185307 0.982768 0.183915 4.52215 -0.999112 -0.0112403 -0.0406039 82.4099 
-0.0361296 -0.183832 0.982293 16.728 -0.0161001 0.982915 0.183356 4.74309 -0.999217 -0.00919043 -0.0384721 82.4901 
-0.0342155 -0.189706 0.981245 18.202 -0.0104726 0.981834 0.189454 4.93782 -0.99936 -0.00379387 -0.0355807 82.1974 
-0.0386183 -0.193134 0.980412 19.4448 -0.0136334 0.981155 0.192743 5.17813 -0.999161 -0.0059229 -0.0405236 82.1978 
-0.0326422 -0.195297 0.980201 20.2556 -0.019907 0.980656 0.194725 5.35457 -0.999269 -0.0131566 -0.0358986 82.1737 
-0.0187723 -0.195251 0.980574 21.05 -0.0193504 0.980634 0.194893 5.50524 -0.999637 -0.0153159 -0.0221869 82.0509 
-0.00951289 -0.193401 0.981074 21.7508 -0.0203736 0.980952 0.193179 5.61958 -0.999747 -0.0181503 -0.013272 81.9342 
0.00516926 -0.188214 0.982114 22.4811 -0.0119723 0.982046 0.188264 5.76806 -0.999915 -0.0127314 0.00282309 81.8216 
0.000907474 -0.187222 0.982317 23.0935 -0.015561 0.982196 0.187213 5.82963 -0.999879 -0.0154558 -0.00202205 81.9308 
-0.00732003 -0.184511 0.982803 23.8419 -0.0280145 0.982482 0.184242 5.98706 -0.999581 -0.0261841 -0.0123608 81.961 
-0.0197177 -0.190766 0.981437 25.0305 -0.0274914 0.981361 0.190199 6.15153 -0.999428 -0.0232308 -0.0245946 82.3981 
-0.0220144 -0.189757 0.981584 25.6833 -0.0331542 0.981421 0.188982 6.27736 -0.999208 -0.0283833 -0.0278966 82.4066 
-0.0175823 -0.189356 0.981751 26.5866 -0.0289843 0.981587 0.188806 6.44092 -0.999425 -0.0251357 -0.0227469 82.4846 
-0.0202078 -0.193948 0.980804 27.6272 -0.0382566 0.980436 0.193087 6.66141 -0.999064 -0.0336203 -0.0272322 82.7492 
-0.0181466 -0.191546 0.981316 28.6051 -0.0711312 0.979238 0.189825 7.17115 -0.997302 -0.0663575 -0.0313947 82.4773 
-0.01334 -0.184977 0.982652 29.1954 -0.0568868 0.981288 0.183948 7.27175 -0.998292 -0.0534461 -0.0236131 82.5714 
-0.0204059 -0.186149 0.98231 30.1558 -0.0621949 0.980848 0.18458 7.4475 -0.997855 -0.0573281 -0.0315926 82.6379 
-0.0324589 -0.194232 0.980419 30.987 -0.0562541 0.979735 0.192234 7.54615 -0.997889 -0.0489129 -0.0427275 82.6417 
-0.0351899 -0.193267 0.980515 31.7822 -0.0621056 0.979649 0.190867 7.72541 -0.997449 -0.0541789 -0.0464767 82.6235 
-0.0388293 -0.193262 0.980379 32.4434 -0.0597659 0.979811 0.190783 7.81722 -0.997457 -0.0511852 -0.0495959 82.486 
-0.0467481 -0.190473 0.980579 33.1396 -0.0576896 0.980528 0.187713 8.00129 -0.997239 -0.047794 -0.0568261 82.3987 
-0.0467995 -0.186622 0.981316 33.9036 -0.0581366 0.981236 0.183835 8.13564 -0.997211 -0.048447 -0.056771 82.3299 
-0.0586037 -0.184421 0.981099 34.5847 -0.058139 0.98175 0.18107 8.24664 -0.996587 -0.0464287 -0.0682562 82.2672 
-0.0750583 -0.175882 0.981546 35.348 -0.0589608 0.983383 0.171703 8.44231 -0.995435 -0.044985 -0.0841812 82.2925 
-0.0788326 -0.177831 0.980898 36.065 -0.0633008 0.982868 0.1731 8.5578 -0.994876 -0.0484456 -0.0887389 82.2401 
-0.0851316 -0.177426 0.980445 36.9672 -0.0650108 0.98291 0.172227 8.66552 -0.994247 -0.0490776 -0.0952112 82.1664 
-0.0942963 -0.17541 0.979969 37.7209 -0.0677033 0.983206 0.169474 8.82716 -0.993239 -0.0503664 -0.104589 81.9986 
-0.108068 -0.176732 0.978308 38.2983 -0.0735457 0.982796 0.169419 8.87414 -0.991419 -0.0536417 -0.119206 82.1317 
-0.12627 -0.176462 0.976175 40.1643 -0.0512235 0.983898 0.171232 9.43358 -0.990672 -0.0283816 -0.133276 82.2256 
-0.131045 -0.166865 0.977232 41.1596 -0.0576733 0.985347 0.160517 9.51215 -0.989697 -0.0353252 -0.138749 81.9537 
-0.145059 -0.172955 0.974189 41.4442 -0.0563424 0.98445 0.166387 9.53135 -0.987817 -0.0307521 -0.152548 81.9211 
-0.155361 -0.172265 0.972722 42.1814 -0.0598189 0.984512 0.164799 9.67292 -0.986045 -0.0325838 -0.163259 81.8418 
-0.164722 -0.173564 0.970949 42.822 -0.0604978 0.98432 0.165691 9.7657 -0.984483 -0.0314474 -0.172639 81.692 
-0.174488 -0.172107 0.969501 43.7078 -0.0590359 0.984663 0.164174 9.95619 -0.982888 -0.028589 -0.181972 81.5755 
-0.183828 -0.174271 0.967387 44.9552 -0.0634985 0.984208 0.165235 10.1893 -0.980905 -0.0310527 -0.191991 81.3944 
-0.1912 -0.178744 0.965139 46.0431 -0.0575786 0.983629 0.170761 10.3202 -0.979861 -0.0229219 -0.198361 80.9702 
-0.204222 -0.168306 0.964348 50.456 -0.064125 0.985293 0.158382 11.3052 -0.976822 -0.0294936 -0.212012 79.6539 
-0.222921 -0.188148 0.956507 48.6341 -0.0685368 0.981795 0.177149 8.48235 -0.972424 -0.0260656 -0.231758 82.4242 
-0.222051 -0.190049 0.956334 50.3362 -0.063907 0.981548 0.180221 8.75379 -0.972938 -0.0210983 -0.230099 81.6998 
-0.218518 -0.19173 0.956812 51.0322 -0.0571929 0.981339 0.183583 8.79987 -0.974156 -0.0146069 -0.225406 81.478 
-0.218031 -0.192843 0.9567 50.7937 -0.0610876 0.981058 0.183831 8.80704 -0.974028 -0.0183615 -0.225681 81.4265 
-0.214615 -0.187581 0.958517 51.5921 -0.0538536 0.982164 0.18015 8.95126 -0.975213 -0.0129566 -0.220889 81.2681 
-0.208378 -0.188965 0.95962 52.0441 -0.0559275 0.981855 0.181199 9.05793 -0.976448 -0.0159114 -0.215165 81.0415 
-0.208906 -0.190305 0.95924 52.6966 -0.0559554 0.981602 0.182555 9.13014 -0.976334 -0.0155378 -0.215712 80.8999 
-0.199822 -0.192317 0.960773 53.3048 -0.0553732 0.981198 0.184888 9.21036 -0.978266 -0.0162564 -0.206714 80.8059 
-0.184298 -0.189456 0.964438 53.9438 -0.0511092 0.981766 0.183094 9.43994 -0.981541 -0.0155478 -0.19062 80.7772 
-0.14607 -0.188038 0.971239 54.8286 -0.0384881 0.982106 0.184353 9.50432 -0.988525 -0.0104527 -0.150693 80.2293 
-0.117855 -0.190333 0.97462 55.2552 -0.0320023 0.981678 0.187841 9.62545 -0.992515 -0.00905192 -0.121787 80.2929 
-0.0982816 -0.191108 0.976636 55.8154 -0.024704 0.981554 0.189584 9.70783 -0.994852 -0.00549419 -0.10119 80.3724 
