1 0 -0 0 -0 1 0 0 0 -0 1 -0 
0.999991 -0.00269505 -0.0033195 -0.00185887 0.00268791 0.999994 -0.00215373 -0.00469017 0.00332529 0.00214479 0.999992 0.671455 
0.999972 -0.00134566 -0.0073708 -0.0121232 0.00131804 0.999992 -0.0037505 -0.00708405 0.00737578 0.00374068 0.999966 1.36058 
0.999935 -0.00140924 -0.011271 -0.0266425 0.00135034 0.999985 -0.00523105 -0.0105987 0.0112782 0.00521549 0.999923 2.06679 
0.999869 -9.55645e-05 -0.0161817 -0.0441669 1.1843e-06 0.999983 -0.00583245 -0.017045 0.016182 0.00583166 0.999852 2.79005 
