1 0 -0 0 -0 1 0 0 0 -0 1 -0 
0.999991 -0.00269703 -0.00331718 -0.00191549 0.0026899 0.999994 -0.00215241 -0.00467936 0.00332297 0.00214347 0.999992 0.671528 
0.999972 -0.00135236 -0.00737377 -0.0118832 0.00132488 0.999992 -0.00372916 -0.00741453 0.00737876 0.00371928 0.999966 1.36018 
0.999935 -0.00140172 -0.0112782 -0.0263292 0.00134287 0.999985 -0.00522465 -0.0107833 0.0112854 0.00520917 0.999923 2.06565 
0.999869 -0.000109315 -0.0162115 -0.0432966 1.56268e-05 0.999983 -0.00577913 -0.0178332 0.0162118 0.00577812 0.999852 2.78677 
0.999788 -0.00118401 -0.0205606 -0.0620259 0.00106175 0.999982 -0.00595612 -0.0274988 0.0205673 0.00593303 0.999771 3.52469 
0.999685 0.000564636 -0.0250779 -0.0876267 -0.000746007 0.999974 -0.00722356 -0.0361811 0.0250731 0.00723999 0.999659 4.27612 
0.999545 0.00322005 -0.0299847 -0.118438 -0.00345584 0.999963 -0.00781506 -0.0456018 0.0299585 0.00791513 0.99952 5.04162 
0.999407 0.00356115 -0.0342467 -0.151333 -0.00377658 0.999973 -0.00622774 -0.0542753 0.0342236 0.00635338 0.999394 5.82265 
0.999248 0.00273193 -0.0386767 -0.185281 -0.00287218 0.999989 -0.00357086 -0.063041 0.0386665 0.00367926 0.999245 6.61546 
0.999107 0.00239315 -0.042194 -0.222133 -0.00243193 0.999997 -0.000867934 -0.0732329 0.0421918 0.000969772 0.999109 7.41666 
0.998988 0.00387848 -0.0448082 -0.265619 -0.00394825 0.999991 -0.00146876 -0.0832447 0.0448021 0.00164419 0.998995 8.22335 
0.99889 0.00334651 -0.0469871 -0.308392 -0.00342941 0.999993 -0.00168376 -0.0902248 0.0469811 0.00184303 0.998894 9.03797 
0.998809 0.000379012 -0.0487889 -0.348451 -0.00048964 0.999997 -0.00225555 -0.0972393 0.0487879 0.00227676 0.998807 9.86103 
0.998708 0.000272803 -0.0508092 -0.392981 -0.000345095 0.999999 -0.00141404 -0.106033 0.0508088 0.00142974 0.998707 10.6953 
0.998634 -0.00117076 -0.0522407 -0.438432 0.00108759 0.999998 -0.00162049 -0.116239 0.0522425 0.00156146 0.998633 11.5372 
0.998534 0.00115619 -0.0541222 -0.490322 -0.00136989 0.999991 -0.00391152 -0.126875 0.0541173 0.00397992 0.998527 12.3859 
0.99846 0.00158493 -0.0554559 -0.543554 -0.00194985 0.999977 -0.00652688 -0.137461 0.0554443 0.00662496 0.99844 13.2429 
0.998347 0.00551124 -0.0572133 -0.601813 -0.00598872 0.999949 -0.00817744 -0.148435 0.0571653 0.00850655 0.998328 14.1079 
0.998281 0.0063852 -0.0582532 -0.658963 -0.00685066 0.999946 -0.0077941 -0.162028 0.0582002 0.00817977 0.998271 14.9834 
0.998206 0.00548196 -0.0596144 -0.714746 -0.00586884 0.999963 -0.00631651 -0.176452 0.0595775 0.00665504 0.998201 15.8677 
0.998117 0.00613313 -0.0610277 -0.773311 -0.00644 0.999968 -0.0048331 -0.18906 0.0609961 0.00521702 0.998124 16.7566 
0.998059 0.00573636 -0.0620162 -0.832716 -0.00604269 0.99997 -0.00475312 -0.202873 0.0619871 0.00511864 0.998064 17.6489 
0.997955 0.00559346 -0.0636811 -0.892924 -0.00596201 0.999967 -0.00559889 -0.21581 0.0636476 0.00596711 0.997955 18.5446 
0.997896 0.00418284 -0.0647021 -0.953387 -0.00460391 0.999969 -0.00636007 -0.228502 0.0646735 0.00664457 0.997884 19.4468 
0.997858 0.00433607 -0.0652689 -1.01616 -0.0046503 0.999978 -0.00466324 -0.240747 0.0652473 0.00495677 0.997857 20.3551 
0.997856 0.00570263 -0.0651987 -1.08212 -0.00579577 0.999982 -0.00123957 -0.253532 0.0651905 0.00161479 0.997872 21.2728 
0.997904 0.00671381 -0.064356 -1.14719 -0.00656674 0.999975 0.00249654 -0.263861 0.0643711 -0.0020687 0.997924 22.1947 
0.99801 0.00560406 -0.0628084 -1.20784 -0.00528019 0.999972 0.00532126 -0.270414 0.0628365 -0.00497903 0.998011 23.1228 
0.998105 0.00582237 -0.0612625 -1.26775 -0.00545865 0.999966 0.00610277 -0.276606 0.061296 -0.00575679 0.998103 24.0521 
0.998186 0.00605869 -0.0598936 -1.32771 -0.0058726 0.999977 0.00328252 -0.283399 0.0599121 -0.00292484 0.998199 24.9856 
0.998233 0.00686531 -0.0590157 -1.38723 -0.00696965 0.999974 -0.00156232 -0.28981 0.0590034 0.00197088 0.998256 25.921 
0.998309 0.00598159 -0.0578176 -1.4446 -0.00625239 0.99997 -0.004504 -0.298245 0.057789 0.00485788 0.998317 26.8637 
0.998363 0.00341323 -0.0570931 -1.49945 -0.00361745 0.999987 -0.00347399 -0.309226 0.0570805 0.00367484 0.998363 27.8151 
0.998354 0.00157508 -0.0573254 -1.55543 -0.00149261 0.999998 0.00148151 -0.319514 0.0573276 -0.00139351 0.998354 28.7751 
0.998305 -0.00224215 -0.0581534 -1.61055 0.00253305 0.999985 0.004929 -0.329849 0.0581415 -0.00506795 0.998295 29.7387 
