1 0 -0 0 -0 1 0 0 0 -0 1 -0 
0.999049 -0.000501339 0.0435874 0.0456905 0.000609218 0.999997 -0.00246176 -0.0217784 -0.043586 0.00248597 0.999047 1.05735 
0.996059 -0.00485505 0.0885583 0.144424 0.00552102 0.999958 -0.00727674 -0.046853 -0.0885193 0.00773699 0.996044 2.11334 
0.990992 -0.00428399 0.133849 0.287326 0.00582256 0.999921 -0.0111055 -0.0738288 -0.133791 0.0117848 0.99094 3.1692 
0.983728 -0.00211433 0.179654 0.47859 0.00461641 0.999898 -0.0135103 -0.10446 -0.179607 0.0141198 0.983637 4.22481 
0.974285 -0.00467576 0.225269 0.72701 0.00789878 0.999879 -0.0134083 -0.137945 -0.225179 0.0148429 0.974204 5.27807 
0.962788 -0.00549309 0.270203 1.02476 0.00978544 0.999846 -0.0145411 -0.173983 -0.270081 0.0166441 0.962694 6.32081 
0.949436 -0.00813893 0.313854 1.37182 0.0141977 0.999754 -0.0170235 -0.211521 -0.313638 0.0206188 0.949319 7.3445 
0.934487 -0.0101223 0.355853 1.77263 0.0179643 0.999663 -0.0187395 -0.247332 -0.355544 0.0239045 0.934354 8.35606 
0.917351 -0.0101944 0.397948 2.21265 0.0194967 0.999623 -0.0193359 -0.28475 -0.397601 0.0254964 0.917204 9.35352 
0.897958 -0.0107629 0.439949 2.69753 0.0207379 0.999625 -0.0178722 -0.322224 -0.439591 0.0251721 0.897845 10.3329 
0.876246 -0.0106086 0.481746 3.22627 0.0213621 0.99963 -0.0168425 -0.361905 -0.481389 0.0250493 0.876149 11.2863 
0.852465 -0.0109216 0.52267 3.79651 0.0223321 0.99963 -0.0155351 -0.399815 -0.522307 0.0249154 0.852393 12.2136 
0.827061 -0.0113432 0.561998 4.41171 0.0241386 0.999591 -0.0153479 -0.438546 -0.561594 0.0262595 0.826996 13.1137 
0.799901 -0.0130988 0.599989 5.06953 0.0275533 0.999509 -0.0149129 -0.472602 -0.599499 0.0284605 0.799869 13.9875 
0.771427 -0.0121798 0.636202 5.77012 0.0284537 0.999477 -0.0153669 -0.507327 -0.635682 0.0299567 0.77137 14.8317 
0.741013 -0.0153955 0.671315 6.5109 0.0334236 0.999344 -0.0139755 -0.538425 -0.670659 0.0327938 0.741041 15.6433 
0.709108 -0.014372 0.704953 7.29085 0.0336029 0.999345 -0.0134272 -0.570051 -0.704298 0.0332098 0.709127 16.4271 
0.675108 -0.0130552 0.737603 8.10262 0.034792 0.999294 -0.0141571 -0.603871 -0.736898 0.0352203 0.675086 17.1729 
0.639723 -0.0141336 0.768476 8.95567 0.0392877 0.999125 -0.0143296 -0.634681 -0.767601 0.0393586 0.639718 17.8783 
0.603278 -0.0122636 0.797437 9.84384 0.0392518 0.999127 -0.0143294 -0.666353 -0.796565 0.0399454 0.603232 18.5546 
0.565748 -0.0110181 0.824504 10.7648 0.0422002 0.998987 -0.0156066 -0.700223 -0.823497 0.0436237 0.56564 19.1823 
0.527199 -0.00934206 0.84969 11.7211 0.0468652 0.998737 -0.0180972 -0.732426 -0.848448 0.0493618 0.526971 19.7693 
0.488538 -0.00825545 0.872503 12.708 0.0485113 0.998666 -0.0177136 -0.760511 -0.871193 0.0509801 0.488287 20.3191 
0.45034 -0.00993464 0.892802 13.729 0.0535957 0.998436 -0.0159242 -0.790527 -0.891247 0.0550216 0.450168 20.8242 
0.413483 -0.0104601 0.910452 14.7691 0.0573775 0.998246 -0.0145894 -0.823013 -0.908702 0.0582719 0.413358 21.2849 
0.378311 -0.00794643 0.925644 15.8305 0.0589108 0.998143 -0.0155081 -0.851249 -0.923802 0.0603973 0.378077 21.7138 
0.345028 -0.00861319 0.938553 16.9266 0.059521 0.998146 -0.0127208 -0.875269 -0.936703 0.0602526 0.344901 22.1115 
0.311823 -0.0101438 0.950086 18.0525 0.0619317 0.998034 -0.00967056 -0.900474 -0.94812 0.0618559 0.311838 22.4742 
0.279067 -0.00985379 0.960221 19.2034 0.0627067 0.998 -0.00798283 -0.91386 -0.958222 0.06244 0.279127 22.8109 
0.246818 -0.0066243 0.969039 20.3573 0.0601531 0.998153 -0.00849793 -0.929009 -0.967193 0.0603882 0.246761 23.1111 
0.215968 -0.00490438 0.976388 21.53 0.0600849 0.998159 -0.00827646 -0.945294 -0.97455 0.0604536 0.215865 23.3685 
0.185504 -0.00460595 0.982633 22.7202 0.0621803 0.99804 -0.00706035 -0.962369 -0.980674 0.0624101 0.185426 23.5944 
0.154953 -0.00480958 0.98791 23.9331 0.0638474 0.997946 -0.00515599 -0.980709 -0.985856 0.0638744 0.154942 23.7825 
0.124523 -0.00531592 0.992202 25.1672 0.0625941 0.998036 -0.00250851 -0.994075 -0.99024 0.0624184 0.124611 23.9453 
0.0951657 -0.00568481 0.995445 26.4235 0.0631866 0.998002 -0.000341302 -1.01063 -0.993454 0.0629313 0.0953348 24.0636 
0.0679715 -0.00522568 0.997674 27.6918 0.0660959 0.997813 0.000723294 -1.0131 -0.995495 0.0658929 0.0681683 24.1525 
0.0428333 -0.00477891 0.999071 28.9865 0.0702344 0.997529 0.00176037 -1.02456 -0.99661 0.0700938 0.0430631 24.1965 
0.0200977 -0.00419331 0.999789 30.2953 0.0744465 0.997221 0.00268603 -1.02505 -0.997022 0.0743768 0.020354 24.2175 
-9.97406e-05 -0.00425157 0.999991 31.6321 0.0801591 0.996773 0.00424589 -1.02633 -0.996782 0.0801588 0.000241384 24.1981 
-0.0177049 -0.00475595 0.999832 32.9766 0.0844982 0.996404 0.00623593 -1.02467 -0.996266 0.0845944 -0.0172393 24.1651 
-0.0332741 -0.00455772 0.999436 34.3287 0.0876123 0.996127 0.0074595 -1.02083 -0.995599 0.0878111 -0.0327459 24.1167 
-0.0475986 -0.00515972 0.998853 35.698 0.0899105 0.995905 0.00942902 -1.01969 -0.994812 0.0902562 -0.0469398 24.0429 
-0.0608797 -0.0061138 0.998126 37.0635 0.0901014 0.995865 0.0115956 -1.01512 -0.99407 0.0906386 -0.0600771 23.9604 
-0.0730648 -0.00587988 0.99731 38.4354 0.0899399 0.995869 0.0124605 -1.00994 -0.993263 0.0906083 -0.0722341 23.8615 
-0.0842674 -0.0029158 0.996439 39.8199 0.0901276 0.995874 0.0105361 -1.00131 -0.992359 0.0906945 -0.0836569 23.7482 
-0.0944119 0.000620028 0.995533 41.2211 0.0905675 0.995858 0.00796879 -0.993469 -0.991405 0.0909153 -0.0940771 23.6141 
-0.10379 0.00328861 0.994594 42.6407 0.0917547 0.995762 0.00628247 -0.9857 -0.990358 0.0919107 -0.103651 23.4662 
-0.111253 0.0044664 0.993782 44.09 0.0914762 0.995791 0.00576526 -0.978126 -0.989573 0.0915488 -0.111193 23.3061 
-0.117027 0.00519179 0.993115 45.5563 0.0912131 0.995816 0.00554246 -0.973043 -0.988931 0.0912337 -0.117011 23.1339 
-0.122105 0.00692202 0.992493 47.0433 0.0923562 0.995716 0.00441798 -0.967576 -0.988211 0.0922023 -0.122222 22.9508 
-0.126645 0.00865569 0.99191 48.5505 0.091415 0.995808 0.002982 -0.963236 -0.987727 0.0910531 -0.126906 22.7614 
-0.130653 0.00964131 0.991381 50.0727 0.0920205 0.995754 0.0024434 -0.960993 -0.987148 0.0915466 -0.130985 22.5601 
-0.133564 0.00869994 0.991002 51.6169 0.0918146 0.995769 0.00363267 -0.957404 -0.986778 0.0914736 -0.133798 22.3515 
-0.135873 0.00682913 0.990703 53.182 0.0925002 0.995696 0.00582268 -0.954125 -0.986399 0.0924313 -0.13592 22.1346 
-0.138113 0.00569873 0.9904 54.7679 0.0923272 0.995703 0.00714592 -0.947845 -0.986104 0.0924278 -0.138045 21.9155 
-0.140185 0.00660582 0.990103 56.369 0.0949627 0.995458 0.00680388 -0.94101 -0.985561 0.0949767 -0.140176 21.6864 
-0.141209 0.0064186 0.989959 57.9841 0.0946486 0.995486 0.00704632 -0.932161 -0.985445 0.0946932 -0.141179 21.4584 
-0.141809 0.00780949 0.989863 59.6161 0.0965145 0.995314 0.00597432 -0.924707 -0.985178 0.0963834 -0.141898 21.2217 
-0.141877 0.00811017 0.989851 61.2685 0.0962433 0.995342 0.00563955 -0.918552 -0.985194 0.0960666 -0.141997 20.9853 
-0.14116 0.00953058 0.989941 62.9342 0.0961235 0.995361 0.00412395 -0.91591 -0.985309 0.0957387 -0.141422 20.7472 
-0.139979 0.00944685 0.990109 64.6238 0.0966023 0.995314 0.00416082 -0.913103 -0.985431 0.0962293 -0.140235 20.506 
-0.138668 0.00838404 0.990303 66.3332 0.0956755 0.9954 0.00496989 -0.910533 -0.985706 0.095437 -0.138833 20.2669 
-0.137459 0.00925317 0.990464 68.0587 0.0967796 0.995297 0.00413296 -0.907212 -0.985768 0.0964248 -0.137708 20.0238 
-0.136387 0.00996601 0.990605 69.7971 0.0966269 0.995315 0.00329026 -0.90465 -0.985932 0.0961679 -0.136711 19.7855 
-0.13554 0.0105978 0.990715 71.558 0.0976083 0.995221 0.00270787 -0.902241 -0.985952 0.097069 -0.135927 19.544 
-0.134543 0.0105402 0.990852 73.3425 0.0973052 0.995251 0.0026256 -0.900752 -0.986119 0.0967683 -0.134929 19.3025 
-0.13375 0.0089105 0.990975 75.1452 0.0988688 0.995091 0.00439663 -0.900481 -0.986071 0.0985646 -0.133974 19.0558 
-0.133092 0.00709433 0.991078 76.9577 0.100582 0.994908 0.00638545 -0.897865 -0.985987 0.100535 -0.133128 18.8086 
-0.132351 0.00812983 0.99117 78.7763 0.101983 0.994771 0.00545844 -0.899751 -0.985943 0.101805 -0.132488 18.5653 
-0.131621 0.0100365 0.991249 80.6158 0.104011 0.994569 0.00374086 -0.899548 -0.985828 0.103594 -0.13195 18.3179 
-0.130994 0.00968121 0.991336 82.4712 0.103165 0.994657 0.00391844 -0.901976 -0.986001 0.102784 -0.131293 18.0725 
-0.130927 0.00949558 0.991346 84.336 0.103519 0.994619 0.00414491 -0.905254 -0.985972 0.103166 -0.131206 17.826 
-0.130734 0.00840905 0.991382 86.2193 0.103215 0.994646 0.00517433 -0.905239 -0.98603 0.103002 -0.130902 17.5772 
-0.130587 0.00867066 0.991399 88.1163 0.104751 0.994485 0.00510017 -0.90418 -0.985888 0.104516 -0.130776 17.3262 
-0.130524 0.00850235 0.991409 90.0335 0.105804 0.994372 0.00540186 -0.901734 -0.985783 0.1056 -0.130689 17.0684 
-0.130565 0.00959853 0.991393 91.9422 0.106269 0.994328 0.00436854 -0.901286 -0.985728 0.105925 -0.130844 16.8152 
-0.131181 0.0103218 0.991305 93.862 0.105766 0.994384 0.00364236 -0.903338 -0.9857 0.105324 -0.131536 16.5609 
-0.132238 0.0110667 0.991156 95.7962 0.105053 0.994462 0.00291236 -0.906555 -0.985635 0.104509 -0.132668 16.301 
-0.133512 0.0117309 0.990978 97.7314 0.104268 0.994547 0.00227466 -0.910047 -0.985547 0.103631 -0.134007 16.0424 
-0.134472 0.0108976 0.990857 99.6743 0.103239 0.994652 0.00307156 -0.915455 -0.985525 0.102709 -0.134878 15.7793 
-0.135515 0.0106037 0.990719 101.622 0.103088 0.994666 0.00345489 -0.919655 -0.985398 0.102599 -0.135885 15.5177 
-0.135957 0.00962252 0.990668 103.589 0.100655 0.994913 0.00414994 -0.920515 -0.985588 0.10028 -0.136234 15.2514 
-0.137598 0.0106161 0.990431 105.565 0.10049 0.994933 0.00329648 -0.921571 -0.985377 0.0999825 -0.137967 14.9776 
-0.140184 0.011484 0.990059 107.548 0.0992798 0.995056 0.00251527 -0.922114 -0.985135 0.0986455 -0.140632 14.6981 
-0.144282 0.0124121 0.989459 109.543 0.0998248 0.995003 0.00207471 -0.927464 -0.984489 0.0990719 -0.1448 14.4145 
-0.148959 0.0115205 0.988776 111.542 0.0978346 0.995198 0.00314344 -0.933825 -0.983992 0.0972047 -0.149371 14.1235 
-0.153886 0.0107432 0.98803 113.549 0.0962991 0.995344 0.00417592 -0.941348 -0.983385 0.095789 -0.154204 13.8213 
-0.158504 0.0114958 0.987291 115.556 0.0949498 0.995475 0.00365256 -0.948534 -0.982782 0.094322 -0.158878 13.5082 
-0.163197 0.0132753 0.986504 117.559 0.0954587 0.995431 0.00239632 -0.957837 -0.981964 0.0945614 -0.163719 13.1854 
-0.167846 0.0150374 0.985699 119.58 0.0952031 0.995457 0.00102502 -0.968313 -0.981205 0.0940136 -0.168515 12.8477 
-0.172691 0.0152748 0.984858 121.604 0.09383 0.995588 0.00101151 -0.980552 -0.980497 0.0925839 -0.173362 12.5052 
-0.177729 0.015012 0.983965 123.624 0.091933 0.995764 0.00141338 -0.993321 -0.979776 0.0907101 -0.178356 12.1533 
-0.183294 0.0143889 0.982953 125.66 0.0900136 0.995938 0.00220615 -1.00387 -0.978928 0.0888835 -0.183845 11.7897 
-0.188878 0.0138476 0.981903 127.702 0.0892426 0.996005 0.00312016 -1.01317 -0.977937 0.0882169 -0.189359 11.4111 
-0.194428 0.0136703 0.980822 129.746 0.0894287 0.995986 0.00384574 -1.02166 -0.976832 0.0884613 -0.19487 11.0173 
-0.199982 0.0153098 0.97968 131.795 0.0900784 0.995931 0.00282386 -1.03091 -0.97565 0.0888127 -0.200547 10.6098 
-0.205694 0.0163732 0.978479 133.851 0.0896483 0.995971 0.00217977 -1.03963 -0.974502 0.0881674 -0.206333 10.1898 
-0.211647 0.0164573 0.977208 135.915 0.0901676 0.995923 0.00275629 -1.04781 -0.973178 0.0886958 -0.212268 9.75414 
-0.217239 0.0164686 0.975979 137.982 0.0894862 0.995983 0.00311219 -1.0583 -0.972008 0.0880128 -0.21784 9.30647 
-0.222655 0.017369 0.974743 140.058 0.089034 0.996025 0.00258932 -1.06854 -0.970823 0.0873618 -0.223317 8.8456 
-0.227981 0.0181211 0.973497 142.147 0.0882743 0.996094 0.00213103 -1.07694 -0.969656 0.0864206 -0.22869 8.37385 
-0.233102 0.0174302 0.972296 144.293 0.0893887 0.99599 0.00357538 -1.08977 -0.968335 0.0877457 -0.233725 7.8856 
-0.237355 0.0174254 0.971267 146.365 0.0914755 0.995797 0.00448901 -1.09562 -0.967106 0.0899126 -0.237951 7.39344 
-0.240918 0.0181293 0.970376 148.406 0.0925056 0.995703 0.00436414 -1.10084 -0.966127 0.0908166 -0.241559 6.89765 
-0.244102 0.0187787 0.969568 150.452 0.0929138 0.995666 0.00410812 -1.10697 -0.965288 0.091089 -0.244789 6.38975 
-0.247511 0.0186147 0.968706 152.505 0.0920374 0.995746 0.00438193 -1.11337 -0.964504 0.0902418 -0.248172 5.87607 
-0.251508 0.0190489 0.967668 154.563 0.0906859 0.995872 0.00396624 -1.12284 -0.963597 0.0887514 -0.252198 5.35438 
-0.255879 0.0196521 0.966509 156.622 0.0895513 0.995976 0.00345709 -1.13158 -0.962552 0.0874367 -0.256609 4.82381 
-0.260357 0.0192313 0.965321 158.686 0.0887238 0.996048 0.00408627 -1.13972 -0.961427 0.0867108 -0.261034 4.27845 
-0.264882 0.0196741 0.96408 160.74 0.08907 0.996017 0.00414617 -1.15177 -0.960158 0.0869689 -0.265579 3.72562 
-0.269424 0.0200334 0.962813 162.786 0.0885957 0.996059 0.00406661 -1.16729 -0.958938 0.0863967 -0.270137 3.16164 
-0.274077 0.0198641 0.961502 164.828 0.0878978 0.996119 0.0044761 -1.17823 -0.957682 0.0857408 -0.27476 2.59111 
-0.278487 0.0191182 0.96025 166.866 0.0876306 0.996137 0.00558152 -1.18681 -0.956434 0.0857016 -0.279087 2.01267 
-0.282772 0.0190427 0.958998 168.91 0.0881165 0.996091 0.00620297 -1.19672 -0.955131 0.0862576 -0.283344 1.42517 
-0.286932 0.019775 0.957747 170.952 0.089226 0.995992 0.00616656 -1.20422 -0.953787 0.0872253 -0.287547 0.828053 
-0.290571 0.0209739 0.956624 172.997 0.0894827 0.995974 0.00534334 -1.2069 -0.95266 0.0871539 -0.291278 0.217366 
-0.294283 0.0223987 0.955456 175.042 0.0893619 0.99599 0.00417472 -1.21733 -0.951532 0.0866099 -0.295104 -0.394474 
-0.297703 0.0236226 0.954366 177.086 0.0902514 0.995913 0.0035019 -1.22228 -0.950383 0.0871754 -0.298618 -1.02284 
-0.301103 0.0243498 0.953281 179.133 0.0899594 0.995941 0.00297507 -1.23283 -0.949339 0.0866524 -0.302072 -1.65664 
-0.304718 0.02431 0.952132 181.184 0.0901158 0.995925 0.00341231 -1.24349 -0.94817 0.086842 -0.305667 -2.30066 
-0.308781 0.0243462 0.950822 183.238 0.0897114 0.995961 0.00363185 -1.25297 -0.946893 0.0864209 -0.309718 -2.95508 
-0.312598 0.0251228 0.949553 185.296 0.0918396 0.995766 0.00388863 -1.26196 -0.945435 0.0884222 -0.313582 -3.62172 
-0.315859 0.0253924 0.948466 187.361 0.0938661 0.995574 0.00460583 -1.26936 -0.944152 0.0904836 -0.316845 -4.30186 
-0.318605 0.0249502 0.947559 189.427 0.0946281 0.995497 0.0056051 -1.27615 -0.943152 0.0914516 -0.319531 -4.9892 
-0.321543 0.0243787 0.946581 191.502 0.0942143 0.995532 0.00636414 -1.28167 -0.942196 0.0912278 -0.322403 -5.68473 
-0.324428 0.0249584 0.945581 193.58 0.0932889 0.995623 0.00572814 -1.28605 -0.941299 0.0900706 -0.325336 -6.38796 
-0.327394 0.0268253 0.944507 195.652 0.0924895 0.995706 0.00378012 -1.29338 -0.94035 0.0885945 -0.328469 -7.09699 
-0.330636 0.0286205 0.943324 197.721 0.0919939 0.995757 0.00203271 -1.30286 -0.939264 0.0874522 -0.331867 -7.81177 
-0.333977 0.0295451 0.942118 199.798 0.0910163 0.995849 0.00103477 -1.3153 -0.938177 0.0860936 -0.33528 -8.53664 
-0.337358 0.0302782 0.940889 201.875 0.0893002 0.996005 -3.30725e-05 -1.32924 -0.937131 0.0840104 -0.338714 -9.2669 
-0.341267 0.0304956 0.939472 203.949 0.0898778 0.995953 0.000319483 -1.34546 -0.93566 0.0845467 -0.342626 -10.0052 
-0.344946 0.0295038 0.938159 206.027 0.0893571 0.995998 0.0015324 -1.36305 -0.934359 0.0843597 -0.346203 -10.7546 
-0.348714 0.0288197 0.936786 208.116 0.0891251 0.996017 0.00253437 -1.37691 -0.932982 0.0843749 -0.349893 -11.5207 
-0.35267 0.0286746 0.935308 210.205 0.08913 0.996015 0.00307182 -1.38933 -0.931493 0.0844474 -0.35382 -12.297 
-0.35643 0.0287531 0.93388 212.3 0.0881218 0.996105 0.00296415 -1.40195 -0.930157 0.0833517 -0.357576 -13.0826 
-0.360146 0.0293285 0.932435 214.391 0.0873993 0.99617 0.00242405 -1.41704 -0.928793 0.0823671 -0.36133 -13.8771 
-0.363383 0.029979 0.931158 216.48 0.087507 0.996162 0.00207759 -1.43378 -0.927521 0.0822378 -0.364611 -14.6807 
-0.366266 0.0306185 0.930006 218.568 0.0882935 0.996093 0.00197854 -1.45044 -0.926312 0.0828382 -0.367538 -15.4938 
-0.368837 0.0303494 0.928998 220.657 0.089352 0.995996 0.00293705 -1.46611 -0.925189 0.0840911 -0.370072 -16.3158 
-0.371474 0.0298496 0.927963 222.748 0.0905758 0.995881 0.00422425 -1.47819 -0.924015 0.0856202 -0.372648 -17.1467 
-0.374105 0.0305857 0.926882 224.838 0.0917666 0.995772 0.00417957 -1.4901 -0.922835 0.0866204 -0.37533 -17.9836 
-0.3767 0.0313497 0.925805 226.927 0.0915689 0.995792 0.00353879 -1.5019 -0.921798 0.086108 -0.377986 -18.8268 
-0.379359 0.0315124 0.924713 229.012 0.0910246 0.995843 0.00340603 -1.51647 -0.920761 0.0854637 -0.38065 -19.6742 
-0.38222 0.0327096 0.923492 231.098 0.0907187 0.995874 0.00227381 -1.53321 -0.919608 0.0846472 -0.38361 -20.5272 
-0.385117 0.0338126 0.922248 233.182 0.090504 0.995895 0.00128042 -1.55206 -0.918419 0.0839602 -0.386597 -21.3885 
-0.387666 0.0336974 0.921184 235.267 0.0881967 0.996103 0.000678139 -1.57297 -0.917571 0.0815082 -0.389127 -22.2545 
-0.390716 0.0346293 0.919859 237.348 0.0890381 0.996028 0.000322768 -1.59577 -0.916195 0.0820287 -0.392248 -23.1281 
-0.393305 0.0341845 0.918772 239.427 0.0905244 0.995893 0.00169744 -1.61744 -0.914941 0.0838389 -0.394784 -24.012 
-0.395888 0.0333205 0.917694 241.493 0.0909798 0.995848 0.00308996 -1.63546 -0.913781 0.0847149 -0.397275 -24.894 
-0.398976 0.0328237 0.916374 243.563 0.0899895 0.995937 0.00350653 -1.65051 -0.912535 0.083863 -0.400309 -25.7827 
-0.402117 0.0330911 0.91499 245.631 0.0886509 0.996058 0.00293699 -1.66658 -0.911287 0.0822957 -0.403465 -26.6789 
-0.405585 0.0324026 0.913483 247.701 0.0870908 0.996195 0.00333163 -1.68148 -0.909899 0.0809072 -0.406863 -27.5856 
-0.409084 0.0317429 0.911944 249.765 0.0862383 0.996266 0.00400713 -1.6976 -0.908412 0.0802838 -0.410294 -28.4992 
-0.41266 0.0320001 0.910323 251.829 0.0857577 0.996309 0.00385222 -1.7128 -0.906839 0.0796569 -0.413881 -29.4226 
-0.416366 0.0316921 0.908645 253.891 0.0851623 0.996358 0.00427225 -1.72721 -0.9052 0.0791611 -0.417548 -30.3549 
-0.420388 0.0310992 0.906812 255.945 0.0841358 0.996443 0.00483132 -1.7413 -0.903435 0.0783264 -0.421509 -31.2906 
-0.424307 0.0310049 0.904988 257.995 0.0833001 0.996512 0.00491495 -1.75592 -0.901679 0.077471 -0.425409 -32.2344 
-0.42821 0.0317569 0.903121 260.039 0.0833896 0.996507 0.00449808 -1.77133 -0.899823 0.0772371 -0.429363 -33.1898 
-0.431683 0.032154 0.901452 262.083 0.0837905 0.996473 0.00458196 -1.78664 -0.898125 0.0775111 -0.432855 -34.1571 
-0.435441 0.032023 0.899647 264.124 0.0835432 0.996492 0.00496585 -1.80148 -0.896332 0.0773218 -0.436589 -35.13 
-0.43913 0.0322859 0.897843 266.166 0.0822288 0.996604 0.00438041 -1.81494 -0.894653 0.0757521 -0.440294 -36.114 
-0.442829 0.0326123 0.896013 268.21 0.0827806 0.996557 0.00464017 -1.82684 -0.892776 0.0762273 -0.444004 -37.1115 
-0.446252 0.0331718 0.894292 270.255 0.0833579 0.996509 0.00463239 -1.83874 -0.891017 0.0766136 -0.447459 -38.1193 
-0.449715 0.0343388 0.892512 272.298 0.0846671 0.9964 0.00432593 -1.85081 -0.88915 0.0775119 -0.451003 -39.1371 
-0.45297 0.0363114 0.890786 274.34 0.0868314 0.996217 0.00354513 -1.86456 -0.887287 0.078954 -0.454409 -40.1681 
-0.455839 0.0370725 0.88929 276.383 0.0880574 0.996109 0.00361155 -1.87858 -0.885696 0.0799548 -0.457329 -41.2051 
-0.458684 0.0391354 0.887737 278.428 0.0898182 0.995955 0.00250205 -1.89142 -0.884048 0.0808826 -0.460344 -42.2522 
-0.461275 0.0415853 0.886282 280.478 0.0915422 0.995801 0.000920092 -1.90428 -0.882522 0.0815567 -0.463145 -43.312 
-0.464186 0.0422156 0.884731 282.535 0.0925598 0.995707 0.00105195 -1.91632 -0.880888 0.0823788 -0.466101 -44.3823 
-0.467461 0.0432147 0.882957 284.6 0.092728 0.995691 0.000360515 -1.92686 -0.879137 0.0820434 -0.469455 -45.4636 
-0.470802 0.043131 0.881184 286.67 0.0918221 0.995775 0.000319227 -1.93784 -0.877447 0.0810625 -0.472774 -46.5555 
-0.474248 0.0444025 0.879271 288.745 0.0927593 0.995689 -0.000250358 -1.9503 -0.875491 0.0814418 -0.476322 -47.6615 
-0.477511 0.0446964 0.877488 290.824 0.0919304 0.995765 -0.000694373 -1.9656 -0.873803 0.0803362 -0.479598 -48.777 
-0.48038 0.0443905 0.875936 292.911 0.0902005 0.995923 -0.0010035 -1.98171 -0.87241 0.0785278 -0.482426 -49.9057 
-0.483062 0.0449691 0.874431 295.006 0.0917216 0.995785 -0.000540219 -1.9975 -0.870769 0.0799432 -0.48515 -51.0514 
-0.485276 0.0450276 0.873201 297.111 0.0931617 0.995651 0.000432173 -2.01098 -0.869384 0.0815586 -0.487361 -52.2125 
-0.487558 0.0451842 0.87192 299.232 0.0941734 0.995555 0.00106854 -2.02388 -0.867997 0.0826327 -0.489647 -53.386 
-0.490228 0.0436772 0.870499 300.116 0.0915942 0.995795 0.00161811 -2.03515 -0.866768 0.0805259 -0.492167 -53.8238 
-0.492789 0.0428324 0.869094 302.272 0.0910309 0.995845 0.00253668 -2.04541 -0.865374 0.0803645 -0.49464 -55.0292 
-0.496619 0.0411157 0.866994 302.819 0.0887763 0.996045 0.00361584 -2.05228 -0.863417 0.0787642 -0.498305 -55.2681 
-0.49959 0.0390727 0.86538 303.521 0.0857063 0.99631 0.00449457 -2.06657 -0.862012 0.076414 -0.501095 -55.6192 
-0.501805 0.0376284 0.864162 304.032 0.0852295 0.996343 0.00610746 -2.1861 -0.860772 0.0767169 -0.503177 -55.9878 
-0.503995 0.03765 0.862886 304.675 0.0835477 0.99649 0.00531903 -2.28663 -0.859656 0.0747728 -0.505371 -56.3898 
-0.507822 0.0342666 0.86078 305.39 0.0798001 0.996783 0.0073978 -2.37742 -0.857758 0.0724472 -0.508923 -56.8019 
-0.512686 0.0299632 0.858053 306.197 0.0753089 0.997108 0.010178 -2.45501 -0.855267 0.0698371 -0.51346 -57.2648 
-0.517595 0.025469 0.855246 307.131 0.0708316 0.997401 0.0131649 -2.51434 -0.852689 0.0673926 -0.518054 -57.8157 
-0.522495 0.0223307 0.85235 308.205 0.0677803 0.997581 0.0154141 -2.55793 -0.849944 0.0658263 -0.522745 -58.4585 
-0.526901 0.0217577 0.849648 309.358 0.0679682 0.997549 0.0166047 -2.59262 -0.847204 0.0664981 -0.527089 -59.1567 
-0.531048 0.022509 0.847043 310.501 0.0702698 0.997374 0.0175513 -2.6227 -0.844423 0.0688421 -0.531235 -59.8588 
-0.534954 0.0226095 0.844579 311.608 0.0711106 0.9973 0.0183434 -2.65658 -0.841883 0.0698713 -0.535117 -60.5501 
-0.538732 0.0218199 0.842194 312.72 0.0716298 0.997231 0.0199833 -2.68708 -0.839426 0.0710919 -0.538804 -61.2478 
-0.542635 0.0199907 0.839731 313.799 0.0722498 0.997122 0.0229503 -2.71825 -0.836856 0.0731241 -0.542518 -61.937 
-0.546381 0.0182336 0.837338 315.06 0.0713931 0.997138 0.0248722 -2.7234 -0.834488 0.0733699 -0.546119 -62.7442 
-0.550245 0.0178994 0.834811 316.25 0.0705114 0.997195 0.0250947 -2.70887 -0.832021 0.0726719 -0.549964 -63.4845 
-0.554404 0.0176108 0.832061 318.315 0.0703935 0.997186 0.0257976 -2.67163 -0.829265 0.072874 -0.554083 -64.8337 
-0.558396 0.0178024 0.829384 320.373 0.0714717 0.997085 0.0267174 -2.63023 -0.82649 0.0741964 -0.55804 -66.1931 
-0.562913 0.0176966 0.826327 321.363 0.0725364 0.996971 0.0280623 -2.61412 -0.823327 0.0757354 -0.562492 -66.8348 
-0.566691 0.0173564 0.823747 322.39 0.0719288 0.997003 0.028476 -2.59219 -0.820785 0.0753882 -0.566241 -67.5152 
-0.569956 0.0170577 0.821498 323.421 0.0723669 0.996941 0.0295076 -2.56514 -0.818482 0.0762673 -0.569447 -68.2133 
-0.572749 0.0169864 0.819555 324.444 0.073307 0.996841 0.03057 -2.53704 -0.816446 0.077588 -0.572185 -68.9131 
-0.575352 0.0165839 0.817738 325.452 0.0712482 0.99701 0.0299099 -2.51295 -0.814797 0.075471 -0.574814 -69.5988 
-0.578328 0.0159458 0.815648 326.489 0.0680442 0.997268 0.0287497 -2.49014 -0.812962 0.0721269 -0.577833 -70.3021 
-0.581548 0.015695 0.813361 327.549 0.0653112 0.997487 0.0274491 -2.46843 -0.810886 0.0690845 -0.581112 -71.026 
-0.584524 0.013231 0.811268 328.615 0.0632981 0.997563 0.0293374 -2.44803 -0.808903 0.0685002 -0.583938 -71.7625 
-0.587715 0.0126669 0.808969 329.702 0.0639457 0.997477 0.0308379 -2.42307 -0.806537 0.069854 -0.587042 -72.5261 
-0.590627 0.0130515 0.806839 330.781 0.0635811 0.997513 0.0304071 -2.39874 -0.804436 0.069259 -0.589988 -73.2855 
-0.593632 0.0118308 0.80465 332.843 0.0614938 0.997635 0.0306988 -2.34966 -0.802384 0.0677048 -0.592955 -74.7781 
-0.596764 0.00818844 0.802375 334.904 0.0592653 0.997667 0.0338969 -2.29856 -0.800225 0.0677815 -0.595856 -76.2816 
-0.599895 0.00584279 0.800058 336.968 0.0567993 0.997761 0.0353023 -2.23734 -0.79806 0.0666203 -0.598884 -77.7966 
-0.602975 0.00509683 0.797744 339.028 0.055587 0.997818 0.0356404 -2.17243 -0.795821 0.0658345 -0.601942 -79.322 
-0.60558 0.0053121 0.795766 341.077 0.0552148 0.997848 0.0353575 -2.11004 -0.793866 0.0653499 -0.604571 -80.8519 
-0.608411 0.00476087 0.793608 343.121 0.0550461 0.997827 0.0362145 -2.04995 -0.791711 0.0657183 -0.607351 -82.3856 
-0.611268 0.00397273 0.791414 345.166 0.0544771 0.997827 0.0370678 -1.98889 -0.789546 0.0657723 -0.610156 -83.9358 
-0.614046 0.00255681 0.789266 347.207 0.0512924 0.99801 0.0366723 -1.92654 -0.787602 0.0630018 -0.612956 -85.4904 
-0.61696 -0.00109099 0.786994 349.244 0.0412104 0.998582 0.033691 -1.86983 -0.785915 0.0532183 -0.61604 -87.0449 
-0.620216 0.00144099 0.78443 351.268 0.0335002 0.999135 0.0246517 -1.82433 -0.783716 0.0415679 -0.619727 -88.5969 
-0.622864 0.0116804 0.782243 353.282 0.0434796 0.99886 0.019706 -1.79464 -0.781121 0.0462858 -0.622662 -90.1785 
-0.623916 0.0126512 0.781389 355.29 0.0506995 0.998418 0.0243169 -1.76668 -0.779845 0.0547877 -0.623571 -91.7718 
-0.626116 0.00336703 0.779723 357.311 0.0494601 0.998148 0.0354061 -1.71549 -0.77816 0.0607335 -0.625123 -93.3697 
-0.6291 -0.00712346 0.777292 359.341 0.0433612 0.998079 0.0442411 -1.6365 -0.776114 0.0615364 -0.627583 -94.9774 
-0.632241 -0.0132613 0.774658 361.352 0.0372693 0.998175 0.0475053 -1.54593 -0.773875 0.0589057 -0.630594 -96.5754 
-0.635036 -0.013604 0.772363 363.346 0.0361981 0.998223 0.0473443 -1.45735 -0.771634 0.0580234 -0.633415 -98.1805 
-0.637612 -0.00840661 0.770312 365.327 0.0415896 0.998107 0.0453176 -1.37488 -0.769234 0.060932 -0.636055 -99.7967 
-0.639846 -0.0018571 0.768501 367.309 0.0461628 0.998098 0.0408466 -1.29908 -0.767115 0.0616117 -0.638544 -101.427 
-0.642336 0.0010428 0.766422 369.301 0.0471962 0.998155 0.0381969 -1.2285 -0.764969 0.0607075 -0.6412 -103.076 
-0.645253 0.00098045 0.763969 371.294 0.0469061 0.998163 0.0383362 -1.15893 -0.762528 0.0605713 -0.644113 -104.731 
-0.648142 0.000396595 0.761519 373.28 0.0475825 0.998067 0.0399785 -1.08565 -0.760031 0.0621468 -0.646908 -106.393 
-0.650625 -0.000418358 0.759399 375.263 0.0478924 0.997987 0.0415822 -1.0108 -0.757888 0.0634239 -0.649295 -108.064 
-0.652538 6.57242e-05 0.757756 377.252 0.0484326 0.997959 0.0416209 -0.932872 -0.756207 0.0638593 -0.651209 -109.751 
-0.653957 0.000142255 0.756532 379.258 0.0485213 0.997949 0.0417548 -0.85552 -0.754974 0.0640138 -0.652622 -111.462 
-0.655407 0.000830302 0.755275 380.829 0.0492826 0.997915 0.041669 -0.795554 -0.753666 0.0645321 -0.654082 -112.821 
-0.656715 0.000346882 0.754139 381.865 0.0506601 0.997761 0.0436567 -0.755149 -0.752435 0.0668748 -0.655262 -113.762 
-0.657703 4.82045e-05 0.753278 382.884 0.0526151 0.997561 0.0458755 -0.704852 -0.751438 0.0698062 -0.656101 -114.695 
-0.658891 -0.000176453 0.752239 383.886 0.0543283 0.997377 0.0478204 -0.649752 -0.750274 0.0723763 -0.657153 -115.618 
-0.660275 0.000253085 0.751024 384.899 0.0529796 0.997524 0.0462417 -0.588722 -0.749153 0.0703212 -0.658654 -116.546 
-0.661769 0.000635753 0.749707 385.891 0.0491634 0.997884 0.0425505 -0.537112 -0.748094 0.0650168 -0.6604 -117.462 
-0.66312 8.18848e-05 0.748513 386.88 0.0462771 0.998091 0.0408884 -0.495032 -0.747081 0.061753 -0.661858 -118.38 
-0.664219 -0.000545768 0.747538 387.865 0.0458178 0.99809 0.0414397 -0.457942 -0.746132 0.0617756 -0.662925 -119.308 
-0.665027 -0.00187468 0.746817 388.843 0.0435918 0.998194 0.0413234 -0.425199 -0.745546 0.0600363 -0.663744 -120.237 
-0.665775 -0.00290382 0.746147 389.816 0.0408169 0.998353 0.0403056 -0.393702 -0.745035 0.0572899 -0.66456 -121.164 
-0.666451 -0.00341672 0.745541 390.792 0.0400313 0.998383 0.0403601 -0.365036 -0.744473 0.0567431 -0.665237 -122.094 
-0.666857 -0.00465508 0.745171 391.78 0.0407952 0.998253 0.042744 -0.334486 -0.744068 0.0589035 -0.665502 -123.035 
-0.666752 -0.0057512 0.745258 392.816 0.0434435 0.99797 0.0465685 -0.295906 -0.744013 0.0634262 -0.665148 -123.998 
-0.665934 -0.00678422 0.74598 394.798 0.048061 0.997491 0.0519754 -0.197788 -0.744461 0.0704647 -0.663937 -125.761 
-0.664541 -0.00744215 0.747215 396.778 0.0518468 0.997081 0.0560411 -0.0855421 -0.745451 0.0759823 -0.662215 -127.519 
-0.662885 -0.00993678 0.748655 398.758 0.0460693 0.997476 0.0540306 0.0300974 -0.747302 0.0703061 -0.660754 -129.26 
-0.662007 -0.0107248 0.749421 400.749 0.0388689 0.998061 0.0486182 0.135855 -0.748489 0.0613148 -0.660306 -130.994 
-0.660284 -0.0128104 0.750907 402.741 0.0341859 0.998305 0.0470912 0.228684 -0.750238 0.056764 -0.658727 -132.726 
-0.657766 -0.012878 0.753112 404.738 0.0326661 0.998425 0.0456033 0.318198 -0.752513 0.0545975 -0.65631 -134.455 
-0.655037 -0.0121534 0.755499 406.731 0.0347657 0.998327 0.0462023 0.40884 -0.754797 0.0565296 -0.653518 -136.178 
-0.652223 -0.0122503 0.757928 408.729 0.035386 0.998287 0.0465861 0.502533 -0.7572 0.0572046 -0.650673 -137.895 
-0.649884 -0.011331 0.759949 410.738 0.0332325 0.998509 0.0433073 0.591637 -0.759306 0.0533997 -0.648539 -139.604 
-0.64832 -0.0162049 0.761195 412.752 0.0264228 0.998692 0.0437656 0.675532 -0.760909 0.0484871 -0.647044 -141.3 
-0.647387 -0.0223417 0.761834 414.777 0.0179827 0.998844 0.0445735 0.758648 -0.761949 0.0425561 -0.646237 -142.992 
-0.646804 -0.0256687 0.762224 416.807 0.011 0.999015 0.0429773 0.843255 -0.762577 0.0361823 -0.645885 -144.683 
-0.646122 -0.0262037 0.762784 418.833 0.00930051 0.999066 0.0421986 0.925525 -0.763177 0.0343598 -0.645275 -146.377 
-0.645037 -0.0259917 0.763709 420.862 0.0115474 0.998976 0.0437517 1.00658 -0.764064 0.0370403 -0.644076 -148.077 
-0.643711 -0.0268267 0.764799 422.891 0.0133619 0.998839 0.0462825 1.09353 -0.765152 0.0400117 -0.642605 -149.773 
-0.642334 -0.029082 0.765873 424.93 0.0117558 0.998788 0.0477859 1.186 -0.766335 0.0396979 -0.641214 -151.466 
-0.64138 -0.02948 0.766657 426.968 0.00951602 0.998879 0.0463706 1.27978 -0.767164 0.0370367 -0.64038 -153.152 
-0.640471 -0.0284984 0.767453 429.005 0.00847561 0.998988 0.0441694 1.3699 -0.767935 0.0347939 -0.639582 -154.833 
-0.639401 -0.0269352 0.768401 431.047 0.00943054 0.999036 0.0428671 1.45358 -0.768816 0.0346557 -0.638531 -156.516 
-0.638238 -0.0262343 0.769392 433.091 0.0116714 0.998975 0.0437443 1.53617 -0.769751 0.0368992 -0.637277 -158.203 
-0.637 -0.0263693 0.770413 435.137 0.0133522 0.998887 0.0452295 1.62076 -0.770748 0.0390979 -0.635939 -159.887 
-0.636052 -0.0266044 0.771187 436.398 0.013128 0.998888 0.0452872 1.67424 -0.771534 0.0389291 -0.634995 -160.921 
-0.635016 -0.0274905 0.772009 436.912 0.0121022 0.99889 0.0455242 1.69707 -0.772404 0.0382516 -0.633979 -161.35 
-0.63428 -0.0280104 0.772596 437.417 0.0124826 0.998842 0.0464609 1.72673 -0.773003 0.0391132 -0.633196 -161.777 
-0.633519 -0.0284174 0.773205 437.91 0.0125324 0.998817 0.0469775 1.7562 -0.773626 0.0394512 -0.632413 -162.189 
-0.632952 -0.027461 0.773704 438.211 0.0118663 0.998909 0.0451617 1.77667 -0.7741 0.0377662 -0.631935 -162.439 
-0.632606 -0.0261444 0.774032 438.318 0.011947 0.998982 0.0435066 1.78398 -0.774381 0.03677 -0.63165 -162.528 
-0.632086 -0.0262688 0.774453 438.685 0.0123491 0.998957 0.0439628 1.79682 -0.7748 0.0373521 -0.631102 -162.821 
-0.631759 -0.0278387 0.774665 438.642 0.011209 0.998922 0.045039 1.795 -0.775084 0.0371371 -0.630766 -162.782 
-0.631701 -0.0290207 0.774668 438.963 0.00972344 0.998924 0.0453507 1.80953 -0.775151 0.0361806 -0.630739 -163.036 
-0.631786 -0.0294383 0.774583 439.479 0.00902338 0.998932 0.0453246 1.83472 -0.77509 0.0356249 -0.630846 -163.45 
-0.631864 -0.0287942 0.774545 439.547 0.00911214 0.998965 0.0445707 1.84161 -0.775026 0.0352204 -0.630947 -163.514 
-0.631879 -0.0280224 0.774561 439.813 0.00983677 0.998976 0.0441662 1.85248 -0.775005 0.0355268 -0.630956 -163.737 
-0.6321 -0.0292396 0.774335 440.257 0.00957998 0.998917 0.0455403 1.87269 -0.774828 0.0362041 -0.631135 -164.102 
-0.632207 -0.0308661 0.774185 440.746 0.00868167 0.998861 0.0469133 1.89642 -0.774751 0.0363801 -0.631219 -164.499 
-0.632469 -0.0311085 0.773961 441.187 0.00829742 0.998864 0.0469287 1.91907 -0.774541 0.0361028 -0.631492 -164.856 
-0.632715 -0.0312437 0.773754 441.412 0.00750466 0.998891 0.0464713 1.93116 -0.774348 0.0352098 -0.631779 -165.032 
-0.632874 -0.0302409 0.773664 441.679 0.00768379 0.998942 0.045332 1.94526 -0.774217 0.0346341 -0.631972 -165.244 
-0.63289 -0.0294928 0.77368 442.094 0.00866097 0.998942 0.0451647 1.96465 -0.774194 0.0352851 -0.631965 -165.582 
-0.632929 -0.0296695 0.773641 442.366 0.00854267 0.998937 0.0452986 1.97564 -0.774162 0.0352798 -0.632003 -165.801 
-0.632952 -0.0293055 0.773636 442.659 0.0081168 0.998977 0.0444823 1.98823 -0.774148 0.0344346 -0.632067 -166.039 
-0.632906 -0.0292946 0.773675 443.292 0.0070106 0.999026 0.0435624 2.01403 -0.774197 0.0329948 -0.632084 -166.549 
-0.632805 -0.0301843 0.773723 443.47 0.00642016 0.999001 0.0442237 2.01565 -0.774285 0.0329524 -0.631979 -166.69 
-0.632486 -0.0312872 0.77394 443.71 0.00612213 0.998951 0.0453866 2.02234 -0.774548 0.0334446 -0.631631 -166.884 
-0.632203 -0.032511 0.77412 443.935 0.00585448 0.99889 0.046732 2.03225 -0.77478 0.0340762 -0.631311 -167.066 
-0.632074 -0.0314358 0.77427 444.081 0.00633914 0.998934 0.0457322 2.03951 -0.774882 0.0338143 -0.631201 -167.186 
-0.632122 -0.0302174 0.774279 444.216 0.00770635 0.998945 0.0452768 2.04523 -0.77483 0.0345873 -0.631222 -167.298 
-0.632011 -0.0301365 0.774373 444.345 0.00842556 0.998917 0.0457517 2.05035 -0.774914 0.0354401 -0.631073 -167.408 
-0.631943 -0.0308281 0.774402 444.547 0.00793326 0.998899 0.046239 2.06055 -0.774974 0.0353639 -0.631003 -167.578 
-0.631941 -0.0312117 0.774388 444.749 0.00700615 0.998918 0.0459788 2.07184 -0.774985 0.0344814 -0.631039 -167.746 
-0.632067 -0.0309624 0.774295 445.087 0.00655369 0.998952 0.0452958 2.08567 -0.774886 0.0337045 -0.631202 -168.022 
-0.631974 -0.0323821 0.774313 445.247 0.00576736 0.998902 0.0464817 2.09089 -0.774968 0.033841 -0.631094 -168.153 
-0.632177 -0.0340146 0.774077 445.429 0.005349 0.998821 0.0482587 2.09987 -0.774805 0.0346486 -0.63125 -168.295 
-0.63275 -0.0349071 0.773569 445.56 0.00452291 0.9988 0.0487701 2.11058 -0.774343 0.0343581 -0.631833 -168.4 
-0.633418 -0.033545 0.773083 445.814 0.00405838 0.998902 0.0466688 2.12571 -0.773799 0.0326983 -0.632586 -168.605 
-0.633869 -0.0313084 0.772807 446.294 0.00392131 0.999037 0.04369 2.14695 -0.773431 0.0307241 -0.633136 -168.999 
-0.633801 -0.0306802 0.772887 446.804 0.00430157 0.999058 0.0431856 2.1631 -0.773484 0.0306957 -0.633072 -169.422 
-0.633784 -0.0324718 0.772828 447.114 0.00480657 0.998934 0.0459138 2.17222 -0.773495 0.0328141 -0.632952 -169.686 
-0.634267 -0.0332871 0.772397 447.339 0.00558361 0.998849 0.0476313 2.18309 -0.773094 0.0345238 -0.633352 -169.874 
-0.634243 -0.032585 0.772447 447.566 0.00607202 0.998871 0.0471221 2.19895 -0.77311 0.0345771 -0.633329 -170.072 
-0.634385 -0.0317086 0.772367 447.983 0.00627936 0.998914 0.0461669 2.21963 -0.772992 0.0341375 -0.633497 -170.417 
-0.634819 -0.0308539 0.772045 448.223 0.00664624 0.998947 0.0453867 2.22909 -0.772632 0.0339436 -0.633945 -170.614 
-0.63476 -0.0308923 0.772092 448.451 0.00754832 0.998905 0.0461731 2.23176 -0.772673 0.0351368 -0.633831 -170.811 
-0.634598 -0.0314369 0.772203 448.714 0.00819966 0.998842 0.047402 2.24062 -0.772799 0.036413 -0.633606 -171.045 
-0.634361 -0.0322268 0.772365 448.986 0.00789794 0.998808 0.0481618 2.25259 -0.772997 0.0366521 -0.63335 -171.283 
-0.634453 -0.0317373 0.772309 448.927 0.00834306 0.998817 0.0478993 2.24999 -0.772916 0.0368333 -0.633438 -171.255 
-0.634161 -0.0312131 0.772571 449.02 0.00940041 0.9988 0.0480694 2.25411 -0.773144 0.0377462 -0.633106 -171.352 
-0.633938 -0.0318517 0.772727 449.216 0.00981564 0.99874 0.0492205 2.26204 -0.773321 0.0387876 -0.632827 -171.523 
-0.633509 -0.0334733 0.773011 449.61 0.00807828 0.998723 0.0498676 2.28391 -0.773693 0.0378361 -0.63243 -171.857 
-0.633174 -0.0349538 0.77322 450.07 0.00646494 0.998706 0.050441 2.30821 -0.773983 0.0369367 -0.632129 -172.239 
-0.632726 -0.0341288 0.773624 450.566 0.00642795 0.998762 0.0493182 2.33401 -0.774349 0.0361777 -0.631723 -172.651 
-0.632234 -0.032368 0.774101 451.068 0.00829953 0.998787 0.0485414 2.35831 -0.774733 0.0371142 -0.631198 -173.068 
-0.631796 -0.0312172 0.774506 451.439 0.00969558 0.998792 0.0481663 2.3717 -0.775074 0.0379405 -0.63073 -173.374 
-0.631045 -0.0315957 0.775103 451.936 0.0101663 0.998748 0.048989 2.39568 -0.77568 0.0387942 -0.629933 -173.787 
-0.63037 -0.0322694 0.775624 452.429 0.0105303 0.998688 0.0501082 2.42307 -0.776224 0.0397542 -0.629203 -174.199 
-0.629784 -0.0312169 0.776143 452.936 0.010981 0.998734 0.0490799 2.45051 -0.776693 0.0394326 -0.628644 -174.617 
-0.629147 -0.031297 0.776656 453.402 0.010483 0.998757 0.0487389 2.4722 -0.777216 0.0388056 -0.628036 -174.994 
-0.62858 -0.0313541 0.777112 453.86 0.0101505 0.998771 0.0485078 2.49194 -0.777678 0.0383791 -0.62749 -175.361 
-0.628116 -0.0321046 0.777457 454.355 0.00967493 0.998749 0.0490591 2.51473 -0.77806 0.0383367 -0.62702 -175.752 
-0.628045 -0.0323377 0.777505 454.587 0.00932145 0.998752 0.0490693 2.52716 -0.778121 0.0380652 -0.626959 -175.931 
-0.627613 -0.0333076 0.777813 455.134 0.00816976 0.998748 0.0493606 2.55316 -0.778483 0.0373339 -0.626554 -176.365 
-0.627289 -0.0341033 0.77804 455.631 0.00665562 0.99877 0.0491445 2.57628 -0.778758 0.0360061 -0.62629 -176.756 
-0.62765 -0.0334073 0.777779 455.991 0.00604831 0.998839 0.0477832 2.59264 -0.778472 0.0346954 -0.626719 -177.038 
-0.627549 -0.0332936 0.777865 456.07 0.00695439 0.998806 0.0483607 2.59474 -0.778546 0.0357583 -0.626568 -177.107 
-0.627618 -0.0344475 0.777759 456.544 0.00716377 0.998723 0.050015 2.61924 -0.778489 0.036962 -0.62657 -177.484 
-0.627749 -0.035976 0.777584 457.04 0.00573811 0.99869 0.0508382 2.64705 -0.778395 0.0363755 -0.626721 -177.872 
-0.627949 -0.0353614 0.777451 457.542 0.00498183 0.998764 0.0494514 2.67584 -0.778239 0.0349261 -0.626997 -178.27 
-0.628047 -0.0334087 0.777458 458.022 0.00551092 0.998862 0.0473747 2.70142 -0.778156 0.034038 -0.627148 -178.656 
-0.627967 -0.0319724 0.777583 458.453 0.00600306 0.998927 0.0459215 2.71959 -0.778217 0.0335051 -0.627101 -179.003 
-0.628002 -0.0317957 0.777562 458.922 0.00651792 0.998915 0.0461114 2.73738 -0.778184 0.0340261 -0.627113 -179.379 
-0.628072 -0.0326279 0.777471 459.392 0.0066125 0.998861 0.0472607 2.75639 -0.778127 0.0348241 -0.62714 -179.756 
-0.627955 -0.0332484 0.777539 459.873 0.00690755 0.99881 0.0482888 2.77783 -0.778219 0.0356941 -0.626978 -180.146 
-0.627702 -0.0338391 0.777718 460.069 0.00673308 0.998781 0.0488921 2.78673 -0.778425 0.0359261 -0.626709 -180.306 
-0.627561 -0.0334216 0.77785 460.558 0.00643495 0.998821 0.0481076 2.81297 -0.778541 0.0351959 -0.626606 -180.698 
-0.627376 -0.0331596 0.77801 461.036 0.00595194 0.99886 0.047372 2.83455 -0.778694 0.0343507 -0.626463 -181.079 
-0.627029 -0.0334024 0.778279 461.488 0.00604234 0.998842 0.0477366 2.85476 -0.778972 0.0346349 -0.626101 -181.448 
-0.626661 -0.0337338 0.778561 461.925 0.00613346 0.998818 0.048214 2.87616 -0.779268 0.0349891 -0.625714 -181.804 
-0.626395 -0.0343704 0.778748 462.397 0.00560236 0.998803 0.048589 2.89889 -0.779486 0.0347987 -0.625453 -182.189 
-0.625823 -0.0346216 0.779196 462.893 0.00523698 0.998805 0.0485855 2.92262 -0.779948 0.0344866 -0.624894 -182.592 
-0.625506 -0.0336009 0.779496 463.38 0.00515022 0.998873 0.0471901 2.9461 -0.780202 0.0335323 -0.624628 -182.983 
-0.625057 -0.0338789 0.779844 463.837 0.00519707 0.998855 0.047559 2.96601 -0.780562 0.03378 -0.624165 -183.347 
-0.624712 -0.0341042 0.78011 464.155 0.00569069 0.99882 0.0482228 2.98221 -0.780834 0.0345647 -0.623781 -183.602 
-0.624396 -0.0344101 0.780349 464.17 0.00582276 0.998796 0.0487018 2.98466 -0.781086 0.034953 -0.623444 -183.617 
-0.624022 -0.0334176 0.780692 463.139 0.00585212 0.998857 0.0474338 2.93933 -0.781385 0.0341685 -0.623113 -182.811 
