1 0 -0 0 -0 1 0 0 0 -0 1 -0 
0.999894 -0.0067737 -0.0129027 0.0838735 0.00673868 0.999973 -0.00275615 -0.00284054 0.012921 0.00266891 0.999913 0.735101 
0.999953 -0.00117804 -0.00964325 0.0109312 0.00114197 0.999992 -0.00374565 -0.021585 0.00964759 0.00373446 0.999946 1.31233 
0.999921 0.000420793 -0.0125724 -0.0354435 -0.000490352 0.999985 -0.00553014 -0.0262519 0.0125699 0.00553586 0.999906 2.03223 
0.999882 -0.00113843 -0.0153352 0.0164674 0.00110188 0.999997 -0.00239219 -0.040753 0.0153379 0.00237501 0.99988 2.59725 
0.999887 0.00013814 -0.0150571 -0.259863 -0.000196346 0.999993 -0.00386428 -0.0471639 0.0150564 0.0038668 0.999879 4.06327 
0.999679 -0.00283322 -0.0251576 -0.281439 0.00265287 0.999971 -0.00719909 -0.038806 0.0251773 0.00713004 0.999658 4.61507 
0.999576 0.000903463 -0.0291049 -0.291566 -0.00113966 0.999967 -0.00809968 -0.0478353 0.0290966 0.00812941 0.999544 5.11956 
0.999238 0.00342472 -0.038871 -0.147809 -0.00366717 0.999974 -0.00616763 0.0109756 0.0388488 0.00630548 0.999225 6.01251 
0.999001 0.00327962 -0.0445663 -0.190307 -0.00350421 0.999982 -0.00496239 0.0740111 0.0445492 0.0051136 0.998994 6.79725 
0.9988 0.00194569 -0.0489333 -0.255049 -0.00207832 0.999994 -0.00265972 0.0795806 0.0489278 0.00275823 0.998799 7.9186 
0.998753 0.0140063 -0.0479163 -0.232517 -0.0139358 0.999901 0.00180539 -0.0659098 0.0479369 -0.00113538 0.99885 8.32247 
0.998288 0.0232078 -0.05368 -0.0859388 -0.0232135 0.99973 0.000515602 -0.0685565 0.0536775 0.000731383 0.998558 8.98986 
0.998127 0.013548 -0.0596589 0.184354 -0.0134973 0.999908 0.00125326 -0.0944567 0.0596704 -0.000445679 0.998218 9.55419 
0.997857 0.0178031 -0.0629632 0.106599 -0.0177615 0.999842 0.00121993 -0.0994801 0.062975 -9.89926e-05 0.998015 9.96457 
0.997642 0.0112852 -0.0677031 0.0980677 -0.0112557 0.999936 0.000816296 -0.123099 0.067708 -5.23236e-05 0.997705 10.6577 
0.997117 0.0121737 -0.0748982 0.0739642 -0.0123364 0.999922 -0.00171025 -0.117576 0.0748716 0.00262929 0.99719 11.2662 
0.998351 0.0117914 -0.0561793 -0.0454559 -0.012261 0.999893 -0.00802244 -0.121868 0.0560787 0.00869803 0.998388 12.1439 
0.998118 0.017874 -0.0586637 -0.107868 -0.0187563 0.999719 -0.0145237 -0.112402 0.0583876 0.0155967 0.998172 13.156 
0.997774 0.0265727 -0.0611583 -0.245148 -0.0278913 0.999394 -0.0208094 -0.0902668 0.0605683 0.0224688 0.997911 14.0873 
0.998304 0.0430212 -0.0392234 -0.665652 -0.043618 0.998943 -0.01449 -0.224927 0.0385586 0.0161763 0.999125 15.0427 
0.997698 0.0353936 -0.0578492 -0.312629 -0.0361917 0.999263 -0.012806 -0.36182 0.0573533 0.0148701 0.998243 16.3466 
0.998794 0.0177341 -0.0457733 -0.140713 -0.0184749 0.999704 -0.015812 -0.442349 0.0454794 0.0166386 0.998827 17.1434 
0.997969 -0.0141608 -0.0621065 -0.0330638 0.0131144 0.999766 -0.0172229 -0.533114 0.0623358 0.0163734 0.997921 17.6121 
0.998429 -0.017946 -0.0530799 -0.20114 0.0171488 0.999734 -0.0154366 -0.585447 0.0533428 0.0145021 0.998471 19.0843 
0.997486 -0.0171452 -0.0687622 -0.154142 0.0163097 0.999786 -0.0126938 -0.644399 0.0689651 0.0115404 0.997552 20.1384 
0.997927 -0.0129038 -0.0630524 -0.192445 0.0122098 0.999861 -0.011379 -0.649746 0.0631904 0.0105856 0.997945 20.8254 
0.998012 -0.0197951 -0.0598277 -0.251128 0.0196279 0.999802 -0.00338114 -0.661759 0.0598828 0.00220013 0.998203 21.7495 
0.997803 -0.021662 -0.0626063 -0.212051 0.0215365 0.999764 -0.00268009 -0.663028 0.0626496 0.00132588 0.998035 22.8294 
0.998411 -0.0187757 -0.0531276 -0.246577 0.0186299 0.999821 -0.00323846 -0.666106 0.0531789 0.00224356 0.998582 23.6124 
0.998756 -0.02005 -0.0456576 -0.347175 0.0198502 0.999791 -0.00482636 -0.687009 0.0457449 0.00391405 0.998945 24.399 
0.99879 -0.0214227 -0.044278 -0.370269 0.020875 0.9997 -0.0127956 -0.689718 0.0445388 0.0118558 0.998937 25.2895 
0.998708 -0.0195319 -0.046906 -0.422459 0.0187429 0.999676 -0.0172018 -0.681708 0.0472268 0.0163004 0.998751 26.3989 
0.998911 -0.0195133 -0.0423911 -0.497089 0.018738 0.999651 -0.0186099 -0.719894 0.0427395 0.0177953 0.998928 27.3344 
0.99874 -0.0335758 -0.0372974 -0.646232 0.0331852 0.999388 -0.0110445 -0.738658 0.0376455 0.0097929 0.999243 28.2033 
0.997815 -0.0451697 -0.0482113 -0.553569 0.0448601 0.998965 -0.00748479 -0.722123 0.0484995 0.00530567 0.998809 29.0748 
0.998014 -0.0503808 -0.0378011 -0.689608 0.0502124 0.998724 -0.005392 -0.793202 0.0380245 0.00348321 0.999271 29.9523 
0.997658 -0.0579548 -0.0363157 -0.474906 0.0576813 0.998299 -0.00853364 -0.719475 0.0367485 0.00641892 0.999304 30.8267 
0.996972 -0.0655529 -0.0418199 -0.525236 0.0654791 0.997849 -0.00313478 -0.816772 0.0419355 0.000386953 0.99912 32.2885 
0.996611 -0.0667364 -0.0480973 -0.51352 0.0666969 0.99777 -0.00242783 -0.852596 0.048152 -0.000788337 0.99884 33.1803 
0.996784 -0.0580119 -0.0552779 -0.602222 0.0583219 0.99829 0.0040097 -0.942066 0.0549508 -0.00722072 0.998463 34.3083 
0.997316 -0.0508916 -0.0526427 -0.0639025 0.0508388 0.998704 -0.00234235 -0.715165 0.0526937 -0.000340225 0.998611 34.9697 
0.997982 -0.0447884 -0.0450195 -0.387459 0.044781 0.998996 -0.00117458 -0.578214 0.0450269 -0.000843812 0.998985 35.686 
0.998172 -0.0501234 -0.0337765 -0.58192 0.0502371 0.998734 0.00252619 -0.65983 0.0336072 -0.0042184 0.999426 37.3336 
0.997937 -0.0417482 -0.0487729 -0.726262 0.0423425 0.99904 0.0112158 -0.624632 0.0482578 -0.0132578 0.998747 38.1344 
0.99749 -0.0501363 -0.0499923 -0.693053 0.051074 0.998539 0.0176588 -0.689094 0.0490339 -0.0201678 0.998593 39.254 
0.997915 -0.0372748 -0.0526881 -0.823262 0.037751 0.999255 0.00807114 -0.661493 0.052348 -0.0100433 0.998578 40.0652 
0.998467 -0.0246359 -0.0495694 -0.789297 0.0248436 0.999685 0.00357937 -0.609722 0.0494656 -0.00480536 0.998764 40.819 
0.998207 -0.0282382 -0.0527767 -0.833935 0.0282504 0.999601 -0.000515701 -0.640415 0.0527702 -0.000976187 0.998606 41.9018 
0.998314 -0.0261278 -0.0518269 -0.838706 0.0260713 0.999659 -0.00176658 -0.670727 0.0518553 0.000412404 0.998655 42.863 
0.998321 -0.0233729 -0.0529947 -0.977696 0.0233933 0.999726 -0.000236429 -0.652645 0.0529858 -0.00100369 0.998595 43.6793 
0.998347 -0.0195376 -0.0540467 -1.02021 0.0196311 0.999807 0.0011982 -0.674454 0.0540128 -0.00225722 0.998538 44.5875 
0.998393 -0.0180487 -0.0537197 -1.22954 0.0178918 0.999834 -0.00340055 -0.691969 0.0537722 0.00243394 0.99855 45.8771 
0.998302 -0.0203241 -0.0545918 -1.59014 0.0198062 0.999754 -0.0100127 -0.405903 0.0547819 0.00891443 0.998459 47.6921 
0.994437 -0.0843747 -0.0630544 -1.64396 0.0809131 0.995171 -0.0555744 0.205692 0.0674389 0.0501634 0.996462 48.5335 
0.995191 -0.0790675 -0.0578125 -3.13318 0.0764182 0.995982 -0.0466873 0.342951 0.0612717 0.0420449 0.997235 51.4267 
0.995128 -0.079342 -0.0585186 -3.17374 0.0766671 0.995966 -0.0466229 0.40492 0.0619817 0.0419094 0.997197 52.3458 
0.994145 -0.0919788 -0.0567056 -3.47928 0.0893839 0.994901 -0.0467188 0.341033 0.0607136 0.0413767 0.997297 54.1283 
0.993549 -0.0935615 -0.0640877 -3.45422 0.0897967 0.994193 -0.0593048 0.402496 0.0692642 0.0531673 0.996181 55.9248 
0.994005 -0.0899502 -0.0621536 -3.45775 0.0861645 0.994404 -0.0611213 0.284992 0.0673036 0.0553994 0.996193 56.9464 
0.993039 -0.0968387 -0.0670485 -3.52646 0.0931403 0.994063 -0.0562539 0.174235 0.072098 0.0496174 0.996163 57.75 
0.992198 -0.0965854 -0.0788275 -3.61246 0.0927362 0.994378 -0.05112 0.102324 0.0833218 0.043411 0.995577 58.6318 
0.99142 -0.0998716 -0.0843373 -3.65652 0.0962696 0.994303 -0.0457579 0.0448711 0.0884268 0.0372461 0.995386 59.7319 
0.990824 -0.101949 -0.0887315 -3.57475 0.0984235 0.994204 -0.0432541 0.00735564 0.092627 0.034124 0.995116 60.4436 
0.990852 -0.101823 -0.0885682 -3.63003 0.097862 0.994043 -0.0479789 -0.052757 0.092926 0.0388725 0.994914 61.4342 
0.991286 -0.0967846 -0.0893574 -3.73455 0.0921218 0.994232 -0.054918 -0.128251 0.0941572 0.0462077 0.994484 62.3569 
0.9901 -0.106782 -0.0910985 -3.82915 0.101652 0.993056 -0.0592135 -0.250367 0.0967889 0.0493669 0.99408 63.6869 
0.990351 -0.105949 -0.0893262 -3.93896 0.101335 0.993347 -0.0547051 -0.35856 0.0945279 0.0451254 0.994499 64.6837 
0.990104 -0.103959 -0.0942713 -4.01297 0.0990287 0.993532 -0.0555661 -0.403592 0.0994381 0.0456806 0.993995 65.4975 
0.990932 -0.100736 -0.0889201 -4.12613 0.0963848 0.993987 -0.0519528 -0.483798 0.0936189 0.0429112 0.994683 66.4015 
0.990196 -0.10273 -0.0946437 -4.21716 0.0980693 0.993785 -0.0526591 -0.545955 0.0994652 0.0428612 0.994117 67.317 
0.989433 -0.103207 -0.101831 -4.27571 0.0984142 0.993836 -0.0510351 -0.582958 0.106471 0.0404742 0.993492 68.1906 
0.989738 -0.0993037 -0.102752 -4.29961 0.0940062 0.994041 -0.0551857 -0.584358 0.10762 0.0449601 0.993175 68.7575 
0.990525 -0.0855312 -0.10745 -4.32005 0.0797703 0.995192 -0.0568214 -0.644714 0.111794 0.0477117 0.992585 69.9165 
0.989544 -0.0964452 -0.107247 -4.61262 0.0911804 0.994425 -0.0529673 -0.656019 0.111757 0.0426347 0.992821 70.5331 
0.989025 -0.100482 -0.108323 -4.73129 0.0958687 0.994284 -0.0469961 -0.741887 0.112426 0.0360956 0.993004 71.5365 
0.988135 -0.106958 -0.110224 -4.81009 0.102927 0.993816 -0.0416537 -0.800918 0.113997 0.0298145 0.993034 72.254 
0.987845 -0.106223 -0.113485 -4.83035 0.102619 0.994027 -0.0371505 -0.854035 0.116753 0.0250532 0.992845 72.9287 
0.98794 -0.104983 -0.113808 -4.93785 0.101031 0.99408 -0.0399679 -0.889045 0.11733 0.0279877 0.992698 73.4908 
0.987977 -0.101863 -0.116299 -5.04097 0.0971265 0.994222 -0.0457087 -0.933167 0.120283 0.0338635 0.992162 74.3452 
0.988485 -0.102681 -0.111147 -5.18941 0.0980979 0.994115 -0.0459649 -1.00942 0.115213 0.0345323 0.99274 75.1273 
0.990098 -0.0922346 -0.105823 -6.06931 0.0877665 0.995072 -0.0461392 -1.03714 0.109557 0.0363947 0.993314 76.8433 
0.989884 -0.0871005 -0.111999 -6.00227 0.0826976 0.99563 -0.0433835 -1.03075 0.115288 0.0336826 0.992761 77.7249 
0.98953 -0.0893348 -0.113354 -6.04621 0.085463 0.995594 -0.0385774 -1.02317 0.116301 0.0284859 0.992805 78.366 
0.985425 -0.0995695 -0.137925 -6.1368 0.0943113 0.994563 -0.0441641 -0.880394 0.141573 0.0305125 0.989458 79.4848 
0.987971 -0.0953903 -0.121711 -6.71572 0.0899906 0.99473 -0.0491291 -1.04769 0.125756 0.0375853 0.991349 80.3285 
0.983797 -0.127994 -0.125546 -6.41852 0.124771 0.991629 -0.0332368 -1.66008 0.12875 0.0170336 0.991531 81.741 
0.985161 -0.119815 -0.122887 -6.65589 0.116613 0.992631 -0.0329517 -1.699 0.125929 0.0181325 0.991873 82.0306 
0.986459 -0.105476 -0.125589 -6.6898 0.103046 0.994344 -0.025702 -1.77281 0.12759 0.0124125 0.991749 82.606 
0.987099 -0.103046 -0.122548 -6.69678 0.101395 0.994652 -0.0196494 -1.78754 0.123918 0.00697013 0.992268 83.1313 
0.988913 -0.0907824 -0.117513 -6.82526 0.0897517 0.995865 -0.0140441 -1.82988 0.118302 0.00334142 0.992972 83.7951 
0.989035 -0.09701 -0.111348 -6.87943 0.0968046 0.995277 -0.00726181 -1.84703 0.111527 -0.00359686 0.993755 84.4282 
0.990687 -0.0921933 -0.100198 -6.94128 0.0919399 0.995739 -0.00715416 -1.84579 0.100431 -0.0021247 0.994942 84.8576 
0.992357 -0.0891802 -0.0852867 -6.97609 0.0889975 0.996014 -0.00594933 -1.85318 0.0854773 -0.00168644 0.996339 85.2314 
0.993925 -0.0878284 -0.0663242 -6.9981 0.087751 0.996134 -0.00408472 -1.86608 0.0664266 -0.00176011 0.99779 85.6886 
0.994944 -0.092446 -0.0392472 -7.09904 0.0925022 0.995712 -0.000387152 -1.89617 0.0391147 -0.00324526 0.999229 86.2681 
0.995084 -0.0982538 -0.0124299 -7.06377 0.0983067 0.995149 0.00371982 -1.92695 0.0120041 -0.00492347 0.999916 86.7963 
0.993948 -0.10698 0.0249562 -7.16603 0.106876 0.994257 0.00548783 -1.92623 -0.0254 -0.00278741 0.999673 87.4018 
0.993151 -0.0992948 0.0615837 -7.17189 0.0984752 0.995007 0.0162118 -1.98775 -0.062886 -0.0100363 0.99797 87.9269 
0.990376 -0.0957232 0.0999627 -7.00056 0.0942274 0.995358 0.0195907 -1.94027 -0.101374 -0.00998296 0.994798 88.4797 
0.985534 -0.0958244 0.139787 -6.96331 0.0932767 0.995334 0.0246799 -1.94194 -0.1415 -0.011284 0.989874 88.9667 
0.980367 -0.0922909 0.174251 -6.76404 0.0879402 0.995594 0.0325427 -1.9444 -0.176487 -0.0165801 0.984163 89.2114 
0.968344 -0.0921792 0.231975 -6.76911 0.0859119 0.995616 0.0369987 -1.9667 -0.234368 -0.0158981 0.972018 89.71 
0.95418 -0.0907883 0.28513 -6.65039 0.0820526 0.995723 0.0424618 -1.97267 -0.287765 -0.0171206 0.957548 89.9028 
0.936154 -0.08969 0.339957 -6.4625 0.0788937 0.995845 0.0454782 -1.94993 -0.342623 -0.0157541 0.939341 90.3522 
0.914602 -0.0916598 0.393829 -6.07722 0.0783245 0.995681 0.0498393 -1.91467 -0.396697 -0.0147366 0.917831 90.8122 
0.886426 -0.0919325 0.45365 -5.85986 0.075784 0.995678 0.0536941 -1.89836 -0.456625 -0.0132164 0.889561 91.1347 
0.850814 -0.0957145 0.516676 -5.70099 0.0756985 0.99534 0.0597339 -1.89657 -0.519985 -0.0117109 0.854095 91.4485 
0.817107 -0.0982251 0.568056 -5.51805 0.0763847 0.995136 0.0621996 -1.87595 -0.571403 -0.00743289 0.820636 91.6118 
0.776493 -0.0977144 0.622504 -5.16077 0.0703823 0.995171 0.0684191 -1.84478 -0.626183 -0.00931372 0.77962 92.027 
0.73253 -0.100798 0.673231 -4.78739 0.0679818 0.994865 0.0749838 -1.8245 -0.677332 -0.00916043 0.735621 92.3521 
0.690315 -0.0984631 0.716777 -4.49157 0.0637277 0.995121 0.0753239 -1.78198 -0.720696 -0.00631867 0.693222 92.5381 
0.641758 -0.100347 0.760314 -4.24987 0.0631378 0.99495 0.0780215 -1.76 -0.764304 -0.00206637 0.644853 92.7252 
0.594077 -0.1034 0.797735 -3.90627 0.0650987 0.994631 0.0804416 -1.72512 -0.801769 0.00414295 0.597619 92.9771 
0.549877 -0.102078 0.828985 -3.48175 0.0587743 0.994772 0.0835072 -1.69057 -0.833175 0.00280439 0.553002 93.0769 
0.503959 -0.100527 0.857858 -3.20146 0.0527085 0.994932 0.0856259 -1.66781 -0.862118 0.00206449 0.506703 93.2065 
0.453059 -0.0977094 0.88611 -2.91253 0.0463317 0.995213 0.086051 -1.63879 -0.890276 0.00206882 0.455417 93.3515 
0.405523 -0.10088 0.908501 -2.63766 0.0477282 0.994873 0.0891661 -1.623 -0.912838 0.00720216 0.408259 93.4185 
0.359421 -0.107519 0.926961 -2.42053 0.0632788 0.993862 0.0907435 -1.58752 -0.931028 0.0260418 0.364018 93.4719 
0.324142 -0.11021 0.939567 -2.21815 0.0659568 0.993407 0.0937707 -1.55344 -0.943706 0.0315757 0.329274 93.4906 
0.291057 -0.101766 0.951278 -1.67933 0.0561323 0.99443 0.0892074 -1.4774 -0.955057 0.027433 0.295148 93.6519 
0.262869 -0.0922191 0.960414 -1.38018 0.0450319 0.99551 0.0832636 -1.44971 -0.96378 0.0213619 0.265842 93.7575 
0.23804 -0.0796836 0.967981 -0.824457 0.0298039 0.996759 0.0747233 -1.28192 -0.970798 0.0110625 0.239644 93.8921 
0.21319 -0.0772528 0.973952 -0.505252 0.0376927 0.996777 0.0708127 -1.30767 -0.976283 0.0216143 0.215415 93.8715 
0.195754 -0.0744591 0.977822 -0.0868309 0.0426997 0.996815 0.0673571 -1.2809 -0.979723 0.0285673 0.19831 93.8218 
0.179429 -0.0650265 0.981619 0.214954 0.0503471 0.997112 0.0568499 -1.24761 -0.982482 0.0392212 0.182185 93.9043 
0.157286 -0.0538706 0.986083 0.6098 0.0472755 0.997777 0.0469688 -1.19609 -0.986421 0.03923 0.159483 93.8977 
0.130619 -0.0566552 0.989812 1.17305 0.0408412 0.997826 0.0517243 -1.20668 -0.990591 0.033669 0.132649 93.9927 
0.111698 -0.0415061 0.992875 -0.368976 0.0387611 0.998549 0.0373827 -1.15581 -0.992986 0.0343094 0.113145 95.2146 
0.0750313 -0.0576064 0.995516 -0.470374 0.053615 0.997119 0.0536582 -1.35697 -0.995739 0.0493485 0.0779037 95.8017 
0.0613656 -0.0689883 0.995728 -0.0318715 0.0741539 0.995167 0.0643794 -1.28926 -0.995357 0.0698864 0.0661847 95.6969 
0.0495301 -0.0684761 0.996423 0.392656 0.0770215 0.994938 0.0645455 -1.26492 -0.995798 0.073549 0.0545535 95.7006 
0.0236416 -0.071346 0.997171 0.930471 0.0805731 0.994341 0.0692333 -1.26078 -0.996468 0.0787084 0.0292563 95.8188 
0.0242611 -0.070851 0.997192 1.42444 0.082373 0.994235 0.0686369 -1.24386 -0.996306 0.0804765 0.0299574 95.7684 
0.0172234 -0.0716371 0.997282 1.9885 0.0853024 0.993899 0.0699208 -1.19384 -0.996206 0.0838663 0.0232292 95.7682 
0.00722548 -0.0708633 0.99746 2.5094 0.0849978 0.993919 0.0699961 -1.13001 -0.996355 0.0842762 0.0132048 95.8569 
0.00561458 -0.0690103 0.9976 3.34474 0.0832365 0.994186 0.0683056 -1.09399 -0.996514 0.0826532 0.0113261 95.6921 
-0.00208394 -0.0721954 0.997388 4.10199 0.0857386 0.993705 0.0721079 -1.05058 -0.996315 0.085665 0.00411911 95.6695 
-0.00546948 -0.0712115 0.997446 4.63784 0.0847792 0.993837 0.0714187 -1.02285 -0.996385 0.0849534 0.000601489 95.5488 
-0.00791934 -0.0709789 0.997446 5.79223 0.0828172 0.994004 0.0713915 -0.959458 -0.996533 0.0831711 -0.00199358 95.5633 
-0.0150387 -0.0728392 0.99723 6.2498 0.0908392 0.993119 0.0739088 -1.01612 -0.995752 0.0916991 -0.00831859 95.6169 
-0.0196455 -0.0731058 0.997131 7.06548 0.0940533 0.992765 0.0746388 -0.919677 -0.995373 0.0952498 -0.0126275 95.6682 
-0.0242118 -0.0806148 0.996451 7.87171 0.0934321 0.992198 0.082541 -0.883302 -0.995331 0.095099 -0.0164909 95.6819 
-0.031309 -0.0822663 0.996118 8.62853 0.0858508 0.992703 0.0846825 -0.824192 -0.995816 0.0881689 -0.0240179 95.8026 
-0.0301836 -0.0782289 0.996478 8.99895 0.090675 0.992608 0.0806716 -0.708308 -0.995423 0.0927906 -0.0228671 95.7033 
-0.0239583 -0.0802299 0.996488 9.63874 0.0929962 0.992274 0.0821264 -0.630016 -0.995378 0.0946372 -0.0163121 95.5608 
-0.0268754 -0.0802185 0.996415 10.5471 0.0984197 0.99172 0.0824951 -0.556451 -0.994782 0.100284 -0.0187578 95.7988 
-0.0287116 -0.0823639 0.996189 11.3894 0.100826 0.991278 0.0848639 -0.502251 -0.99449 0.102879 -0.0201567 95.7512 
-0.029689 -0.0818838 0.9962 12.3062 0.0991092 0.991487 0.0844501 -0.317788 -0.994634 0.10124 -0.0213208 95.7425 
-0.0276748 -0.0874294 0.995786 12.7287 0.0926103 0.991659 0.0896409 -0.316672 -0.995318 0.0947009 -0.0193471 95.7906 
-0.0193601 -0.0886901 0.995871 13.3623 0.0883175 0.992012 0.0900634 -0.305541 -0.995904 0.0896965 -0.0113725 95.7536 
-0.0154156 -0.0823728 0.996482 13.8282 0.0874603 0.99267 0.0834106 -0.239046 -0.996049 0.0884384 -0.00809824 95.8021 
0.000613839 -0.0689241 0.997622 16.4507 0.112487 0.991295 0.0684177 0.514403 -0.993653 0.112177 0.00836152 96.1733 
0.00133734 -0.0613872 0.998113 16.7457 0.0981372 0.993304 0.0609599 0.500998 -0.995172 0.0978705 0.00735275 96.0566 
-0.00679816 -0.0631261 0.997982 17.5222 0.120052 0.990736 0.0634855 0.623098 -0.992744 0.120242 0.000843262 96.1958 
-0.000277982 -0.0639653 0.997952 18.3118 0.107692 0.992146 0.0636232 0.758518 -0.994184 0.107489 0.00661273 96.0473 
0.00468881 -0.0610872 0.998121 19.2769 0.105191 0.992625 0.0602567 0.774836 -0.994441 0.104711 0.0110801 96.0922 
0.00509313 -0.0670879 0.997734 20.2423 0.101869 0.992591 0.0662221 0.849746 -0.994785 0.101301 0.0118896 96.0492 
0.00101994 -0.070547 0.997508 20.9858 0.097831 0.99273 0.0701091 0.878499 -0.995203 0.0975157 0.00791421 96.1216 
-0.00552129 -0.0861426 0.996268 21.758 0.102591 0.990977 0.0862537 0.629032 -0.994708 0.102685 0.00336601 96.3308 
0.00746617 -0.0727591 0.997322 21.7303 0.099763 0.992428 0.0716552 1.25453 -0.994983 0.0989608 0.0146683 96.2566 
0.0015683 -0.0767899 0.997046 22.5192 0.0894236 0.993064 0.0763425 1.35658 -0.995992 0.0890397 0.00842425 96.1935 
-0.0328361 -0.0755812 0.996599 23.3203 0.0814133 0.993621 0.0780377 1.38476 -0.996139 0.0836989 -0.0264734 96.2524 
-0.0126695 -0.0817973 0.996568 24.2737 0.085821 0.992882 0.0825857 1.47797 -0.99623 0.0865729 -0.00555944 96.1053 
-0.0204288 -0.080613 0.996536 24.5006 0.0750603 0.993807 0.081931 1.60642 -0.99697 0.0764741 -0.0142514 95.8566 
-0.0289313 -0.0779077 0.996541 25.3289 0.0818374 0.993426 0.0800401 1.69902 -0.996226 0.08387 -0.0223653 95.821 
-0.0343361 -0.0749666 0.996595 26.0537 0.0828507 0.993537 0.077591 1.75921 -0.99597 0.0852328 -0.0279032 95.7124 
-0.0443698 -0.0739519 0.996274 26.7695 0.0814747 0.993667 0.0773869 1.82337 -0.995687 0.0846048 -0.0380636 95.6589 
-0.0531676 -0.0731602 0.995902 27.5625 0.0803819 0.993763 0.0772943 1.8838 -0.995345 0.0841621 -0.0469552 95.6762 
-0.059804 -0.0722703 0.995591 28.1011 0.0778791 0.993998 0.0768328 1.92665 -0.995167 0.0821306 -0.0538167 95.6644 
-0.0729845 -0.0698979 0.994881 28.8295 0.0787282 0.994024 0.0756132 1.99467 -0.994221 0.0838438 -0.0670454 95.5959 
-0.081914 -0.0693964 0.99422 29.4469 0.0747352 0.994336 0.075562 2.03293 -0.993833 0.0804928 -0.0762637 95.5246 
-0.0807281 -0.0634738 0.994713 30.5987 0.0792498 0.994402 0.0698856 2.24719 -0.993581 0.0844725 -0.0752459 94.9822 
-0.0789085 -0.0658828 0.994702 31.3637 0.0849142 0.993743 0.0725554 2.29549 -0.993259 0.0901896 -0.0728204 94.7674 
-0.0775524 -0.0624808 0.995029 32.8051 0.0852531 0.993963 0.0690585 2.29897 -0.993337 0.0901849 -0.0717576 94.7329 
-0.0924239 -0.0553467 0.99418 33.5716 0.0790888 0.994891 0.0627388 2.42091 -0.992574 0.0844271 -0.0875744 94.6613 
-0.101482 -0.0584337 0.99312 34.3779 0.085191 0.994096 0.0671964 2.41402 -0.991183 0.0914241 -0.0959046 94.4231 
-0.11722 -0.0565003 0.991497 35.1609 0.0860078 0.994052 0.0668142 2.44422 -0.989375 0.0931084 -0.111663 94.7119 
-0.119533 -0.0588652 0.991084 35.9618 0.0859987 0.993875 0.0694031 2.4445 -0.989099 0.0935279 -0.113738 94.5619 
-0.123438 -0.0579712 0.990658 36.5809 0.0843715 0.994064 0.0686834 2.47096 -0.988759 0.0920614 -0.117814 94.4632 
-0.12563 -0.0587295 0.990337 37.3247 0.087897 0.993662 0.0700769 2.52094 -0.988176 0.0958514 -0.119672 94.3112 
-0.131531 -0.0604287 0.989469 38.4751 0.0876379 0.993523 0.0723261 2.3919 -0.987431 0.096228 -0.125383 94.2124 
-0.137072 -0.0688634 0.988164 38.1459 0.09305 0.992274 0.0820572 1.01449 -0.986181 0.103196 -0.129606 95.0796 
-0.13894 -0.0675318 0.987996 38.3244 0.0969537 0.991952 0.0814366 1.01444 -0.985543 0.107105 -0.131274 94.9323 
-0.132348 -0.0622165 0.989249 39.3323 0.101563 0.991924 0.0759724 1.40867 -0.985986 0.110526 -0.12496 94.4371 
-0.127396 -0.0622096 0.989899 41.1084 0.0982454 0.992332 0.0750063 1.52746 -0.986974 0.106809 -0.120308 93.5978 
-0.137051 -0.0583426 0.988844 41.6279 0.099692 0.992383 0.0723683 1.51953 -0.985535 0.108498 -0.13019 93.7514 
-0.111746 -0.0570271 0.992099 42.2609 0.0784817 0.994727 0.0660181 1.61956 -0.990633 0.0852389 -0.106682 93.7499 
-0.098668 -0.0566492 0.993507 42.7546 0.0786247 0.994813 0.0645322 1.68653 -0.992009 0.0844815 -0.0937023 93.6324 
-0.0861882 -0.0588206 0.994541 43.4137 0.0796263 0.994655 0.0657279 1.71039 -0.993092 0.0848566 -0.0810439 93.6176 
-0.0691874 -0.058414 0.995892 44.1575 0.082896 0.994495 0.0640911 1.7801 -0.994154 0.0869897 -0.0639642 93.8217 
-0.0566952 -0.061214 0.996513 44.8739 0.0815854 0.994496 0.0657318 1.8627 -0.995052 0.0850276 -0.051389 93.6482 
-0.0346581 -0.0658193 0.997229 44.8519 0.101396 0.992449 0.0690277 2.08934 -0.994242 0.103507 -0.0277226 93.693 
-0.0125951 -0.0616922 0.998016 45.4825 0.0956422 0.993444 0.0626166 2.16303 -0.995336 0.0962411 -0.00661217 93.7983 
