1 -0 0 0 0 1 -0 -0 -0 0 1 0 
0.999991 0.0026899 0.00332297 -0.000303408 -0.00269703 0.999994 0.00214347 0.00323477 -0.00331718 -0.00215241 0.999992 -0.671539 
0.999991 -0.00135627 0.00405876 0.00488966 0.00134989 0.999998 0.00157134 0.000160379 -0.00406088 -0.00156585 0.99999 -0.688712 
0.999992 3.23211e-05 0.00390682 0.00648579 -3.81535e-05 0.999998 0.00149021 -0.000325282 -0.00390671 -0.00149035 0.999992 -0.705606 
0.999987 -0.0013007 0.00493384 0.00528021 0.00129798 0.999998 0.000553913 0.00288525 -0.00493448 -0.000547494 0.999988 -0.721359 
0.999991 0.0010711 0.00435196 0.00353752 -0.00107186 0.999999 0.000170846 0.0052955 -0.00435182 -0.000175513 0.999991 -0.738223 
0.999988 -0.00177991 0.00451777 0.00674344 0.00177419 0.999998 0.0012708 0.00325162 -0.00452007 -0.00126279 0.999989 -0.751898 
0.999984 -0.00267482 0.00490635 0.00784257 0.00267187 0.999997 0.000607876 0.00346826 -0.00490787 -0.000594774 0.999988 -0.76608 
0.999991 -0.000287614 0.00427135 0.00608163 0.000294321 0.999999 -0.00156929 0.00379249 -0.00427086 0.00157053 0.99999 -0.781766 
0.99999 0.00093189 0.00443831 0.00329026 -0.000920154 0.999995 -0.00264342 0.00595029 -0.00444082 0.00263931 0.999986 -0.793468 
0.999993 0.000461617 0.00352747 0.00300922 -0.000452098 0.999996 -0.0026974 0.00949554 -0.00352874 0.00269578 0.99999 -0.802051 
0.999995 -0.00151282 0.00261639 0.00721252 0.00151123 0.999999 0.000612075 0.00882965 -0.00261723 -0.000608119 0.999996 -0.80784 
0.999998 0.000514669 0.0021772 0.00452679 -0.000515156 1 0.000222866 0.00563906 -0.00217708 -0.000223988 0.999997 -0.815655 
0.999994 0.00294158 0.00180262 -0.000106882 -0.00294262 0.999995 0.000574496 0.00511759 -0.00180086 -0.000579797 0.999999 -0.82403 
0.999998 0.000149647 0.00202239 0.00208218 -0.000147945 0.999999 -0.000841246 0.007612 -0.00202238 0.000840939 0.999998 -0.835296 
0.999998 0.00143906 0.00143211 0.00145615 -0.00143936 0.999999 0.000204172 0.00885486 -0.00143181 -0.000206237 0.999998 -0.842942 
0.999996 -0.00245558 0.00188461 0.00581003 0.00245125 0.999994 0.0022925 0.00733339 -0.0018903 -0.00228787 0.999996 -0.850297 
0.999999 -0.000571465 0.00132767 0.00562728 0.000567988 0.999996 0.00261773 0.00496473 -0.00132923 -0.00261696 0.999996 -0.858584 
0.999991 -0.00402157 0.00175516 0.00858347 0.00401866 0.999991 0.00165682 0.00399635 -0.00176193 -0.00164975 0.999997 -0.867074 
1 -0.000850422 0.00104002 0.00606861 0.000850814 0.999999 -0.000375537 0.00675604 -0.00103977 0.000376422 0.999999 -0.877526 
0.999999 0.000990179 0.00136779 0.00299288 -0.000988159 0.999998 -0.00147383 0.00888808 -0.00136924 0.00147249 0.999998 -0.886131 
0.999999 -0.000567208 0.00141619 0.00434191 0.000569288 0.999999 -0.0014719 0.00832784 -0.00141535 0.00147271 0.999998 -0.890878 
0.999999 0.00040614 0.000997805 0.00375326 -0.000406079 1 -7.06427e-05 0.00952858 -0.000997826 7.02314e-05 0.999999 -0.894513 
0.999998 8.56727e-05 0.00166206 0.00301538 -8.70998e-05 1 0.000856355 0.00797047 -0.00166193 -0.000856504 0.999998 -0.897775 
0.999998 0.00136023 0.00101974 0.00194542 -0.00136102 0.999999 0.000767912 0.00691455 -0.00101856 -0.000769303 0.999999 -0.904485 
0.999999 -3.29546e-05 0.000587823 0.00310584 3.39517e-05 0.999998 -0.00169995 0.00816551 -0.000587645 0.00169997 0.999999 -0.910595 
0.999999 -0.00114913 -5.08487e-05 0.00590284 0.00114895 0.999994 -0.00342474 0.0116976 5.47516e-05 0.00342468 0.999994 -0.920262 
1 -0.000766107 -0.000812641 0.00537342 0.000763058 0.999993 -0.00374306 0.0126278 0.000815409 0.00374244 0.999992 -0.924439 
0.999998 0.00129935 -0.00153633 0.00250622 -0.00130368 0.999995 -0.00281828 0.0111096 0.00153271 0.00282027 0.999995 -0.930253 
0.999999 -0.000116588 -0.00154747 0.00302576 0.000115399 1 -0.00076592 0.0111373 0.00154758 0.000765732 0.999999 -0.933192 
