1 0 -0 0 -0 1 0 0 0 -0 1 -0 
0.999991 -0.00269505 -0.0033195 -0.00185887 0.00268791 0.999994 -0.00215373 -0.00469017 0.00332529 0.00214479 0.999992 0.671455 
0.999972 -0.00134403 -0.00737362 -0.0118884 0.00131652 0.999992 -0.0037337 -0.00732636 0.00737858 0.00372389 0.999966 1.36024 
0.999935 -0.00139241 -0.0112803 -0.0262892 0.00133348 0.999985 -0.00523016 -0.0106647 0.0112874 0.00521478 0.999923 2.06599 
0.999868 -9.69513e-05 -0.0162196 -0.0431927 3.12781e-06 0.999983 -0.0057845 -0.0177396 0.0162199 0.00578369 0.999852 2.7877 
0.999787 -0.00116617 -0.0205825 -0.0616822 0.00104369 0.999982 -0.00596066 -0.0273557 0.0205891 0.00593791 0.99977 3.5261 
0.999685 0.000573924 -0.0251062 -0.0872209 -0.000755617 0.999974 -0.00722809 -0.0360118 0.0251014 0.00724478 0.999659 4.27823 
0.999545 0.0032391 -0.0300047 -0.118276 -0.0034751 0.999963 -0.00781675 -0.0455077 0.0299783 0.00791746 0.999519 5.04379 
0.999406 0.00358036 -0.0342701 -0.151064 -0.00379609 0.999973 -0.00623198 -0.0541161 0.0342469 0.00635837 0.999393 5.82539 
0.999247 0.00275856 -0.0386965 -0.185129 -0.00289908 0.999989 -0.00357552 -0.0629056 0.0386862 0.00368501 0.999245 6.61858 
0.999105 0.00241857 -0.042219 -0.221949 -0.00245788 0.999997 -0.000879039 -0.0730085 0.0422167 0.000982022 0.999108 7.42026 
0.998987 0.00390434 -0.0448355 -0.265439 -0.00397477 0.999991 -0.00148197 -0.0830138 0.0448293 0.00165868 0.998993 8.22756 
0.998888 0.00336654 -0.0470189 -0.308222 -0.00344994 0.999993 -0.00169261 -0.0900526 0.0470129 0.00185294 0.998893 9.04266 
0.998808 0.000388368 -0.0488188 -0.348303 -0.000499591 0.999997 -0.0022661 -0.0970349 0.0488178 0.00228779 0.998805 9.86625 
0.998707 0.000286364 -0.0508364 -0.392928 -0.000359346 0.999999 -0.00142649 -0.105801 0.050836 0.00144292 0.998706 10.7009 
0.998632 -0.00116174 -0.0522671 -0.438505 0.00107788 0.999998 -0.00163265 -0.116037 0.0522689 0.00157408 0.998632 11.5433 
0.998532 0.00116952 -0.054154 -0.490386 -0.00138447 0.999991 -0.00393182 -0.126586 0.054149 0.00400102 0.998525 12.3928 
0.998459 0.00160182 -0.0554795 -0.543745 -0.00196821 0.999977 -0.00655007 -0.13714 0.0554677 0.00664917 0.998438 13.2504 
0.998345 0.00549949 -0.0572366 -0.602065 -0.00597737 0.999949 -0.00818136 -0.148347 0.0571887 0.00850995 0.998327 14.116 
0.99828 0.00636489 -0.0582804 -0.659124 -0.00682974 0.999946 -0.0077804 -0.162216 0.0582277 0.00816506 0.99827 14.9922 
0.998206 0.00544396 -0.0596315 -0.715091 -0.00582968 0.999963 -0.0062963 -0.176632 0.0595951 0.00663264 0.998201 15.8772 
0.998116 0.0061086 -0.0610429 -0.773604 -0.0064144 0.999968 -0.00481482 -0.189252 0.0610116 0.0051973 0.998124 16.7668 
0.998058 0.0057107 -0.0620308 -0.833079 -0.00601593 0.999971 -0.00473506 -0.203067 0.062002 0.00509904 0.998063 17.66 
0.997954 0.0055753 -0.0636921 -0.893429 -0.00594271 0.999967 -0.00558055 -0.215988 0.0636589 0.00594763 0.997954 18.5565 
0.997895 0.00415515 -0.0647217 -0.953726 -0.00457491 0.999969 -0.00633875 -0.228657 0.0646934 0.0066215 0.997883 19.4595 
0.997858 0.00428856 -0.0652783 -1.01657 -0.00460093 0.999979 -0.00463556 -0.240928 0.0652571 0.00492597 0.997856 20.3686 
0.997856 0.00565115 -0.0651996 -1.08264 -0.00574219 0.999983 -0.00120908 -0.253757 0.0651917 0.00158088 0.997872 21.2873 
0.997905 0.00666872 -0.0643536 -1.1478 -0.00651994 0.999976 0.00252152 -0.263983 0.0643688 -0.00209665 0.997924 22.2105 
0.99801 0.00555543 -0.0628086 -1.2085 -0.00522939 0.999972 0.00535415 -0.270574 0.0628366 -0.00501504 0.998011 23.14 
0.998105 0.00576666 -0.0612554 -1.26861 -0.00540115 0.999967 0.00613088 -0.276744 0.0612887 -0.00578842 0.998103 24.0703 
0.998186 0.00599993 -0.059899 -1.32842 -0.00581206 0.999978 0.00331008 -0.283439 0.0599175 -0.00295594 0.998199 25.005 
0.998234 0.00680963 -0.0590097 -1.38825 -0.00691241 0.999975 -0.00153778 -0.289891 0.0589977 0.00194297 0.998256 25.9418 
0.99831 0.00591938 -0.0578187 -1.44541 -0.00618868 0.999971 -0.00447962 -0.298312 0.0577905 0.00482987 0.998317 26.8858 
0.998362 0.00336324 -0.0571135 -1.49998 -0.00356654 0.999988 -0.00345804 -0.309289 0.0571012 0.00365607 0.998362 27.8385 
0.998353 0.00149865 -0.0573523 -1.55531 -0.00141404 0.999998 0.00151577 -0.319875 0.0573545 -0.00143218 0.998353 28.7988 
0.998304 -0.0022791 -0.0581769 -1.60956 0.00257361 0.999984 0.00498776 -0.330871 0.0581646 -0.00512903 0.998294 29.763 
0.998197 -0.0097105 -0.0592341 -1.65854 0.00998797 0.99994 0.00439013 -0.339565 0.0591879 -0.00497384 0.998234 30.724 
0.998086 -0.0119185 -0.0606887 -1.71432 0.0119704 0.999928 0.000492802 -0.345608 0.0606784 -0.00121833 0.998157 31.6872 
0.998002 -0.0117261 -0.0620898 -1.7781 0.0115371 0.999928 -0.00340188 -0.355386 0.0621252 0.00267875 0.998065 32.6537 
0.99788 -0.010465 -0.0642297 -1.84352 0.0102203 0.999939 -0.00413707 -0.366466 0.0642691 0.00347185 0.997927 33.6274 
0.997826 -0.0104997 -0.0650622 -1.9103 0.0103424 0.999943 -0.0027538 -0.378916 0.0650874 0.00207492 0.997877 34.6082 
0.997777 -0.00742817 -0.0662303 -1.98232 0.00744996 0.999972 8.19856e-05 -0.392504 0.0662279 -0.000575217 0.997804 35.5908 
0.997688 -0.00748683 -0.0675473 -2.05151 0.00760033 0.99997 0.00142339 -0.403797 0.0675346 -0.00193348 0.997715 36.5736 
0.997626 -0.0061679 -0.0685808 -2.12085 0.0064583 0.999971 0.00401352 -0.4122 0.068554 -0.00444691 0.997637 37.5573 
0.997632 -0.00628632 -0.0684868 -2.19043 0.00678772 0.999952 0.0070908 -0.421183 0.0684389 -0.00753888 0.997627 38.5436 
0.997614 -0.000476876 -0.0690415 -2.26862 0.00112713 0.999955 0.0093796 -0.426297 0.069034 -0.00943503 0.99757 39.5268 
0.997603 -0.00062067 -0.0691939 -2.34118 0.00123861 0.99996 0.00888805 -0.433385 0.0691856 -0.00895245 0.997564 40.5054 
0.99761 -0.00052444 -0.0690988 -2.41133 0.00102353 0.999974 0.00718763 -0.436801 0.0690932 -0.00724118 0.997584 41.4827 
0.997612 0.00171172 -0.0690408 -2.48684 -0.00136984 0.999987 0.00499899 -0.443819 0.0690484 -0.00489248 0.997601 42.4566 
0.997543 0.00131006 -0.0700507 -2.55763 -0.000956281 0.999987 0.00508357 -0.45272 0.0700564 -0.00500408 0.99753 43.4307 
0.997455 -0.000657694 -0.0712924 -2.62678 0.00110698 0.99998 0.00626275 -0.460201 0.0712868 -0.00632573 0.997436 44.406 
0.997396 -0.000106939 -0.0721183 -2.70125 0.00063745 0.999973 0.00733315 -0.46924 0.0721155 -0.00736003 0.997369 45.3762 
0.997379 0.00233811 -0.0723195 -2.77915 -0.00206929 0.999991 0.00379177 -0.480383 0.0723277 -0.00363218 0.997374 46.3373 
0.997321 0.00285346 -0.0730944 -2.85644 -0.00288806 0.999996 -0.000367698 -0.489485 0.073093 0.000577813 0.997325 47.295 
0.997275 0.00370439 -0.0736861 -2.93199 -0.00383304 0.999991 -0.00160449 -0.500262 0.0736796 0.00188256 0.99728 48.2531 
0.997269 0.0025062 -0.0738115 -3.00479 -0.00236675 0.999995 0.00197664 -0.514015 0.0738161 -0.00179655 0.99727 49.214 
0.997254 0.000613585 -0.0740573 -3.07575 -0.000236322 0.999987 0.00510287 -0.526045 0.0740594 -0.00507135 0.997241 50.1706 
0.997236 -0.0012485 -0.0742826 -3.14794 0.0016821 0.999982 0.00577488 -0.536361 0.074274 -0.00588387 0.997221 51.1203 
0.997216 -0.00438129 -0.0744345 -3.21838 0.0047325 0.999978 0.00454263 -0.546006 0.074413 -0.00488225 0.997216 52.0651 
0.997168 -0.00711022 -0.0748639 -3.28805 0.0073743 0.999968 0.00325163 -0.555774 0.0748384 -0.00379449 0.997188 53.0058 
0.997075 -0.00865605 -0.0759386 -3.36032 0.00902175 0.999949 0.00447392 -0.564676 0.0758961 -0.00514593 0.997102 53.9471 
0.996955 -0.0117258 -0.0770962 -3.43061 0.0124252 0.999886 0.00859835 -0.571678 0.0769865 -0.0095301 0.996987 54.8877 
0.996895 -0.0126238 -0.0777226 -3.50219 0.0137201 0.999814 0.013587 -0.57642 0.0775365 -0.0146112 0.996882 55.8265 
0.996875 -0.0108766 -0.0782371 -3.58093 0.0121531 0.9998 0.0158581 -0.579788 0.078049 -0.0167594 0.996809 56.7575 
0.996775 -0.00978317 -0.0796437 -3.65881 0.0107668 0.999871 0.0119298 -0.584281 0.0795167 -0.0127488 0.996752 57.6752 
0.996685 -0.0082601 -0.0809396 -3.7369 0.00862371 0.999954 0.00414381 -0.588931 0.0809016 -0.00482807 0.99671 58.5805 
0.996631 -0.00657268 -0.0817554 -3.81623 0.00654097 0.999978 -0.000655707 -0.597203 0.0817579 0.000118738 0.996652 59.478 
0.996568 -0.0016251 -0.082767 -3.90063 0.00165277 0.999999 0.000265707 -0.608744 0.0827665 -0.000401589 0.996569 60.3708 
0.996496 0.00120108 -0.0836263 -3.98364 -0.000989324 0.999996 0.00257357 -0.623417 0.0836291 -0.00248182 0.996494 61.2516 
