1 0 -0 0 -0 1 0 0 0 -0 1 -0 
0.999991 -0.00269505 -0.0033195 -0.00185887 0.00268791 0.999994 -0.00215373 -0.00469017 0.00332529 0.00214479 0.999992 0.671455 
0.999972 -0.00134403 -0.00737362 -0.0118884 0.00131652 0.999992 -0.0037337 -0.00732636 0.00737858 0.00372389 0.999966 1.36024 
0.999935 -0.00139241 -0.0112803 -0.0262892 0.00133348 0.999985 -0.00523016 -0.0106647 0.0112874 0.00521478 0.999923 2.06599 
0.999868 -9.71039e-05 -0.0162198 -0.0431911 3.28019e-06 0.999983 -0.00578443 -0.0177399 0.0162201 0.00578361 0.999852 2.78771 
0.999787 -0.00116575 -0.0205831 -0.0616619 0.00104328 0.999982 -0.00595969 -0.0273659 0.0205896 0.00593695 0.99977 3.52613 
0.999685 0.000573301 -0.0251065 -0.0871979 -0.000754959 0.999974 -0.00722659 -0.0360306 0.0251017 0.00724326 0.999659 4.27821 
0.999544 0.00323796 -0.0300083 -0.118199 -0.00347405 0.999963 -0.00781871 -0.0454684 0.0299819 0.00791939 0.999519 5.04391 
0.999406 0.00357839 -0.0342744 -0.150963 -0.00379408 0.999973 -0.0062301 -0.0541467 0.0342512 0.00635644 0.999393 5.82564 
0.999247 0.00274975 -0.0387014 -0.185036 -0.00289008 0.999989 -0.00357047 -0.0629682 0.0386912 0.00367963 0.999244 6.61901 
0.999105 0.0024214 -0.0422196 -0.221936 -0.0024606 0.999997 -0.000876445 -0.0730593 0.0422173 0.000979547 0.999108 7.4208 
0.998987 0.00390863 -0.0448349 -0.265471 -0.00397899 0.999991 -0.00148004 -0.0830625 0.0448287 0.00165694 0.998993 8.22818 
0.998888 0.00337571 -0.0470169 -0.308279 -0.0034592 0.999993 -0.00169444 -0.0900628 0.0470109 0.00185519 0.998893 9.04334 
0.998808 0.000402984 -0.0488157 -0.348434 -0.000514422 0.999997 -0.00227028 -0.0970436 0.0488147 0.00229268 0.998805 9.86706 
0.998707 0.000294759 -0.0508383 -0.393002 -0.00036786 0.999999 -0.00142856 -0.1058 0.0508378 0.00144541 0.998706 10.7021 
0.998632 -0.00115233 -0.0522717 -0.438553 0.00106825 0.999998 -0.00163635 -0.116021 0.0522735 0.00157828 0.998632 11.5445 
0.998532 0.00117541 -0.0541594 -0.490391 -0.00139059 0.999991 -0.00393557 -0.126575 0.0541543 0.00400511 0.998525 12.3941 
0.998458 0.00159799 -0.055487 -0.543689 -0.0019644 0.999977 -0.00654965 -0.137161 0.0554753 0.00664855 0.998438 13.2518 
0.998345 0.00550351 -0.0572432 -0.602062 -0.00598107 0.999949 -0.00817467 -0.148455 0.0571953 0.00850352 0.998327 14.1174 
0.998279 0.00637698 -0.0582908 -0.659115 -0.0068423 0.999946 -0.00778673 -0.162123 0.058238 0.00817218 0.998269 14.9937 
0.998205 0.00546059 -0.0596459 -0.714969 -0.00584702 0.999963 -0.00630614 -0.176474 0.0596092 0.00664357 0.9982 15.8786 
0.998116 0.00612582 -0.0610539 -0.773618 -0.00643224 0.999968 -0.00482351 -0.189127 0.0610224 0.00520713 0.998123 16.7682 
0.998057 0.00571823 -0.0620432 -0.83309 -0.00602389 0.999971 -0.00474056 -0.202961 0.0620143 0.00510509 0.998062 17.6615 
0.997953 0.00558894 -0.0637057 -0.893467 -0.00595686 0.999967 -0.0055868 -0.21588 0.0636723 0.00595485 0.997953 18.5581 
0.997894 0.00416722 -0.0647374 -0.953759 -0.00458748 0.999969 -0.00634455 -0.228551 0.0647089 0.00662817 0.997882 19.4611 
0.997857 0.00430195 -0.0652959 -1.01663 -0.00461503 0.999979 -0.00464476 -0.240763 0.0652746 0.00493615 0.997855 20.3702 
0.997855 0.00567146 -0.0652174 -1.08274 -0.00576302 0.999983 -0.00121588 -0.253676 0.0652094 0.00158912 0.99787 21.2888 
0.997903 0.00668292 -0.0643753 -1.14789 -0.00653461 0.999975 0.00251416 -0.263862 0.0643906 -0.00208822 0.997923 22.2121 
0.998009 0.00556349 -0.0628316 -1.20863 -0.00523797 0.999972 0.00534432 -0.270415 0.0628595 -0.00500457 0.99801 23.1416 
0.998104 0.00577217 -0.0612793 -1.26874 -0.00540727 0.999967 0.00611887 -0.27654 0.0613126 -0.00577591 0.998102 24.072 
0.998185 0.00601101 -0.0599164 -1.3287 -0.00582404 0.999978 0.00329459 -0.28322 0.0599349 -0.00293966 0.998198 25.0069 
0.998233 0.00682454 -0.0590248 -1.38856 -0.00692825 0.999975 -0.00155255 -0.289583 0.0590127 0.00195875 0.998255 25.9437 
0.998309 0.0059322 -0.0578336 -1.44582 -0.00620262 0.999971 -0.00449739 -0.297934 0.0578053 0.0048485 0.998316 26.8878 
0.998361 0.00337421 -0.0571306 -1.50045 -0.00357849 0.999988 -0.00347373 -0.308974 0.0571181 0.00367248 0.998361 27.8409 
0.998352 0.00150836 -0.0573674 -1.556 -0.00142479 0.999998 0.00149762 -0.319571 0.0573695 -0.00141341 0.998352 28.8017 
0.998303 -0.00227086 -0.0581908 -1.61033 0.00256462 0.999984 0.00497401 -0.330623 0.0581786 -0.00511481 0.998293 29.7663 
0.998196 -0.00970209 -0.0592505 -1.65924 0.00997887 0.999941 0.00437728 -0.339367 0.0592045 -0.00496064 0.998234 30.7277 
0.998085 -0.0119075 -0.0607015 -1.71513 0.0119588 0.999928 0.000481158 -0.345527 0.0606914 -0.00120615 0.998156 31.691 
0.998001 -0.0117224 -0.0620995 -1.77904 0.0115324 0.999928 -0.00341583 -0.355183 0.062135 0.00269284 0.998064 32.6578 
0.99788 -0.010439 -0.0642394 -1.84457 0.0101929 0.999939 -0.00415654 -0.366344 0.0642789 0.00349294 0.997926 33.6318 
0.997825 -0.0104889 -0.0650765 -1.91133 0.0103305 0.999943 -0.00277075 -0.378766 0.0651018 0.00209246 0.997876 34.613 
0.997776 -0.0074243 -0.0662479 -1.98324 0.00744509 0.999972 6.69415e-05 -0.392323 0.0662456 -0.000560014 0.997803 35.596 
0.997687 -0.0074916 -0.0675661 -2.05248 0.00760447 0.99997 0.00141348 -0.403698 0.0675535 -0.00192402 0.997714 36.5789 
0.997625 -0.00616647 -0.0686018 -2.12195 0.00645625 0.999971 0.00400311 -0.412091 0.0685751 -0.00443651 0.997636 37.5631 
0.99763 -0.00629564 -0.068511 -2.19149 0.00679636 0.999952 0.00707805 -0.420949 0.0684632 -0.0075269 0.997625 38.5498 
0.997612 -0.000486636 -0.0690685 -2.26965 0.00113607 0.999956 0.00936379 -0.426025 0.0690609 -0.00941989 0.997568 39.5333 
0.997601 -0.000619351 -0.0692172 -2.34244 0.00123649 0.99996 0.00887347 -0.433188 0.069209 -0.00893777 0.997562 40.5123 
0.997608 -0.000522851 -0.0691206 -2.41267 0.00102123 0.999974 0.00717514 -0.436695 0.069115 -0.00722856 0.997583 41.4898 
0.99761 0.00171367 -0.0690687 -2.48819 -0.00137234 0.999987 0.00498907 -0.443759 0.0690763 -0.00488236 0.997599 42.4642 
0.997541 0.00132247 -0.0700772 -2.55906 -0.00096905 0.999987 0.00507705 -0.452782 0.070083 -0.00499665 0.997529 43.4388 
0.997453 -0.000650532 -0.0713202 -2.62829 0.00109965 0.99998 0.00625814 -0.460246 0.0713147 -0.00632063 0.997434 44.4145 
0.997394 -0.000106082 -0.0721463 -2.7026 0.000636838 0.999973 0.00733369 -0.469354 0.0721435 -0.00736053 0.997367 45.3848 
0.997377 0.00233413 -0.0723396 -2.78076 -0.00206564 0.999991 0.0037861 -0.480447 0.0723478 -0.00362674 0.997373 46.3464 
0.997319 0.00284802 -0.0731195 -2.85799 -0.00288289 0.999996 -0.000371332 -0.489569 0.0731181 0.000581131 0.997323 47.3047 
0.997273 0.00370353 -0.073713 -2.93361 -0.00383262 0.999991 -0.00160984 -0.50033 0.0737064 0.00188796 0.997278 48.2632 
0.997268 0.00250178 -0.0738241 -3.0067 -0.00236276 0.999995 0.00197048 -0.514066 0.0738287 -0.00179067 0.997269 49.2244 
0.997253 0.000606862 -0.074069 -3.07768 -0.000230166 0.999987 0.00509417 -0.526099 0.0740711 -0.00506313 0.99724 50.1813 
0.997235 -0.00126031 -0.0743039 -3.14958 0.00169354 0.999982 0.00576769 -0.536485 0.0742953 -0.00587757 0.997219 51.131 
0.997215 -0.0043905 -0.0744573 -3.22 0.0047413 0.999978 0.00453533 -0.546146 0.0744358 -0.00487572 0.997214 52.0759 
0.997167 -0.00711783 -0.0748882 -3.28973 0.00738103 0.999968 0.00323846 -0.555809 0.0748627 -0.00378204 0.997187 53.0167 
0.997073 -0.00866502 -0.0759624 -3.36202 0.0090297 0.999949 0.00445866 -0.56471 0.07592 -0.00513153 0.997101 53.958 
0.996953 -0.0117338 -0.0771207 -3.4323 0.0124326 0.999886 0.00858703 -0.571794 0.0770112 -0.00951968 0.996985 54.8987 
0.996893 -0.0126233 -0.077746 -3.50398 0.013719 0.999814 0.0135754 -0.57645 0.0775601 -0.0145998 0.996881 55.8377 
0.996874 -0.0108641 -0.0782612 -3.58277 0.0121403 0.999801 0.0158491 -0.579885 0.0780734 -0.0167496 0.996807 56.769 
0.996774 -0.00977459 -0.0796639 -3.66071 0.0107576 0.999871 0.0119194 -0.584374 0.0795371 -0.012738 0.996751 57.6868 
0.996683 -0.00824591 -0.0809602 -3.73873 0.00860875 0.999954 0.0041337 -0.589053 0.0809224 -0.00481696 0.996709 58.5921 
0.996629 -0.00656062 -0.0817758 -3.81813 0.00652719 0.999978 -0.000676072 -0.597232 0.0817785 0.000140027 0.996651 59.4896 
0.996565 -0.00162506 -0.0828024 -3.90263 0.00165167 0.999999 0.00025287 -0.60893 0.0828019 -0.000388764 0.996566 60.3829 
0.996492 0.00116885 -0.083677 -3.98546 -0.000958239 0.999996 0.00255708 -0.623435 0.0836796 -0.00246793 0.99649 61.2641 
0.996391 0.00372765 -0.0848004 -4.06517 -0.00338649 0.999986 0.00416651 -0.63806 0.0848147 -0.0038643 0.996389 62.1304 
0.996298 0.00442824 -0.0858546 -4.14427 -0.00410811 0.999984 0.00390507 -0.647019 0.0858705 -0.00353792 0.9963 62.9812 
0.99615 0.00616517 -0.087444 -4.22413 -0.00577163 0.999972 0.00475262 -0.657239 0.0874709 -0.00422963 0.996158 63.8215 
0.996027 0.00700319 -0.0887705 -4.30214 -0.00655046 0.999964 0.00539036 -0.670069 0.088805 -0.00478746 0.996038 64.6473 
0.995895 0.00692698 -0.0902504 -4.37941 -0.00642325 0.999962 0.00587074 -0.680742 0.0902876 -0.00526694 0.995902 65.4611 
0.995783 0.00680467 -0.0914898 -4.45634 -0.00619804 0.999957 0.00691309 -0.687825 0.0915329 -0.00631688 0.995782 66.2618 
0.995645 0.00957396 -0.0927374 -4.53813 -0.00872168 0.999916 0.00959117 -0.69414 0.0928214 -0.00874058 0.995644 67.0511 
0.995517 0.0110548 -0.0939322 -4.61777 -0.00980812 0.999858 0.013723 -0.699883 0.0940706 -0.0127402 0.995484 67.8273 
0.995323 0.0142431 -0.0955509 -4.69785 -0.0128217 0.999798 0.0154734 -0.704818 0.095752 -0.0141759 0.995304 68.585 
0.995154 0.0170496 -0.0968375 -4.77895 -0.0160202 0.999807 0.011397 -0.712561 0.0970131 -0.0097904 0.995235 69.3203 
0.995031 0.0170202 -0.0980995 -4.85577 -0.0166913 0.999852 0.00417231 -0.721787 0.098156 -0.00251417 0.995168 70.0321 
0.994901 0.0161398 -0.0995563 -4.92721 -0.0163868 0.999864 -0.00166417 -0.728834 0.0995159 0.00328709 0.995031 70.7276 
0.994848 0.0169945 -0.0999424 -5.00159 -0.0173683 0.999845 -0.00287148 -0.734913 0.0998781 0.00459251 0.994989 71.4069 
0.994729 0.019791 -0.10061 -5.0769 -0.0198164 0.999803 0.000746899 -0.74728 0.100605 0.00125078 0.994926 72.0702 
0.994596 0.0200268 -0.101867 -5.14636 -0.0198097 0.999799 0.00314204 -0.764729 0.10191 -0.0011071 0.994793 72.7107 
0.994554 0.0169106 -0.102846 -5.21117 -0.0170093 0.999855 -8.31003e-05 -0.777515 0.10283 0.00183199 0.994697 73.329 
0.994665 0.00880431 -0.102786 -5.26502 -0.00939178 0.999942 -0.00523289 -0.790808 0.102734 0.00617032 0.99469 73.9294 
0.994798 0.00476471 -0.101759 -5.31989 -0.00581428 0.999933 -0.0100201 -0.802326 0.101705 0.0105596 0.994759 74.5132 
0.995099 0.00726966 -0.0986134 -5.38016 -0.00831723 0.999913 -0.0102161 -0.814196 0.0985306 0.0109862 0.995073 75.0849 
0.995451 0.012257 -0.094479 -5.44222 -0.0129959 0.99989 -0.00720923 -0.826643 0.0943802 0.00840427 0.995501 75.6433 
0.995898 0.0106846 -0.0898492 -5.4889 -0.0111028 0.99993 -0.00415524 -0.837691 0.0897985 0.00513577 0.995947 76.1898 
0.996426 0.00698508 -0.0841799 -5.52469 -0.00700259 0.999975 8.72936e-05 -0.849582 0.0841784 0.000502495 0.996451 76.7252 
0.997102 0.00259135 -0.0760338 -5.55429 -0.0023244 0.999991 0.00359922 -0.863547 0.0760425 -0.00341205 0.997099 77.2486 
0.997847 0.00624394 -0.0652839 -5.58798 -0.00603148 0.999976 0.0034509 -0.872124 0.0653039 -0.00304971 0.997861 77.7563 
0.998677 0.0114673 -0.0501233 -5.61724 -0.0113342 0.999931 0.00293889 -0.879397 0.0501535 -0.00236689 0.998739 78.2517 
0.999348 0.0165329 -0.0320874 -5.63195 -0.0164292 0.999859 0.00349032 -0.884976 0.0321406 -0.00296087 0.999479 78.7374 
0.999838 0.0149329 -0.0100836 -5.62317 -0.0148934 0.999881 0.00398048 -0.890145 0.0101419 -0.00382965 0.999941 79.2105 
0.999805 0.0114651 0.016079 -5.59609 -0.0115456 0.999921 0.00492537 -0.897617 -0.0160213 -0.00511006 0.999859 79.671 
0.998907 0.0103946 0.0455761 -5.55616 -0.0107008 0.999922 0.00648089 -0.904796 -0.0455052 -0.0069615 0.99894 80.1232 
0.996854 0.0100028 0.0786253 -5.50167 -0.0106592 0.999912 0.00793261 -0.911447 -0.078539 -0.00874573 0.996873 80.5677 
0.993185 0.00997411 0.116119 -5.42898 -0.0110296 0.999903 0.00845069 -0.917197 -0.116023 -0.00967385 0.993199 81.0038 
0.987419 0.0102348 0.157795 -5.33739 -0.0117008 0.999897 0.00836445 -0.921172 -0.157693 -0.0101055 0.987436 81.4318 
0.979128 0.00999161 0.202999 -5.22604 -0.0119262 0.999894 0.00830888 -0.927185 -0.202894 -0.0105565 0.979144 81.8473 
0.967628 0.0121678 0.252087 -5.0959 -0.0142043 0.99988 0.00626043 -0.936671 -0.25198 -0.00963849 0.967684 82.2487 
0.952163 0.013167 0.305307 -4.94387 -0.0148978 0.999883 0.00333983 -0.945286 -0.305227 -0.00772845 0.952248 82.6328 
0.932398 0.013509 0.361181 -4.7678 -0.0149051 0.999888 0.0010796 -0.951827 -0.361126 -0.00639005 0.932495 83.0011 
0.908101 0.0142968 0.418507 -4.57021 -0.0152776 0.999883 -0.00100707 -0.956275 -0.418472 -0.00547926 0.908213 83.3529 
0.879079 0.0145392 0.476454 -4.34979 -0.0147897 0.999885 -0.00322439 -0.960816 -0.476446 -0.00421212 0.879193 83.6848 
0.84563 0.0130306 0.533611 -4.10755 -0.0119887 0.999913 -0.00541863 -0.969559 -0.533635 -0.00181515 0.845713 83.9938 
0.80876 0.0126565 0.588003 -3.84576 -0.0108647 0.999919 -0.00657914 -0.981685 -0.588039 -0.00106753 0.808832 84.2863 
0.768742 0.0113609 0.639458 -3.56652 -0.0100715 0.999933 -0.00565758 -0.992606 -0.639479 -0.00209107 0.768806 84.5635 
0.725756 0.0110367 0.687864 -3.27135 -0.0116926 0.999925 -0.0037069 -1.00067 -0.687853 -0.00535264 0.72583 84.8249 
0.680344 0.0100338 0.732824 -2.95982 -0.0109685 0.999934 -0.00350806 -1.00823 -0.732811 -0.00565131 0.680409 85.0626 
0.633608 0.00872945 0.773605 -2.63384 -0.00781569 0.999958 -0.00488233 -1.01729 -0.773615 -0.00295277 0.633649 85.2753 
0.586636 0.00612486 0.809827 -2.29388 -0.00236037 0.99998 -0.00585317 -1.02698 -0.809847 0.00152219 0.586639 85.4645 
0.539714 0.00819024 0.841809 -1.94955 -0.00436808 0.999966 -0.00692847 -1.03782 -0.841837 6.23096e-05 0.539732 85.6438 
0.492164 0.0110638 0.870432 -1.59937 -0.00830497 0.999933 -0.00801402 -1.0484 -0.870463 -0.00328469 0.492223 85.8108 
0.446533 0.0131769 0.89467 -1.24099 -0.00903128 0.999907 -0.0102193 -1.05818 -0.894722 -0.00351678 0.44661 85.9554 
0.4042 0.0106114 0.914609 -0.870999 -0.00168476 0.99994 -0.0108568 -1.06458 -0.914669 0.00284742 0.404193 86.0721 
0.36474 0.00307955 0.931104 -0.488321 0.0134774 0.999872 -0.00858647 -1.06814 -0.931012 0.0156807 0.364652 86.1653 
0.329421 -0.000526157 0.944183 -0.104196 0.0177418 0.999827 -0.00563287 -1.07135 -0.944017 0.0186071 0.329373 86.2606 
0.296267 0.00356814 0.955099 0.278685 0.0152081 0.999849 -0.0084528 -1.07905 -0.954984 0.0170295 0.296168 86.3613 
0.265098 0.0112157 0.964156 0.662566 0.00446706 0.999907 -0.0128598 -1.09408 -0.964211 0.00771604 0.265024 86.4665 
0.236693 0.0155407 0.97146 1.05845 -0.000199407 0.999873 -0.0159466 -1.11208 -0.971584 0.00358074 0.236666 86.5555 
0.211053 0.017216 0.977323 1.46633 0.0011345 0.99984 -0.0178576 -1.12783 -0.977474 0.00487767 0.210999 86.6243 
0.187719 0.0185718 0.982047 1.88523 0.00862199 0.999752 -0.0205547 -1.13883 -0.982185 0.0123257 0.187513 86.6776 
0.167692 0.0248898 0.985525 2.31115 0.0157447 0.999486 -0.0279214 -1.139 -0.985714 0.020199 0.167214 86.7228 
0.148023 0.0316795 0.988476 2.74704 0.0179555 0.999236 -0.0347131 -1.13968 -0.988821 0.0228869 0.147341 86.7735 
0.130376 0.0324809 0.990932 3.19934 0.0154899 0.999275 -0.0347924 -1.15414 -0.991344 0.0198855 0.129778 86.8292 
0.114895 0.0280391 0.992982 3.66852 0.0135894 0.999464 -0.0297946 -1.17832 -0.993285 0.0169173 0.114453 86.8783 
0.100386 0.0247862 0.99464 4.14855 0.0139475 0.999556 -0.0263164 -1.19965 -0.994851 0.0165146 0.0999956 86.9193 
0.0871527 0.0223274 0.995945 4.64291 0.0163379 0.999582 -0.0238387 -1.21701 -0.996061 0.0183493 0.0867515 86.9524 
0.0756063 0.0215136 0.996906 5.15037 0.0201968 0.999529 -0.023102 -1.23222 -0.996933 0.021881 0.0751362 86.9794 
0.0655031 0.0221677 0.997606 5.67094 0.0234117 0.999444 -0.0237458 -1.24731 -0.997578 0.024911 0.0649477 87.0039 
0.0576446 0.0227151 0.998079 6.20767 0.0254669 0.999382 -0.0242157 -1.26303 -0.998012 0.0268139 0.0570305 87.0289 
0.0520955 0.0230698 0.998376 6.76223 0.0272318 0.999329 -0.0245128 -1.27937 -0.998271 0.0284646 0.0514323 87.0528 
0.046558 0.0241728 0.998623 7.33287 0.0284757 0.999269 -0.025516 -1.29598 -0.99851 0.0296245 0.0458356 87.0755 
0.0405946 0.0248677 0.998866 7.92164 0.0289949 0.99924 -0.0260554 -1.31313 -0.998755 0.0300197 0.0398427 87.0968 
0.0362953 0.0249195 0.99903 8.52739 0.0314531 0.999165 -0.0260656 -1.33164 -0.998846 0.0323687 0.0354812 87.1141 
0.0334058 0.0249018 0.999132 9.15121 0.0329773 0.999118 -0.0260041 -1.35071 -0.998898 0.0338173 0.0325552 87.131 
0.0303482 0.0244452 0.99924 9.79226 0.0338293 0.999103 -0.0254692 -1.37032 -0.998967 0.0345766 0.029494 87.1495 
0.0279423 0.0239004 0.999324 10.45 0.0358602 0.999047 -0.0248965 -1.39013 -0.998966 0.0365316 0.0270586 87.1656 
0.0273043 0.023564 0.999349 11.1231 0.040328 0.998882 -0.0246548 -1.41026 -0.998813 0.040975 0.0263235 87.1782 
0.0283872 0.0232016 0.999328 11.8121 0.0438684 0.998738 -0.0244341 -1.4314 -0.998634 0.0445325 0.0273336 87.1924 
0.0308536 0.0231412 0.999256 12.5171 0.0456254 0.998657 -0.024536 -1.45216 -0.998482 0.0463485 0.0297563 87.2134 
0.0347357 0.0230678 0.99913 13.2372 0.0481372 0.998535 -0.0247276 -1.47399 -0.998237 0.0489543 0.0335744 87.2374 
0.0390872 0.0226215 0.99898 13.9745 0.0485289 0.998521 -0.0245099 -1.49479 -0.998057 0.0494374 0.0379316 87.2661 
0.0431264 0.0209998 0.998849 14.7271 0.0499902 0.998481 -0.0231504 -1.51609 -0.997818 0.050931 0.0420112 87.2988 
0.047124 0.0194445 0.9987 15.4946 0.0498857 0.998517 -0.0217948 -1.53787 -0.997643 0.0508479 0.0460842 87.3381 
0.0512473 0.0173482 0.998535 16.2767 0.0467936 0.998709 -0.0197528 -1.56045 -0.997589 0.0477374 0.0503694 87.3845 
0.0552794 0.016316 0.998338 17.0698 0.0459934 0.998764 -0.0188697 -1.58141 -0.997411 0.0469601 0.0544606 87.435 
0.059316 0.0172744 0.99809 17.8662 0.0432079 0.998869 -0.0198557 -1.6049 -0.997304 0.0443031 0.0585025 87.4893 
0.0624738 0.0213517 0.997818 18.665 0.0411184 0.998867 -0.0239485 -1.63226 -0.997199 0.0425249 0.0615251 87.5451 
0.0637371 0.0266197 0.997612 19.4666 0.035315 0.998958 -0.0289119 -1.65971 -0.997342 0.0370734 0.0627306 87.6072 
0.0635899 0.0296831 0.997535 20.2734 0.0324186 0.998969 -0.0317924 -1.69131 -0.997449 0.0343603 0.062562 87.6652 
0.0637006 0.0291348 0.997544 21.0815 0.0301174 0.999062 -0.0311023 -1.72561 -0.997514 0.0320246 0.0627634 87.7223 
0.0636692 0.0272935 0.997598 21.8933 0.0272757 0.999205 -0.0290783 -1.76244 -0.997598 0.0290615 0.0628741 87.7813 
0.0635077 0.0261288 0.997639 22.7023 0.0282843 0.999209 -0.0279704 -1.79479 -0.99758 0.0299939 0.0627184 87.8355 
0.0639749 0.0254588 0.997627 23.5113 0.0257548 0.999299 -0.0271531 -1.82894 -0.997619 0.0274308 0.0632744 87.8926 
0.0640938 0.0257834 0.997611 24.3176 0.0241654 0.999333 -0.0273805 -1.86312 -0.997651 0.0258626 0.0634279 87.9507 
0.0642029 0.026355 0.997589 25.1227 0.0212856 0.999388 -0.0277724 -1.89685 -0.99771 0.0230174 0.0636026 88.0096 
0.0630047 0.0276966 0.997629 25.9247 0.0185216 0.99941 -0.0289158 -1.93041 -0.997841 0.0202995 0.0624546 88.0671 
0.0601735 0.0272888 0.997815 26.7273 0.0155469 0.999479 -0.0282719 -1.96337 -0.998067 0.0172141 0.059718 88.1232 
0.0562829 0.0259835 0.998077 27.53 0.0130762 0.999556 -0.0267594 -1.99621 -0.998329 0.0145572 0.0559182 88.1752 
0.0514403 0.0235809 0.998398 28.3334 0.0111151 0.999646 -0.024183 -2.0282 -0.998614 0.0123412 0.05116 88.2222 
0.045183 0.0215198 0.998747 29.1337 0.00895145 0.999719 -0.0219457 -2.0599 -0.998939 0.0099318 0.0449777 88.2634 
0.0378046 0.0217202 0.999049 29.9283 0.00850576 0.999721 -0.0220566 -2.09104 -0.999249 0.00933151 0.0376093 88.2959 
0.0291071 0.0227013 0.999318 30.7198 0.00827362 0.999702 -0.022951 -2.11999 -0.999542 0.00893602 0.0289107 88.3202 
0.0191746 0.0231101 0.999549 31.5099 0.00863722 0.999692 -0.0232791 -2.14783 -0.999779 0.00907969 0.018969 88.3363 
0.00893248 0.0220942 0.999716 32.2987 0.00977923 0.999706 -0.0221813 -2.17715 -0.999912 0.00997458 0.00871379 88.3431 
-0.00184022 0.0211022 0.999776 33.0844 0.00871806 0.99974 -0.0210854 -2.20684 -0.99996 0.0086773 -0.00202371 88.3433 
-0.0129078 0.020286 0.999711 33.8664 0.0100916 0.999746 -0.0201564 -2.23433 -0.999866 0.00982851 -0.0131092 88.3312 
-0.023927 0.0206245 0.999501 34.6435 0.0102819 0.999739 -0.0203833 -2.26266 -0.999661 0.00978903 -0.0241329 88.3128 
-0.0349323 0.0212005 0.999165 35.4166 0.01056 0.999727 -0.0208433 -2.29158 -0.999334 0.0098231 -0.0351467 88.2855 
-0.0455704 0.0222445 0.998713 36.1836 0.0101461 0.999711 -0.0218038 -2.31962 -0.99891 0.00913943 -0.0457829 88.2518 
-0.0558662 0.0232834 0.998167 36.9437 0.0111161 0.999681 -0.0226965 -2.34683 -0.998376 0.00982774 -0.0561071 88.2085 
-0.0652883 0.0239875 0.997578 37.6979 0.0119226 0.999658 -0.0232573 -2.37468 -0.997795 0.0103753 -0.065552 88.157 
-0.0748951 0.0244422 0.996892 38.4433 0.0125996 0.999643 -0.023563 -2.40442 -0.997112 0.0107957 -0.0751763 88.0994 
-0.0842053 0.024741 0.996141 39.1815 0.0133417 0.99963 -0.0236999 -2.43371 -0.996359 0.0112946 -0.0845042 88.036 
-0.0927642 0.0242605 0.995393 39.9119 0.0144756 0.99963 -0.0230147 -2.46168 -0.995583 0.012274 -0.0930811 87.9656 
-0.100028 0.0231011 0.994716 40.6353 0.0162349 0.999635 -0.0215827 -2.48992 -0.994852 0.0139903 -0.100367 87.8896 
-0.105203 0.0214272 0.99422 41.3502 0.0190419 0.999628 -0.0195289 -2.51697 -0.994268 0.0168773 -0.105572 87.81 
-0.108975 0.0198348 0.993847 42.0536 0.0220389 0.999603 -0.0175331 -2.54237 -0.9938 0.0199926 -0.109369 87.7284 
-0.111767 0.0187021 0.993558 42.7496 0.0235676 0.999592 -0.0161646 -2.56638 -0.993455 0.0216091 -0.112162 87.6509 
-0.113448 0.0177974 0.993384 43.428 0.0238459 0.9996 -0.0151854 -2.58995 -0.993258 0.0219654 -0.113827 87.5727 
-0.114234 0.0182035 0.993287 44.0923 0.0246328 0.999577 -0.0154859 -2.61315 -0.993148 0.0226984 -0.114634 87.4971 
-0.113248 0.0192179 0.993381 44.7425 0.0254573 0.999541 -0.0164349 -2.63598 -0.993241 0.0234276 -0.113685 87.4216 
-0.1103 0.0208234 0.99368 45.3752 0.0264196 0.999489 -0.0180126 -2.65876 -0.993547 0.0242658 -0.110794 87.3523 
-0.105096 0.0213259 0.994233 45.9932 0.0264839 0.999475 -0.0186388 -2.68068 -0.994109 0.0243723 -0.105605 87.2901 
-0.0970608 0.0220431 0.995034 46.592 0.026021 0.999469 -0.0196031 -2.70341 -0.994938 0.0239891 -0.0975829 87.2372 
-0.085886 0.0219594 0.996063 47.1706 0.024968 0.999491 -0.0198821 -2.72692 -0.995992 0.0231622 -0.0863905 87.1951 
-0.0721339 0.0222446 0.997147 47.7303 0.0242064 0.999496 -0.0205459 -2.75015 -0.997101 0.0226553 -0.072636 87.1643 
-0.0548836 0.0235826 0.998214 48.2734 0.0233651 0.999478 -0.0223278 -2.7727 -0.998219 0.0220979 -0.0554059 87.1465 
-0.0335673 0.026105 0.999095 48.805 0.0217737 0.999441 -0.0253825 -2.7956 -0.999199 0.0209019 -0.0341169 87.1423 
-0.00892277 0.0290942 0.999537 49.3332 0.0198223 0.999385 -0.0289128 -2.8194 -0.999764 0.0195551 -0.009494 87.1546 
0.0193978 0.0308294 0.999336 49.8592 0.0179969 0.999352 -0.0311792 -2.84299 -0.99965 0.0185898 0.0188304 87.1842 
0.0525753 0.0303513 0.998156 50.3859 0.0158702 0.999386 -0.0312247 -2.86477 -0.998491 0.0174825 0.0520613 87.2323 
0.0906737 0.0279711 0.995488 50.909 0.014778 0.999458 -0.0294287 -2.88634 -0.995771 0.0173798 0.0902112 87.3003 
0.13276 0.0241606 0.990854 51.4255 0.0124606 0.999583 -0.026043 -2.91094 -0.99107 0.0158041 0.132403 87.3932 
0.177878 0.019822 0.983853 51.9364 0.00986953 0.999711 -0.0219259 -2.93393 -0.984003 0.0136103 0.177631 87.5136 
0.226106 0.0165835 0.973962 52.4357 0.00537542 0.999819 -0.0182717 -2.95434 -0.974088 0.00936679 0.225976 87.6619 
0.277368 0.0150887 0.960645 52.9218 0.00170293 0.999867 -0.0161965 -2.97288 -0.960762 0.00612829 0.277306 87.8383 
0.331912 0.0147957 0.943194 53.3927 0.000942359 0.999871 -0.0160164 -2.98951 -0.94331 0.00620486 0.331855 88.0395 
0.389698 0.0153197 0.920815 53.8429 0.0031081 0.999834 -0.0179497 -3.00618 -0.920938 0.00985695 0.389586 88.265 
0.449235 0.0185611 0.893221 54.269 0.00404146 0.999732 -0.022807 -3.02509 -0.893405 0.0138556 0.449039 88.5187 
0.508763 0.0216491 0.860634 54.6694 0.00541322 0.999584 -0.0283444 -3.04417 -0.86089 0.0190794 0.508434 88.7943 
0.566859 0.0257043 0.823413 55.0463 0.00152978 0.999479 -0.0322536 -3.06068 -0.823813 0.0195429 0.566525 89.1017 
0.622604 0.0281944 0.782029 55.3962 -0.00186549 0.999401 -0.0345461 -3.0775 -0.782535 0.0200497 0.622284 89.4345 
0.6754 0.0287936 0.736889 55.7238 -0.00319079 0.999342 -0.0361243 -3.09535 -0.737444 0.0220471 0.675048 89.7872 
0.724421 0.0264685 0.688849 56.0249 -0.00315294 0.999379 -0.0350846 -3.11596 -0.68935 0.0232441 0.724055 90.1578 
0.769526 0.0229608 0.638203 56.302 -0.00519133 0.999545 -0.0297014 -3.13381 -0.638595 0.0195429 0.769295 90.5564 
0.810757 0.0178 0.585113 56.5527 -0.00560754 0.999728 -0.0226432 -3.14926 -0.585357 0.0150771 0.810636 90.9751 
0.847281 0.0149616 0.530935 56.7747 -0.00754019 0.999841 -0.0161425 -3.16398 -0.531092 0.00967387 0.847259 91.4074 
0.87852 0.0112422 0.477573 56.9761 -0.00801273 0.999929 -0.0087987 -3.17607 -0.477638 0.00390317 0.878548 91.8528 
0.904172 0.0116908 0.427009 57.1462 -0.0113546 0.99993 -0.0033336 -3.18843 -0.427018 -0.00183438 0.904241 92.306 
0.924366 0.0134646 0.38127 57.2943 -0.0146538 0.999893 0.000215792 -3.20047 -0.381226 -0.00578651 0.924464 92.7661 
0.939663 0.0193208 0.341555 57.4216 -0.0216051 0.999762 0.00288474 -3.20775 -0.341418 -0.01009 0.939857 93.2385 
0.951571 0.02355 0.306526 57.539 -0.0253124 0.999678 0.00177508 -3.20818 -0.306385 -0.00944801 0.951861 93.716 
0.960884 0.0254071 0.275783 57.6544 -0.0269717 0.999634 0.00188139 -3.209 -0.275635 -0.00924616 0.961218 94.2021 
0.967042 0.0199533 0.253834 57.7756 -0.0211288 0.999775 0.00190535 -3.21245 -0.253738 -0.00720575 0.967246 94.693 
0.971038 0.0169157 0.238327 57.8882 -0.0180597 0.999833 0.00261727 -3.22039 -0.238243 -0.0068456 0.971181 95.1903 
0.973957 0.0211488 0.225745 57.9871 -0.0222365 0.99975 0.00227651 -3.22376 -0.22564 -0.007237 0.974184 95.6964 
0.975982 0.0267197 0.216207 58.081 -0.0279712 0.999605 0.00273002 -3.22281 -0.216049 -0.00871202 0.976344 96.2105 
0.977036 0.0343738 0.210282 58.1759 -0.0354467 0.999371 0.0013339 -3.22317 -0.210104 -0.00875708 0.97764 96.7373 
0.977438 0.0402292 0.207357 58.2734 -0.0406521 0.999171 -0.0022229 -3.22903 -0.207275 -0.00625677 0.978263 97.2655 
0.977555 0.0415523 0.206544 58.3828 -0.0414826 0.999128 -0.00466985 -3.24015 -0.206558 -0.00400296 0.978426 97.8031 
0.977097 0.0401417 0.208974 58.5014 -0.0392868 0.999194 -0.00824185 -3.24949 -0.209136 -0.000156839 0.977886 98.35 
0.976275 0.0388517 0.213021 58.6229 -0.0365667 0.999224 -0.0146575 -3.25589 -0.213425 0.00652027 0.976938 98.9036 
0.97536 0.0390949 0.217129 58.7523 -0.0357124 0.999172 -0.0194819 -3.26292 -0.217711 0.0112476 0.975948 99.4765 
0.97418 0.0440255 0.221441 58.8766 -0.0408372 0.998986 -0.018958 -3.27463 -0.222051 0.00942553 0.97499 100.054 
0.972736 0.0470604 0.22709 59.0075 -0.0448305 0.998882 -0.0149704 -3.28738 -0.227541 0.00438169 0.973759 100.654 
0.971719 0.0441484 0.231978 59.15 -0.0429178 0.999025 -0.0103512 -3.30061 -0.232209 0.000102432 0.972666 101.259 
0.970989 0.0397759 0.235791 59.306 -0.0397716 0.999197 -0.00477597 -3.31242 -0.235792 -0.00474039 0.971792 101.883 
0.970192 0.0372335 0.239461 59.4615 -0.0383155 0.999266 -0.000137076 -3.32226 -0.239291 -0.00904208 0.970906 102.511 
0.969618 0.0327235 0.242426 59.622 -0.0338534 0.999427 0.000495517 -3.32833 -0.24227 -0.00868739 0.97017 103.147 
0.969654 0.0292951 0.242721 59.7877 -0.029552 0.99956 -0.00258326 -3.33729 -0.24269 -0.00466802 0.970093 103.789 
0.969778 0.0286834 0.242296 59.9507 -0.0271687 0.999585 -0.00959133 -3.34698 -0.24247 0.00271862 0.970155 104.44 
0.969909 0.0310594 0.24148 60.1104 -0.0279643 0.999477 -0.0162349 -3.35662 -0.241858 0.00899356 0.97027 105.105 
0.970459 0.03411 0.238843 60.2706 -0.0301962 0.999343 -0.0200275 -3.36502 -0.239369 0.0122237 0.970852 105.786 
0.971102 0.0324172 0.236453 60.4383 -0.0295279 0.99944 -0.0157513 -3.37682 -0.236831 0.00831413 0.971515 106.486 
0.971561 0.0282911 0.235095 60.611 -0.0271553 0.999599 -0.00806792 -3.39162 -0.235229 0.0014544 0.971939 107.2 
0.972137 0.0286284 0.232661 60.7793 -0.0289093 0.99958 -0.00220339 -3.40784 -0.232626 -0.00458406 0.972555 107.924 
0.972443 0.0320154 0.23093 60.9416 -0.0322147 0.999477 -0.00290833 -3.41942 -0.230903 -0.00461116 0.972966 108.654 
0.972738 0.0377313 0.228816 61.101 -0.0369881 0.999287 -0.00753744 -3.42868 -0.228938 -0.00113153 0.97344 109.392 
0.973621 0.0386038 0.224883 61.268 -0.0366428 0.999245 -0.0128887 -3.43794 -0.225211 0.00430838 0.9743 110.138 
0.974574 0.0374011 0.220923 61.4378 -0.0347765 0.999271 -0.0157591 -3.45054 -0.221351 0.00767548 0.975164 110.898 
0.975512 0.0351238 0.217122 61.6081 -0.032816 0.99936 -0.0142268 -3.4662 -0.217482 0.00675333 0.976041 111.673 
0.97638 0.0312368 0.213789 61.7804 -0.0293171 0.999496 -0.0121444 -3.48379 -0.214061 0.00558985 0.976804 112.458 
0.976786 0.0302489 0.21207 61.9494 -0.0289287 0.999538 -0.00932572 -3.50099 -0.212254 0.00297433 0.97721 113.254 
0.977151 0.0269564 0.210831 62.1232 -0.0260605 0.999636 -0.00702693 -3.51393 -0.210944 0.00137201 0.977497 114.056 
0.977376 0.021849 0.210376 62.3 -0.0210924 0.99976 -0.00583986 -3.52647 -0.210453 0.00127041 0.977603 114.863 
0.977496 0.022598 0.209739 62.4712 -0.0222109 0.999744 -0.00420106 -3.5396 -0.20978 -0.000551978 0.977748 115.679 
0.977246 0.028097 0.210242 62.6351 -0.0274217 0.999605 -0.00612717 -3.55327 -0.210331 0.00022257 0.97763 116.498 
0.976967 0.0337177 0.210708 62.8004 -0.0324623 0.999429 -0.0094148 -3.56712 -0.210905 0.00235787 0.977504 117.32 
0.976451 0.0425869 0.211495 62.9661 -0.0411851 0.999091 -0.0110309 -3.58037 -0.211772 0.00206075 0.977317 118.151 
0.975518 0.0485279 0.214499 63.1338 -0.0473905 0.998822 -0.0104449 -3.59693 -0.214754 2.40023e-05 0.976668 118.989 
0.97473 0.0509671 0.217494 63.3093 -0.0503467 0.998697 -0.00839692 -3.61614 -0.217639 -0.00276537 0.976026 119.832 
0.974131 0.0515569 0.220024 63.4928 -0.0507618 0.998668 -0.00927002 -3.63328 -0.220209 -0.00213859 0.97545 120.675 
0.973773 0.0501556 0.221924 63.68 -0.0486973 0.998741 -0.0120418 -3.65014 -0.222249 0.000918805 0.97499 121.515 
0.973811 0.0438426 0.223094 63.8787 -0.0425507 0.999038 -0.010597 -3.66919 -0.223344 0.000826686 0.974739 122.358 
0.974016 0.0372251 0.223398 64.079 -0.0354225 0.9993 -0.0120723 -3.69118 -0.223691 0.00384531 0.974653 123.199 
0.973729 0.0366193 0.224746 64.2713 -0.0348144 0.999322 -0.0119902 -3.7139 -0.225033 0.0038508 0.974344 124.042 
0.97324 0.0392682 0.226409 64.4607 -0.0381912 0.999229 -0.00913673 -3.73137 -0.226593 0.00024538 0.973989 124.887 
0.972847 0.0414038 0.227715 64.647 -0.0417127 0.999124 -0.00345793 -3.74608 -0.227658 -0.00613456 0.973722 125.734 
0.972442 0.0448901 0.22878 64.8346 -0.0462934 0.998928 0.000768174 -3.76438 -0.228501 -0.011338 0.973478 126.577 
0.97222 0.0442457 0.229848 65.0245 -0.0441155 0.99901 -0.00570745 -3.78233 -0.229873 -0.00459096 0.97321 127.406 
0.972492 0.0400789 0.229464 65.2213 -0.0364568 0.999135 -0.0200043 -3.80351 -0.230067 0.0110884 0.973112 128.22 
0.972757 0.0379552 0.2287 65.419 -0.0321758 0.999063 -0.0289479 -3.8255 -0.229584 0.0208007 0.973067 129.038 
0.972997 0.0350861 0.228137 65.6132 -0.0313617 0.999309 -0.0199311 -3.84421 -0.228678 0.0122381 0.973425 129.877 
0.973398 0.0285956 0.227328 65.8088 -0.0295756 0.999562 0.000905179 -3.86638 -0.227202 -0.00760446 0.973818 130.725 
0.973673 0.0251715 0.226556 66.0017 -0.0295773 0.999433 0.0160727 -3.88759 -0.226023 -0.0223505 0.973865 131.564 
0.973698 0.0298025 0.225886 66.1793 -0.0330031 0.999401 0.0104051 -3.8973 -0.225441 -0.0175863 0.974098 132.381 
0.973838 0.0381726 0.224014 66.3502 -0.0378713 0.999267 -0.00564289 -3.90306 -0.224065 -0.00298844 0.97457 133.186 
0.974118 0.0383956 0.222754 66.5297 -0.036303 0.99925 -0.0134829 -3.91092 -0.223104 0.00504734 0.974782 133.995 
0.97473 0.0343366 0.22073 66.7139 -0.0319972 0.999388 -0.0141663 -3.93324 -0.221081 0.00674555 0.975232 134.81 
0.975337 0.0340604 0.218078 66.891 -0.0321126 0.999406 -0.0124709 -3.96044 -0.218373 0.00516033 0.975852 135.628 
0.976155 0.0336795 0.214445 67.062 -0.0314562 0.99941 -0.0137726 -3.97745 -0.214782 0.00669856 0.976639 136.443 
0.977166 0.0347649 0.209613 67.2307 -0.0322515 0.999361 -0.0153979 -3.99748 -0.210014 0.00828601 0.977663 137.253 
0.977581 0.0398678 0.206752 67.3867 -0.0374977 0.999178 -0.0153708 -4.02241 -0.207195 0.00727351 0.978273 138.063 
0.977733 0.0459743 0.204755 67.5378 -0.0436872 0.998922 -0.0156793 -4.0417 -0.205255 0.006385 0.978688 138.873 
0.978031 0.0473932 0.203 67.6949 -0.0455549 0.998868 -0.0137215 -4.06454 -0.20342 0.00417237 0.979083 139.682 
0.978353 0.04528 0.201928 67.8559 -0.044415 0.998974 -0.00881501 -4.08598 -0.20212 -0.000344446 0.979361 140.49 
0.978705 0.0438922 0.200522 68.0151 -0.0430033 0.999036 -0.00878879 -4.10628 -0.200714 -2.14539e-05 0.97965 141.293 
0.979306 0.0422789 0.19792 68.1728 -0.0407651 0.9991 -0.0117186 -4.12769 -0.198238 0.00340784 0.980148 142.089 
0.980468 0.0375568 0.193061 68.3318 -0.0352307 0.999259 -0.0154687 -4.14831 -0.193499 0.00836492 0.981065 142.883 
0.981822 0.0347848 0.186591 68.4837 -0.0322783 0.999343 -0.0164554 -4.16682 -0.187041 0.0101334 0.9823 143.678 
0.983058 0.0330294 0.180296 68.6261 -0.0315526 0.999441 -0.011054 -4.18586 -0.18056 0.0051779 0.98355 144.481 
0.984201 0.0303982 0.174426 68.7631 -0.0304073 0.999534 -0.00262042 -4.20331 -0.174425 -0.00272482 0.984667 145.288 
0.984929 0.0273986 0.170774 68.9008 -0.0289811 0.999557 0.00678001 -4.2144 -0.170513 -0.011627 0.985287 146.094 
0.985397 0.0340732 0.16683 69.0202 -0.0361566 0.999301 0.00946595 -4.22338 -0.166391 -0.0153597 0.98594 146.895 
0.986085 0.0369306 0.162085 69.1384 -0.0382346 0.999257 0.00493182 -4.23228 -0.161782 -0.0110605 0.986764 147.69 
0.987254 0.0375693 0.154652 69.2587 -0.0372066 0.999294 -0.0052406 -4.24079 -0.15474 -0.00058028 0.987955 148.481 
0.988361 0.0343947 0.148185 69.3776 -0.0331737 0.999392 -0.0107043 -4.24672 -0.148463 0.00566384 0.988902 149.28 
0.989353 0.0335386 0.141618 69.4879 -0.032507 0.999425 -0.009592 -4.2596 -0.141858 0.00488631 0.989875 150.091 
0.990154 0.0401699 0.134094 69.5815 -0.0397133 0.999193 -0.00607928 -4.27795 -0.13423 0.000694116 0.99095 150.909 
0.990966 0.0456428 0.126111 69.6654 -0.0450622 0.998956 -0.00745438 -4.29451 -0.12632 0.00170417 0.991988 151.726 
0.992078 0.0483296 0.115954 69.7506 -0.0471179 0.998803 -0.0131696 -4.30972 -0.116452 0.00760172 0.993167 152.541 
0.993097 0.0469453 0.107492 69.8341 -0.0455448 0.998843 -0.0154486 -4.32517 -0.108093 0.0104462 0.994086 153.36 
0.993932 0.0469555 0.0994668 69.9093 -0.0459345 0.998866 -0.0125307 -4.34169 -0.0999424 0.00788574 0.994962 154.187 
0.994534 0.0495696 0.0918974 69.972 -0.04929 0.99877 -0.00531025 -4.35985 -0.0920476 0.000751596 0.995754 155.021 
0.995066 0.0529618 0.0839018 70.026 -0.0531928 0.998584 0.000518485 -4.37243 -0.0837556 -0.0049789 0.996474 155.855 
0.995718 0.0519118 0.0764942 70.0814 -0.0523659 0.99862 0.00394052 -4.38194 -0.0761841 -0.00792933 0.997062 156.685 
0.996126 0.0527479 0.0703551 70.1316 -0.0533089 0.998559 0.0061185 -4.38903 -0.069931 -0.00984535 0.997503 157.515 
0.996462 0.0518564 0.0661342 70.1797 -0.0522587 0.998624 0.00436592 -4.3978 -0.0658168 -0.00780656 0.997801 158.34 
0.996497 0.0567273 0.0614462 70.2171 -0.056771 0.998387 -0.00103704 -4.40724 -0.0614059 -0.00245495 0.99811 159.161 
0.996363 0.0627482 0.057651 70.2467 -0.0624091 0.998021 -0.00766538 -4.41849 -0.0580179 0.00403955 0.998307 159.981 
0.996451 0.0640118 0.054661 70.2799 -0.0635623 0.997929 -0.00992349 -4.42897 -0.055183 0.0064139 0.998456 160.804 
0.996501 0.0656577 0.0517121 70.3136 -0.0655471 0.997842 -0.00383326 -4.44042 -0.0518522 0.000430266 0.998655 161.636 
0.996447 0.0677496 0.05003 70.3409 -0.068164 0.997652 0.00662138 -4.44828 -0.0494639 -0.0100081 0.998726 162.472 
0.996512 0.0690003 0.0469332 70.3685 -0.0697238 0.997469 0.0139546 -4.45687 -0.0458515 -0.0171783 0.998801 163.303 
0.996961 0.0656574 0.0419197 70.3985 -0.066166 0.99775 0.0108624 -4.46426 -0.0411121 -0.013603 0.999062 164.119 
0.997923 0.0534566 0.0359546 70.4361 -0.0535273 0.998566 0.00100532 -4.47013 -0.0358493 -0.00292778 0.999353 164.93 
0.998275 0.0511844 0.0287655 70.4611 -0.0511026 0.998687 -0.00357262 -4.47062 -0.0289106 0.00209647 0.99958 165.744 
0.998241 0.0550389 0.0220404 70.4657 -0.0550045 0.998484 -0.00216338 -4.47817 -0.0221261 0.000947254 0.999755 166.568 
0.99849 0.052968 0.014539 70.4707 -0.0530351 0.998584 0.00426944 -4.48902 -0.0142923 -0.00503407 0.999885 167.399 
0.998842 0.0475862 0.00703777 70.4798 -0.0476415 0.998833 0.00789835 -4.49543 -0.00665371 -0.00822449 0.999944 168.231 
0.999245 0.0388253 0.00141497 70.4844 -0.0388396 0.999173 0.0120675 -4.49416 -0.000945277 -0.0121133 0.999926 169.065 
0.999388 0.034649 -0.00483903 70.4811 -0.0345881 0.999328 0.0121472 -4.49939 0.00525667 -0.0119724 0.999915 169.895 
0.999442 0.0314527 -0.0112368 70.4694 -0.0313934 0.999492 0.00541735 -4.50772 0.0114015 -0.00506157 0.999922 170.72 
0.999572 0.0223964 -0.01883 70.4594 -0.0224874 0.999736 -0.00463637 -4.5127 0.0187212 0.00505782 0.999812 171.542 
0.999599 0.0122248 -0.0255476 70.4516 -0.0124488 0.999885 -0.00862951 -4.51895 0.0254392 0.00894408 0.999636 172.372 
0.999362 0.0159832 -0.0319268 70.4182 -0.0160264 0.999871 -0.00109697 -4.52762 0.0319052 0.00160794 0.99949 173.216 
0.998969 0.0266594 -0.0367329 70.3655 -0.0262272 0.999582 0.0121991 -4.53312 0.0370428 -0.0112231 0.999251 174.067 
0.998647 0.0316528 -0.0412522 70.3159 -0.0308491 0.999324 0.0199753 -4.53984 0.0418566 -0.0186757 0.998949 174.914 
0.998504 0.0311024 -0.0449703 70.2702 -0.0303631 0.999394 0.0170303 -4.53992 0.0454727 -0.0156394 0.998843 175.751 
0.998353 0.0327144 -0.0471236 70.2211 -0.0324538 0.999453 0.00628498 -4.53909 0.0473035 -0.00474529 0.998869 176.58 
0.9978 0.0433894 -0.0501164 70.1581 -0.0435867 0.999046 -0.00284857 -4.54141 0.049945 0.00502671 0.998739 177.412 
0.997757 0.0417253 -0.0523496 70.1076 -0.0421191 0.999092 -0.00644073 -4.5489 0.0520333 0.0086312 0.998608 178.251 
0.997839 0.0364189 -0.0546836 70.068 -0.0365597 0.99933 -0.00157663 -4.55882 0.0545896 0.00357244 0.998502 179.101 
0.997846 0.0366779 -0.0543915 70.0173 -0.0363378 0.999313 0.00722841 -4.56619 0.0546192 -0.00523637 0.998494 179.958 
0.997802 0.0385226 -0.0539264 69.9606 -0.0378855 0.9992 0.0127872 -4.57164 0.0543759 -0.010716 0.998463 180.813 
0.997712 0.0384244 -0.0556245 69.9075 -0.0378137 0.999213 0.0119908 -4.57606 0.0560415 -0.00986 0.99838 181.661 
0.997702 0.035149 -0.0579218 69.8557 -0.035037 0.999382 0.0029485 -4.5824 0.0579897 -0.00091232 0.998317 182.5 
0.997877 0.024419 -0.0603755 69.8161 -0.0249828 0.999651 -0.00860053 -4.59257 0.0601445 0.0100906 0.998139 183.337 
0.997948 0.0140276 -0.0624803 69.776 -0.0148469 0.99981 -0.0126682 -4.6039 0.0622907 0.0135699 0.997966 184.18 
0.997849 0.0167065 -0.0633945 69.716 -0.0172511 0.999819 -0.00805322 -4.6175 0.0632484 0.00912952 0.997956 185.032 
0.997666 0.0227508 -0.0643858 69.6495 -0.0226217 0.99974 0.00273392 -4.63263 0.0644312 -0.00127102 0.997921 185.886 
0.997545 0.023818 -0.0658467 69.5878 -0.0234507 0.999705 0.00634417 -4.64824 0.0659784 -0.00478445 0.99781 186.732 
0.997505 0.022797 -0.0668081 69.5304 -0.0226724 0.99974 0.00262278 -4.65805 0.0668505 -0.00110153 0.997762 187.568 
0.997511 0.0230118 -0.0666464 69.4688 -0.0233047 0.999722 -0.00362133 -4.66538 0.0665445 0.0051655 0.99777 188.399 
0.997306 0.0297073 -0.0670694 69.3986 -0.0300429 0.999541 -0.00399947 -4.67529 0.0669198 0.00600365 0.99774 189.233 
0.997198 0.0324896 -0.0673776 69.3333 -0.0326263 0.999467 -0.000928448 -4.68915 0.0673115 0.00312413 0.997727 190.067 
0.997016 0.0363274 -0.0681138 69.2667 -0.036255 0.99934 0.00229972 -4.70208 0.0681524 0.000176609 0.997675 190.9 
0.996879 0.0398529 -0.068144 69.2008 -0.0395983 0.999203 0.00508379 -4.71069 0.0682923 -0.00236954 0.997663 191.729 
