1 0 -0 0 -0 1 0 0 0 -0 1 -0 
0.999242 -0.000903554 0.0389099 0.171554 0.000928877 0.999999 -0.000632747 -0.0514605 -0.0389093 0.000668411 0.999243 1.01154 
0.996055 -0.00634563 0.0885056 0.0981775 0.00680645 0.999965 -0.00490584 -0.0809222 -0.0884713 0.0054889 0.996064 2.12295 
0.992668 -0.00751192 0.120641 0.447226 0.00849508 0.999935 -0.00763726 -0.120731 -0.120576 0.00860612 0.992667 3.00491 
0.98181 -0.00929356 0.189638 0.164394 0.0106002 0.999927 -0.00587691 -0.180719 -0.18957 0.0077802 0.981836 4.16585 
0.973667 -0.00727329 0.227858 0.520823 0.0087481 0.999947 -0.00546325 -0.220083 -0.227806 0.00731271 0.973679 5.23945 
0.963946 -0.00375095 0.266071 0.864901 0.00646202 0.999936 -0.00931453 -0.203357 -0.266019 0.0106981 0.963908 6.09521 
0.94874 -0.00433079 0.316029 0.988514 0.00740623 0.999936 -0.00853112 -0.262235 -0.315972 0.0104344 0.948711 6.84055 
0.935228 -0.010907 0.353879 1.32851 0.0139355 0.999885 -0.00601104 -0.339413 -0.353772 0.0105532 0.935272 7.81916 
0.916396 -0.0125854 0.400074 1.65901 0.0159251 0.999861 -0.00502426 -0.352961 -0.399955 0.0109754 0.916469 8.85866 
0.899075 -0.0148277 0.437543 2.34994 0.0150415 0.999882 0.00297688 -0.455561 -0.437536 0.00390488 0.899192 10.0151 
0.877116 -0.020081 0.479859 2.86308 0.0188804 0.999795 0.0073282 -0.496256 -0.479907 0.00263226 0.877315 10.8767 
0.858825 -0.0222857 0.511784 3.43889 0.0205868 0.999748 0.0089875 -0.507899 -0.511855 0.00281729 0.859067 11.6251 
0.837395 -0.0235253 0.546092 4.10165 0.0223614 0.999711 0.00877728 -0.494923 -0.546141 0.00486132 0.837679 12.4981 
0.811951 -0.0270126 0.583101 4.73983 0.0265529 0.999604 0.00933322 -0.474954 -0.583122 0.00790492 0.812346 13.3915 
0.784576 -0.0232124 0.619598 5.37847 0.0246559 0.999677 0.00623053 -0.435328 -0.619543 0.0103884 0.784894 14.2737 
0.756272 -0.0193586 0.653971 5.94417 0.0230353 0.99973 0.00295479 -0.420597 -0.653852 0.0128298 0.756514 15.0146 
0.725087 -0.0124911 0.688544 6.62438 0.0202166 0.999791 -0.00315196 -0.369397 -0.68836 0.0162054 0.725188 15.85 
0.687792 -0.00576011 0.725885 7.17694 0.0171545 0.999818 -0.00832043 -0.355257 -0.725705 0.0181749 0.687766 16.5633 
0.651939 -0.00150837 0.75827 7.90131 0.0186562 0.999727 -0.0140514 -0.327309 -0.758041 0.0233071 0.65179 17.2184 
0.617285 0.00968372 0.78668 8.7831 0.0107033 0.999728 -0.0207049 -0.323124 -0.786667 0.0212009 0.617014 17.9211 
0.583568 0.0203185 0.81181 9.51479 0.00664825 0.999534 -0.0297961 -0.320847 -0.812037 0.0227852 0.583161 18.4961 
0.544976 0.0291286 0.837945 10.2409 0.00359085 0.999306 -0.0370732 -0.343992 -0.838444 0.023213 0.544493 18.967 
0.50438 0.0314857 0.862908 11.0818 0.00772734 0.99913 -0.040973 -0.354581 -0.863447 0.0273339 0.503698 19.5411 
0.466201 0.0312686 0.884126 12.0191 0.013916 0.998992 -0.0426689 -0.382201 -0.884569 0.0321958 0.465296 20.0896 
0.422699 0.0404387 0.905368 12.9482 0.0118369 0.998672 -0.0501326 -0.391875 -0.906193 0.0319077 0.421659 20.5951 
0.387459 0.0493344 0.920566 13.7082 0.00256631 0.998505 -0.0545914 -0.483249 -0.921883 0.0235144 0.386753 20.8793 
0.353739 0.0465163 0.934187 14.7871 0.00727228 0.998596 -0.0524771 -0.53455 -0.935316 0.0253569 0.352904 21.3711 
0.316363 0.0437907 0.947627 15.8348 0.0120998 0.998666 -0.0501888 -0.58784 -0.948561 0.027344 0.315411 21.8419 
0.286229 0.0424433 0.957221 16.8025 0.0141916 0.998721 -0.048527 -0.669761 -0.958056 0.0274744 0.285261 22.1028 
0.253094 0.0463794 0.966329 17.8148 0.00967181 0.998679 -0.0504653 -0.747946 -0.967393 0.0221186 0.252312 22.4669 
0.22628 0.0515713 0.972696 18.9045 0.00667963 0.998492 -0.0544929 -0.81089 -0.974039 0.0188279 0.225594 22.7562 
0.189166 0.0569747 0.980291 19.912 0.00536674 0.99824 -0.0590535 -0.848276 -0.98193 0.0164319 0.188528 23.2214 
0.158267 0.0558762 0.985814 20.8126 0.0096768 0.998262 -0.0581352 -0.901167 -0.987349 0.0187404 0.157451 23.3688 
0.128482 0.0546907 0.990203 21.7583 0.00967122 0.998362 -0.0563962 -0.976219 -0.991665 0.0168224 0.127742 23.4706 
0.0997643 0.0524464 0.993628 22.9881 0.0142109 0.998433 -0.0541269 -1.03945 -0.99491 0.0195203 0.0988627 23.7206 
0.07268 0.0528457 0.995954 24.2469 0.0226814 0.998249 -0.0546227 -1.11297 -0.997097 0.0265596 0.0713542 23.8382 
0.0521031 0.05412 0.997174 25.462 0.0259363 0.99812 -0.0555266 -1.21327 -0.998305 0.0287561 0.0506014 23.9176 
0.0387631 0.0555693 0.997702 26.8071 0.0308529 0.99791 -0.0567796 -1.30159 -0.998772 0.0329829 0.0369676 23.8599 
0.0238912 0.0544594 0.99823 27.8754 0.0343383 0.997881 -0.0552622 -1.40778 -0.999125 0.0355978 0.0219706 23.7699 
0.0165194 0.0540271 0.998403 29.0293 0.0351581 0.99789 -0.0545811 -1.46863 -0.999245 0.0360036 0.0145851 23.6801 
0.0101552 0.0516471 0.998614 30.2034 0.0327967 0.998111 -0.0519546 -1.54867 -0.99941 0.0332789 0.0084422 23.7428 
0.0126572 0.0507079 0.998633 31.5407 0.0328084 0.998155 -0.0510995 -1.62811 -0.999382 0.0334103 0.0109702 23.5374 
0.0132651 0.0481723 0.998751 32.7213 0.0303096 0.99836 -0.0485561 -1.71975 -0.999453 0.0309159 0.0117832 23.4559 
0.013605 0.0451267 0.998889 33.9321 0.028388 0.998561 -0.0454986 -1.81899 -0.999504 0.0289755 0.0123044 23.3668 
0.000340114 0.0429042 0.999079 35.2584 0.022358 0.998829 -0.0429011 -1.93305 -0.99975 0.022352 -0.000619538 23.4456 
0.000959218 0.0433482 0.99906 36.3687 0.0203948 0.998851 -0.0433587 -2.01197 -0.999792 0.0204172 7.40383e-05 23.3952 
0.00150159 0.0452382 0.998975 37.414 0.0194392 0.998786 -0.0452589 -2.07194 -0.99981 0.0194872 0.000620375 23.3698 
0.00180097 0.0475538 0.998867 38.4635 0.0168902 0.998725 -0.0475774 -2.13202 -0.999856 0.0169568 0.000995478 23.3544 
0.00293573 0.047454 0.998869 39.5194 0.0170095 0.998727 -0.0474973 -2.2001 -0.999851 0.0171297 0.00212482 23.3495 
0.00416033 0.046247 0.998921 40.5782 0.0187393 0.998751 -0.0463172 -2.26662 -0.999816 0.0189118 0.0032885 23.3515 
0.00461501 0.0457786 0.998941 41.7438 0.0182453 0.998781 -0.0458556 -2.32365 -0.999823 0.0184376 0.00377414 23.3871 
0.0057287 0.0495636 0.998755 42.9237 0.0156399 0.998644 -0.0496478 -2.38794 -0.999861 0.0159049 0.00494576 23.353 
0.00690191 0.0538326 0.998526 44.0941 0.0150335 0.998431 -0.0539314 -2.455 -0.999863 0.0153836 0.00608179 23.3538 
0.00763203 0.0552746 0.998442 45.2462 0.0143181 0.998363 -0.0553796 -2.52252 -0.999868 0.0147184 0.00682811 23.3622 
0.00783354 0.0516487 0.998635 46.3989 0.0159147 0.998532 -0.0517682 -2.60269 -0.999843 0.0162985 0.00700007 23.3772 
0.0081973 0.0485036 0.998789 47.5524 0.0180361 0.998653 -0.048645 -2.67965 -0.999804 0.018413 0.00731145 23.3841 
0.00861051 0.0477675 0.998821 48.7118 0.0199437 0.998652 -0.0479313 -2.75463 -0.999764 0.020333 0.00764623 23.392 
0.00894423 0.0489544 0.998761 49.8628 0.0230262 0.998526 -0.049149 -2.82833 -0.999695 0.0234373 0.00780381 23.4 
0.00956762 0.0502604 0.99869 51.0044 0.0255939 0.998397 -0.0504908 -2.90177 -0.999627 0.0260435 0.00826592 23.4057 
0.0106344 0.0490043 0.998742 52.1503 0.0270666 0.998418 -0.0492766 -2.9764 -0.999577 0.0275566 0.00929122 23.4177 
0.0119605 0.0448183 0.998924 53.2953 0.0304034 0.998517 -0.0451641 -3.04829 -0.999466 0.0309109 0.0105802 23.4239 
0.0126238 0.039734 0.999131 54.4385 0.0316407 0.998694 -0.0401164 -3.1187 -0.99942 0.0321196 0.0113501 23.4321 
0.0132494 0.0375607 0.999207 55.5792 0.0301538 0.998825 -0.0379462 -3.18281 -0.999457 0.0306327 0.0121012 23.4481 
0.0148064 0.0414332 0.999032 56.7278 0.0289629 0.998704 -0.0418489 -3.24845 -0.999471 0.0295544 0.0135872 23.4637 
0.0163694 0.0492932 0.99865 57.8781 0.0273533 0.998388 -0.0497286 -3.30823 -0.999492 0.0281304 0.0149947 23.4775 
0.0172614 0.0541178 0.998385 58.997 0.0253093 0.998191 -0.0545448 -3.37752 -0.999531 0.02621 0.0158605 23.497 
0.018157 0.0533261 0.998412 60.1082 0.0206671 0.998343 -0.0536983 -3.44948 -0.999622 0.0216093 0.0170248 23.5215 
0.0189858 0.0510743 0.998514 61.1923 0.0179905 0.998515 -0.0514164 -3.52701 -0.999658 0.0189399 0.0180388 23.5457 
0.0200534 0.0495595 0.99857 62.2585 0.0154924 0.998635 -0.0498738 -3.60124 -0.999679 0.0164704 0.0192582 23.5698 
0.0211702 0.049853 0.998532 63.312 0.0148078 0.998631 -0.0501719 -3.6688 -0.999666 0.0158482 0.020403 23.5923 
0.0227624 0.0489881 0.99854 64.3496 0.0130556 0.998699 -0.0492935 -3.73955 -0.999656 0.0141586 0.0220932 23.6149 
0.0241593 0.0484179 0.998535 65.3673 0.0122449 0.998737 -0.048724 -3.80915 -0.999633 0.0134041 0.0235359 23.6372 
0.0256715 0.0479668 0.998519 66.3677 0.0121409 0.99876 -0.0482905 -3.8761 -0.999597 0.0133627 0.0250573 23.6626 
0.0268698 0.0469379 0.998536 67.3522 0.0121326 0.998808 -0.0472772 -3.93657 -0.999565 0.0133852 0.0262683 23.6923 
0.0282318 0.0440927 0.998628 68.3475 0.00942565 0.998971 -0.0443742 -4.01148 -0.999557 0.0106655 0.0277871 23.7127 
0.0298472 0.039748 0.998764 69.3381 0.00809596 0.999167 -0.040006 -4.08329 -0.999522 0.00928002 0.0295005 23.7193 
0.03159 0.037908 0.998782 70.3101 0.00508007 0.999262 -0.0380869 -4.14234 -0.999488 0.00627704 0.0313741 23.7439 
0.0332457 0.042323 0.998551 71.2954 0.00165484 0.999099 -0.0424014 -4.19293 -0.999446 0.00306211 0.0331457 23.7453 
0.0341734 0.0501443 0.998157 72.2713 0.000856062 0.998739 -0.0502028 -4.23521 -0.999416 0.00257009 0.0340874 23.7958 
0.0358788 0.0566918 0.997747 73.2214 0.00159467 0.998385 -0.0567854 -4.26918 -0.999355 0.00362847 0.0357305 23.8016 
0.0361067 0.0578292 0.997673 74.2437 0.000856395 0.998322 -0.0578979 -4.33841 -0.999348 0.0029449 0.0359966 23.8522 
0.0366954 0.0545007 0.997839 75.3363 -0.00210609 0.998514 -0.0544601 -4.40753 -0.999324 -0.000103111 0.0367556 23.8865 
0.0378844 0.0527007 0.997891 76.3963 -0.00256331 0.99861 -0.0526413 -4.46736 -0.999279 -0.000563621 0.0379668 23.9226 
0.0391886 0.0568906 0.997611 77.474 -0.000506217 0.998379 -0.0569145 -4.50135 -0.999232 0.00172539 0.0391538 23.9307 
0.0399028 0.0622078 0.997265 78.4634 0.00617276 0.998026 -0.0625022 -4.54254 -0.999184 0.00864989 0.0394401 23.9043 
0.0393183 0.0669785 0.996979 79.3758 0.00979535 0.997677 -0.0674117 -4.59519 -0.999179 0.0124163 0.0385709 23.8926 
0.0354987 0.0675542 0.997084 80.3893 0.00693999 0.997672 -0.0678411 -4.6561 -0.999346 0.00932802 0.0349472 23.9357 
0.031113 0.0644067 0.997439 81.7275 0.0016037 0.997917 -0.0644876 -4.80676 -0.999515 0.003606 0.0309449 23.9911 
0.0262793 0.0612905 0.997774 82.8953 0.00249106 0.998112 -0.0613768 -4.91889 -0.999652 0.00409846 0.026077 24.0489 
0.0205145 0.0569025 0.998169 84.1507 0.00586887 0.998355 -0.0570337 -5.03678 -0.999772 0.00702814 0.0201468 24.0988 
0.012021 0.0534244 0.9985 85.2219 0.0107068 0.998508 -0.0535537 -5.12179 -0.99987 0.0113345 0.0114311 24.1259 
0.00150485 0.0537968 0.998551 86.5244 0.00889874 0.998512 -0.0538081 -5.18295 -0.999959 0.00896682 0.00102389 24.1279 
-0.0128502 0.0542308 0.998446 87.7393 0.00520754 0.998518 -0.0541678 -5.24847 -0.999904 0.00450338 -0.0131136 24.0739 
-0.0281798 0.0534674 0.998172 89.0084 0.00236979 0.998569 -0.0534218 -5.30619 -0.9996 0.000860047 -0.0282662 23.9646 
-0.0464163 0.0526876 0.997532 90.272 0.00696018 0.998601 -0.0524202 -5.35967 -0.998898 0.00450984 -0.0467181 23.8489 
-0.0608561 0.0528943 0.996744 91.6082 0.0091562 0.998582 -0.0524329 -5.44043 -0.998105 0.00593553 -0.0612541 23.5655 
-0.0618879 0.0488683 0.996886 93.3607 0.0103014 0.998779 -0.0483216 -5.59716 -0.99803 0.00727883 -0.0623157 23.1712 
-0.0687189 0.0450619 0.996618 94.7956 0.0122885 0.998942 -0.0443196 -5.70817 -0.99756 0.00920133 -0.0691999 22.7848 
-0.0746957 0.0435129 0.996257 96.6009 0.0132173 0.999003 -0.0426419 -5.81041 -0.997119 0.00998262 -0.0751964 22.5213 
-0.0880652 0.0420098 0.995228 98.38 0.0144072 0.99906 -0.0408966 -5.91164 -0.996011 0.0107369 -0.0885876 22.427 
-0.0965044 0.0426484 0.994418 99.9983 0.0141347 0.99904 -0.0414749 -5.96699 -0.995232 0.0100533 -0.0970146 22.1519 
-0.10309 0.0432212 0.993733 101.861 0.0141526 0.999018 -0.0419829 -6.05428 -0.994571 0.00973589 -0.1036 22.0316 
-0.105275 0.0435812 0.993488 103.723 0.017631 0.998964 -0.0419531 -6.13135 -0.994287 0.0130996 -0.105934 21.7437 
-0.108973 0.0447388 0.993037 105.86 0.0242331 0.998809 -0.0423396 -6.15316 -0.993749 0.0194505 -0.109928 21.6303 
-0.112313 0.0465762 0.992581 108.1 0.0257474 0.998702 -0.0439501 -6.18016 -0.993339 0.0206203 -0.113366 21.4767 
-0.123302 0.0487358 0.991172 110.104 0.0301459 0.998516 -0.0453467 -6.2333 -0.991911 0.0242884 -0.124589 21.3333 
-0.138575 0.0509781 0.989039 112.028 0.0319487 0.998385 -0.0469834 -6.27949 -0.989836 0.0250877 -0.13998 21.1038 
-0.137845 0.0464333 0.989365 113.944 0.0320561 0.998586 -0.0423998 -6.42783 -0.989935 0.0258706 -0.139139 20.6156 
-0.143574 0.0494779 0.988402 116.803 0.0232185 0.998643 -0.0466178 -6.68269 -0.989367 0.0162561 -0.144528 20.1279 
-0.146308 0.0520135 0.987871 118.897 0.0284128 0.998426 -0.0483612 -6.76841 -0.988831 0.0209925 -0.147556 19.8857 
-0.150727 0.0543013 0.987083 121.726 0.00582345 0.998522 -0.0540413 -8.24007 -0.988558 -0.00239724 -0.15082 19.4134 
-0.145138 0.0525673 0.988014 124.526 0.0103531 0.998614 -0.0516104 -8.29124 -0.989357 0.00273837 -0.145481 18.8475 
-0.152154 0.0464762 0.987263 126.642 0.011844 0.998908 -0.045199 -8.41905 -0.988286 0.00481592 -0.152538 18.5181 
-0.15731 0.0517559 0.986192 128.565 0.0135795 0.998645 -0.0502433 -8.44261 -0.987456 0.00548826 -0.1578 18.2633 
-0.157274 0.0418701 0.986667 130.99 0.0291694 0.998862 -0.037738 -8.725 -0.987124 0.0228453 -0.158316 18.119 
-0.162257 0.0426768 0.985825 132.841 0.0361099 0.998652 -0.0372888 -8.7779 -0.986088 0.0295477 -0.163579 17.695 
-0.166287 0.0424265 0.985164 134.775 0.0395273 0.998558 -0.0363315 -8.88835 -0.985285 0.0328994 -0.167724 17.3593 
-0.167523 0.042028 0.984972 136.764 0.0392848 0.998582 -0.0359272 -8.97842 -0.985085 0.0326758 -0.168936 16.9703 
-0.174221 0.0440415 0.983721 138.907 0.0437297 0.99836 -0.0369521 -9.05602 -0.983735 0.03658 -0.175861 16.6471 
-0.178126 0.0440634 0.983021 140.877 0.0464785 0.998259 -0.0363244 -9.14075 -0.982909 0.039219 -0.179864 16.2971 
-0.18297 0.0442918 0.98212 142.789 0.0483946 0.998179 -0.0360001 -9.20294 -0.981927 0.0409424 -0.184781 15.8807 
-0.190732 0.0437322 0.980668 145.443 0.0491421 0.99818 -0.0349555 -9.30143 -0.980411 0.0415249 -0.192534 15.4621 
-0.198555 0.0448844 0.979061 147.347 0.0598771 0.99764 -0.033593 -9.3972 -0.978259 0.0519533 -0.200774 15.0633 
-0.193847 0.0457776 0.979963 148.37 0.0639367 0.997377 -0.0339437 -9.418 -0.978946 0.0560757 -0.196265 14.529 
-0.20225 0.0499977 0.978057 150.279 0.0683759 0.99698 -0.0368257 -9.45522 -0.976944 0.0594275 -0.205058 14.1532 
-0.203817 0.0486983 0.977797 152.156 0.0622697 0.997385 -0.036694 -9.55364 -0.977027 0.0534083 -0.206317 13.7361 
-0.205008 0.0474072 0.977612 153.278 0.0578489 0.997667 -0.0362487 -9.58104 -0.977049 0.0491225 -0.207272 13.3293 
-0.220038 0.0405168 0.974649 154.04 0.0474002 0.998401 -0.030803 -9.63617 -0.974339 0.0394208 -0.221607 13.2312 
-0.222115 0.0336306 0.97444 155.58 0.0363348 0.998996 -0.0261959 -9.73468 -0.974343 0.0295876 -0.223114 12.9045 
-0.230049 0.0289092 0.97275 157.405 0.0295968 0.999304 -0.0226989 -9.81384 -0.972729 0.0235684 -0.230745 12.4217 
-0.236721 0.0270435 0.971201 158.19 0.0257314 0.999436 -0.0215579 -9.84024 -0.971237 0.0198871 -0.237284 12.1934 
-0.246955 0.0274745 0.968637 159.242 0.0244503 0.999456 -0.022115 -9.86758 -0.968719 0.018222 -0.247492 11.9437 
-0.254618 0.0282513 0.966629 160.185 0.025402 0.999424 -0.0225187 -9.89014 -0.966708 0.0188206 -0.255189 11.698 
-0.260974 0.0291467 0.964906 160.931 0.0267019 0.99938 -0.0229661 -9.90378 -0.964976 0.0197713 -0.261591 11.5289 
-0.267182 0.0307214 0.963156 161.439 0.0277857 0.999322 -0.0241671 -9.919 -0.963245 0.0203049 -0.267855 11.3915 
-0.273094 0.0315271 0.961471 162.357 0.0286089 0.999287 -0.0246411 -9.95387 -0.961562 0.0207773 -0.273802 11.1523 
-0.277631 0.0322703 0.960146 163.342 0.0306567 0.999224 -0.0247191 -9.98489 -0.960199 0.0225721 -0.278405 10.8794 
-0.280898 0.0327463 0.959179 164.301 0.0319761 0.999182 -0.0247477 -10.0143 -0.959205 0.0237193 -0.281715 10.6084 
-0.283925 0.0326998 0.958289 165.315 0.033327 0.999151 -0.0242199 -10.0475 -0.958267 0.0250603 -0.284774 10.3194 
-0.286382 0.0325774 0.957561 166.306 0.0350297 0.99911 -0.0235144 -10.0817 -0.957475 0.026809 -0.287268 10.0408 
-0.286766 0.0333385 0.95742 167.152 0.0392835 0.998963 -0.0230189 -10.1142 -0.957195 0.0310098 -0.287778 9.79309 
-0.285993 0.0340201 0.957627 168.239 0.0428142 0.998825 -0.0226973 -10.1525 -0.957275 0.0345088 -0.287114 9.48738 
-0.283708 0.0344832 0.958291 169.347 0.0446169 0.998746 -0.0227298 -10.1897 -0.957872 0.0363074 -0.28489 9.1667 
-0.280013 0.0350851 0.959355 170.624 0.0470256 0.998634 -0.022796 -10.2346 -0.958844 0.0387311 -0.28128 8.79557 
-0.275556 0.034606 0.960662 171.97 0.0469811 0.998642 -0.0224981 -10.2754 -0.960136 0.0389335 -0.276808 8.36136 
-0.271888 0.0333212 0.961752 173.396 0.0482518 0.998615 -0.0209576 -10.3264 -0.961119 0.0407082 -0.273119 7.96909 
-0.268964 0.0318812 0.962622 174.703 0.048035 0.998652 -0.0196531 -10.3676 -0.961952 0.0409536 -0.270133 7.6016 
-0.26673 0.0286244 0.963346 176.089 0.0454901 0.998819 -0.0170832 -10.4189 -0.962697 0.0392661 -0.267717 7.24531 
-0.262336 0.0272753 0.964591 177.395 0.0441998 0.998891 -0.0162243 -10.4485 -0.963964 0.0383785 -0.26325 6.81633 
-0.258043 0.0279535 0.965729 178.701 0.042871 0.998928 -0.0174593 -10.4746 -0.965182 0.0368965 -0.258965 6.41825 
-0.255699 0.0312172 0.966252 179.821 0.0404581 0.998948 -0.0215671 -10.5174 -0.96591 0.0335781 -0.256693 6.134 
-0.254469 0.0351523 0.966442 181.136 0.0357006 0.998999 -0.0269364 -10.549 -0.966422 0.0276481 -0.255469 5.73756 
-0.254353 0.037882 0.966369 182.246 0.0337413 0.998972 -0.0302792 -10.5817 -0.966523 0.024905 -0.255369 5.41804 
-0.252806 0.0364543 0.96683 182.803 0.0316346 0.999067 -0.029398 -10.6116 -0.967 0.0231534 -0.253723 5.22661 
-0.252391 0.0323541 0.967084 183.905 0.0248609 0.999328 -0.0269445 -10.6708 -0.967306 0.017242 -0.253026 4.86829 
-0.251971 0.0316945 0.967216 184.798 0.0264065 0.999317 -0.0258672 -10.7095 -0.967374 0.019023 -0.252636 4.60359 
-0.250755 0.0306492 0.967565 185.45 0.0251202 0.999368 -0.0251464 -10.727 -0.967725 0.0179998 -0.251366 4.42528 
-0.250028 0.0306403 0.967754 186.044 0.0247267 0.999375 -0.0252531 -10.7422 -0.967923 0.0176153 -0.25063 4.28231 
-0.250142 0.0306906 0.967723 187.153 0.0219766 0.99942 -0.0260153 -10.7895 -0.96796 0.0147597 -0.250671 4.00373 
-0.250913 0.0311359 0.967509 188.58 0.0187798 0.999451 -0.0272935 -10.8446 -0.967827 0.0113214 -0.25136 3.59518 
-0.253521 0.0299709 0.966865 189.953 0.0161504 0.999512 -0.0267481 -10.8978 -0.967195 0.00883407 -0.253882 3.24058 
-0.256726 0.0279995 0.966078 191.099 0.0139442 0.999584 -0.025265 -10.9403 -0.966384 0.00698499 -0.25701 2.90958 
-0.261073 0.0250853 0.964993 192.41 0.0122828 0.999668 -0.0226636 -10.9981 -0.965241 0.00593594 -0.261294 2.54477 
-0.267291 0.022844 0.963345 193.79 0.0110691 0.999726 -0.0206354 -11.0551 -0.963552 0.0051477 -0.267471 2.18497 
-0.274715 0.0239787 0.961227 195.17 0.0122445 0.999695 -0.0214389 -11.0949 -0.961448 0.00588015 -0.274925 1.81615 
-0.283282 0.0250276 0.95871 196.949 0.0121429 0.999673 -0.0225089 -11.1433 -0.95896 0.00526519 -0.283493 1.37487 
-0.292017 0.0257176 0.956067 198.572 0.0128405 0.999654 -0.0229681 -11.2038 -0.956327 0.00556935 -0.292246 0.848461 
-0.299475 0.026698 0.953731 200.829 0.0163764 0.999605 -0.0228399 -11.2694 -0.953964 0.00877873 -0.299794 0.278127 
-0.307048 0.0252581 0.951359 202.639 0.0148899 0.999653 -0.0217346 -11.3491 -0.951577 0.00749204 -0.307318 -0.288184 
-0.317541 0.0249132 0.947917 204.34 0.0160961 0.999652 -0.0208809 -11.417 -0.948108 0.00862723 -0.317832 -0.819557 
-0.325577 0.0243503 0.945202 205.848 0.0124647 0.999692 -0.0214606 -11.4621 -0.945433 0.00479455 -0.32578 -1.28946 
-0.336212 0.0255574 0.941439 207.627 0.0137391 0.999658 -0.0222313 -11.5117 -0.941686 0.00546007 -0.336449 -1.89701 
-0.347546 0.0268308 0.937279 209.625 0.013452 0.99963 -0.0236276 -11.5536 -0.937566 0.00439664 -0.347778 -2.50382 
-0.35796 0.028408 0.933305 211.223 0.0144632 0.999586 -0.0248783 -11.5954 -0.933625 0.00459311 -0.358223 -3.04446 
-0.367404 0.0296947 0.929587 212.782 0.015472 0.999547 -0.0258145 -11.6333 -0.929933 0.00489825 -0.367697 -3.60203 
-0.376576 0.0296713 0.92591 214.073 0.0142901 0.999554 -0.0262194 -11.6901 -0.926275 0.00335779 -0.376832 -4.11202 
-0.376857 0.0271573 0.925873 215.055 0.0102438 0.999631 -0.0251512 -11.8015 -0.926215 6.02208e-06 -0.376996 -4.79251 
-0.384176 0.0265339 0.922879 215.69 0.0109925 0.999648 -0.0241651 -11.8398 -0.923195 0.000861109 -0.384332 -5.09087 
-0.391992 0.0265276 0.919586 217.471 0.0123822 0.999646 -0.023559 -11.8779 -0.919885 0.00215161 -0.392182 -5.79358 
-0.396168 0.0257765 0.917816 217.981 0.0156019 0.999651 -0.0213403 -11.9089 -0.918045 0.00586528 -0.396432 -6.04207 
-0.399316 0.0253034 0.916464 218.554 0.018742 0.999635 -0.0194336 -11.9343 -0.916622 0.00941627 -0.399644 -6.29386 
-0.399872 0.023481 0.91627 218.945 0.0205766 0.99965 -0.0166379 -12.0234 -0.91634 0.0122007 -0.400215 -6.58179 
-0.401432 0.0225695 0.915611 219.552 0.0207005 0.999665 -0.0155657 -12.0501 -0.915655 0.012705 -0.401765 -6.85034 
-0.402333 0.0232678 0.915198 220.174 0.0218463 0.999636 -0.0158106 -12.0727 -0.915233 0.0136326 -0.402695 -7.11738 
-0.401779 0.0239745 0.915423 220.776 0.0220276 0.999621 -0.0165117 -12.1011 -0.915472 0.0135305 -0.402155 -7.37636 
-0.399496 0.0255701 0.916378 221.367 0.0226783 0.999581 -0.0180051 -12.1249 -0.916454 0.013589 -0.399909 -7.62522 
-0.39591 0.0258081 0.917927 221.918 0.0226519 0.999575 -0.0183338 -12.1511 -0.91801 0.0135343 -0.396326 -7.8346 
-0.39379 0.0266994 0.918812 222.552 0.0232424 0.999548 -0.0190841 -12.1862 -0.918906 0.0138402 -0.394233 -8.12184 
-0.389634 0.026836 0.920579 223.09 0.0233955 0.999541 -0.0192357 -12.217 -0.920673 0.0140425 -0.390083 -8.30932 
-0.389102 0.0274222 0.920786 223.716 0.0237386 0.999523 -0.0197358 -12.2464 -0.920889 0.0141789 -0.389568 -8.50469 
-0.390034 0.02688 0.920408 224.441 0.0242254 0.999527 -0.0189249 -12.3092 -0.920482 0.0149159 -0.390501 -8.79111 
-0.394495 0.0263146 0.918521 225.252 0.0236824 0.999549 -0.0184646 -12.3625 -0.918593 0.0144685 -0.394941 -9.08122 
-0.3986 0.0253804 0.916774 226.117 0.0225891 0.999585 -0.0178516 -12.4291 -0.916847 0.0135934 -0.399008 -9.38464 
-0.399212 0.023944 0.916546 226.788 0.0206688 0.99964 -0.0171122 -12.494 -0.916626 0.0121125 -0.399563 -9.7243 
-0.405214 0.0218544 0.913961 228.891 0.019168 0.999698 -0.0154062 -12.5292 -0.914021 0.011276 -0.40551 -10.5756 
-0.412177 0.0241237 0.910784 230.994 0.0302096 0.999462 -0.0128011 -12.6507 -0.910603 0.0222381 -0.412684 -11.4012 
-0.404736 0.0245795 0.914103 231.319 0.03637 0.99928 -0.0107664 -12.8266 -0.91371 0.0288884 -0.405338 -11.5377 
-0.411443 0.0230249 0.911145 232.446 0.0414017 0.999121 -0.00655238 -12.9264 -0.910495 0.035027 -0.412035 -11.9382 
-0.418772 0.0240347 0.907773 233.816 0.0425217 0.999072 -0.00683596 -12.9064 -0.907095 0.0357373 -0.419405 -12.5684 
-0.42288 0.0226484 0.905903 235.07 0.0429397 0.999065 -0.00493311 -12.9189 -0.905168 0.036813 -0.423457 -13.1881 
-0.428077 0.0217903 0.903479 236.219 0.0397606 0.999195 -0.00525984 -12.8989 -0.902867 0.0336713 -0.428599 -13.8121 
-0.43185 0.0210855 0.901699 237.282 0.0388765 0.999233 -0.00474713 -12.9038 -0.901107 0.0330049 -0.432338 -14.3519 
-0.435632 0.0208421 0.899884 238.257 0.0382431 0.999258 -0.00463026 -12.9251 -0.899312 0.0323973 -0.436105 -14.8194 
-0.43826 0.0203423 0.898618 239.191 0.0408563 0.999161 -0.00269255 -12.9479 -0.897919 0.0355341 -0.438724 -15.2249 
-0.440522 0.019853 0.897522 240.094 0.0417392 0.999127 -0.00161406 -12.9574 -0.896771 0.0367508 -0.440966 -15.678 
-0.446656 0.0233616 0.894401 241.201 0.0429963 0.999065 -0.00462341 -12.9038 -0.893672 0.0363909 -0.447243 -16.1991 
-0.450297 0.0230567 0.892581 243.719 0.034113 0.999381 -0.00860587 -12.9168 -0.892227 0.0265734 -0.450805 -17.3411 
-0.456514 0.0254772 0.889351 240.556 0.0315916 0.999424 -0.0124141 -12.5873 -0.889155 0.0224288 -0.457056 -18.6724 
-0.449571 0.0217301 0.89298 242.572 0.0295451 0.999519 -0.0094481 -12.6398 -0.892756 0.0221356 -0.449997 -20.3083 
-0.453806 0.0236154 0.890788 244.459 0.033275 0.999401 -0.0095431 -12.7054 -0.890479 0.0253102 -0.45432 -21.3954 
-0.461034 0.022311 0.887102 246.169 0.0300915 0.999502 -0.00949912 -12.7412 -0.886872 0.0223148 -0.461476 -22.173 
-0.462503 0.0215755 0.886355 249.998 0.0261873 0.9996 -0.0106675 -12.6953 -0.886231 0.0182775 -0.462883 -23.8002 
-0.465065 0.026806 0.884871 252.288 0.0337641 0.999351 -0.0125285 -12.7676 -0.884633 0.0240503 -0.465668 -25.0299 
-0.466243 0.0220325 0.884382 255.169 0.0260829 0.999598 -0.011152 -12.8809 -0.884272 0.0178677 -0.46663 -26.2246 
-0.47284 0.0208142 0.880903 258.732 0.0215631 0.999695 -0.0120467 -12.8659 -0.880885 0.0132988 -0.473144 -27.5553 
-0.473753 0.0209533 0.880408 261.007 0.0106161 0.99978 -0.0180818 -12.9392 -0.880594 0.000780175 -0.473872 -28.7038 
-0.477525 0.027565 0.878186 263.015 0.0200186 0.99959 -0.0204903 -12.9782 -0.87839 0.00779536 -0.477881 -29.833 
-0.474239 0.0278345 0.879956 265.09 0.034841 0.99931 -0.0128328 -13.0403 -0.879706 0.0245727 -0.474882 -31.1253 
-0.476894 0.0175012 0.878786 267.502 0.0324514 0.999471 -0.00229408 -13.0853 -0.878361 0.0274238 -0.47721 -32.2975 
-0.481311 0.00275984 0.876546 269.304 0.021902 0.999721 0.00887873 -13.1223 -0.876276 0.0234716 -0.481237 -33.2197 
-0.476175 0.000825701 0.87935 270.446 0.017575 0.999809 0.00857817 -13.0536 -0.879175 0.0195393 -0.476098 -33.8044 
-0.477259 -0.0047071 0.87875 272.136 0.00900221 0.999907 0.0102453 -13.0702 -0.878716 0.0128004 -0.477172 -34.6357 
-0.479086 -0.00268807 0.877764 273.568 0.00659319 0.999956 0.00666085 -13.0493 -0.877743 0.00897838 -0.479047 -35.3796 
-0.480774 -0.000135133 0.876844 274.35 0.00621886 0.999974 0.00356391 -13.0414 -0.876822 0.00716641 -0.480761 -35.7115 
-0.483274 0.00480669 0.875456 275.264 0.00907996 0.999959 -0.000477903 -13.0451 -0.875422 0.00771815 -0.483297 -36.196 
-0.486956 0.0120194 0.873344 276.723 0.0129989 0.999894 -0.00651317 -13.0256 -0.87333 0.00818086 -0.487061 -37.0118 
-0.490571 0.0176429 0.871222 277.98 0.0155385 0.999813 -0.0114974 -13.0162 -0.871263 0.00789715 -0.490754 -37.7206 
-0.493972 0.015299 0.869343 278.694 0.0111021 0.999875 -0.0112878 -13.0059 -0.869407 0.0040757 -0.49408 -38.1613 
-0.498844 0.00948976 0.86664 279.518 0.00599519 0.999954 -0.00749868 -13.0036 -0.866671 0.001455 -0.498877 -38.6402 
-0.503556 0.00538055 0.863946 280.656 0.00643964 0.999976 -0.00247434 -13.0365 -0.863939 0.00431753 -0.503578 -39.2404 
-0.507085 0.0014546 0.861895 281.209 0.00892842 0.999954 0.00356532 -13.0545 -0.86185 0.00950328 -0.507074 -39.544 
-0.510229 -0.00233092 0.860036 281.832 0.0100369 0.999912 0.00866458 -13.0721 -0.85998 0.013053 -0.510161 -39.9087 
-0.512813 -0.00077781 0.8585 282.489 0.014574 0.999848 0.00961147 -13.0768 -0.858377 0.0174407 -0.512723 -40.3 
-0.513346 0.00373177 0.858173 283.184 0.0177734 0.999822 0.00628403 -13.0661 -0.857997 0.0184785 -0.513321 -40.7243 
-0.513165 0.0110141 0.858219 283.874 0.020009 0.999799 -0.000866888 -13.0658 -0.858057 0.0167273 -0.513282 -41.1403 
-0.512711 0.0162657 0.858407 284.577 0.0190517 0.99979 -0.00756556 -13.0683 -0.85835 0.0124751 -0.512913 -41.5522 
-0.510526 0.0184686 0.859664 285.297 0.0167229 0.999793 -0.0115479 -13.0685 -0.8597 0.00848053 -0.510729 -41.9741 
-0.508355 0.0152711 0.861012 286.033 0.0173882 0.999821 -0.00746679 -13.0748 -0.860972 0.0111757 -0.508529 -42.4008 
-0.506966 0.0100892 0.861907 286.78 0.0199841 0.9998 5.11798e-05 -13.0837 -0.861734 0.0172504 -0.507067 -42.8382 
-0.504788 0.00387622 0.863235 287.545 0.0175081 0.99983 0.00574853 -13.094 -0.863066 0.0180154 -0.50477 -43.2819 
-0.50335 0.00265594 0.864078 288.302 0.0142568 0.999885 0.00523161 -13.1044 -0.863965 0.0149523 -0.50333 -43.7064 
-0.501628 0.00437521 0.865073 289.066 0.00973883 0.999952 0.00058985 -13.1101 -0.865029 0.00872068 -0.501646 -44.1299 
-0.498506 0.00890848 0.866841 289.736 0.00966663 0.999942 -0.00471724 -13.1156 -0.866832 0.00602785 -0.498563 -44.5073 
-0.497922 0.00965597 0.867168 292.458 0.0115717 0.999923 -0.0044898 -13.1217 -0.867144 0.00779905 -0.497996 -45.9966 
-0.494496 0.0091129 0.869132 293.628 0.0131405 0.999909 -0.00300775 -13.1419 -0.869081 0.00993354 -0.49457 -46.6628 
-0.491499 0.00832073 0.870839 295.007 0.0145526 0.999893 -0.00134039 -13.1681 -0.870757 0.0120142 -0.491567 -47.4695 
-0.489751 0.00549391 0.871845 296.298 0.013997 0.999901 0.00156183 -13.2058 -0.87175 0.0129681 -0.489779 -48.2292 
-0.488632 0.00501659 0.872475 297.559 0.0167874 0.999852 0.00365286 -13.2066 -0.872328 0.0164315 -0.488644 -48.9294 
-0.488189 0.00621635 0.872716 298.877 0.0213991 0.999759 0.00484915 -13.2181 -0.872475 0.0210426 -0.488205 -49.675 
-0.48765 0.00430698 0.873029 300.108 0.0201988 0.999776 0.00635023 -13.219 -0.872806 0.0207308 -0.487628 -50.3514 
-0.487992 0.00385377 0.87284 301.424 0.0155822 0.999869 0.00429716 -13.215 -0.872709 0.0156978 -0.487988 -51.0763 
-0.488473 0.0042939 0.872569 302.739 0.0105868 0.999943 0.00100589 -13.2216 -0.872515 0.00972905 -0.488491 -51.7946 
-0.48916 0.00121592 0.872193 304.029 0.00154613 0.999999 -0.000526957 -13.2332 -0.872193 0.00109076 -0.489161 -52.5054 
-0.491536 -0.00195003 0.870855 305.219 -0.0036491 0.999993 0.000179536 -13.2395 -0.87085 -0.00308959 -0.491539 -53.1595 
-0.493896 -0.00578801 0.869502 306.508 -0.00726291 0.99997 0.00253101 -13.2732 -0.869491 -0.00506506 -0.493923 -53.903 
-0.496506 -0.00560986 0.868015 307.864 -0.00822954 0.999965 0.00175532 -13.289 -0.867994 -0.00627183 -0.496535 -54.6481 
-0.498456 -0.00236259 0.866912 309.153 -0.00646833 0.999979 -0.000993916 -13.2966 -0.866891 -0.0061029 -0.49846 -55.3741 
-0.499725 -0.000590036 0.866184 310.386 -0.000420356 1 0.000438675 -13.3041 -0.866184 -0.000144889 -0.499725 -56.0655 
-0.500204 0.00335441 0.865901 311.365 0.00550338 0.999985 -0.000694706 -13.3253 -0.86589 0.00441789 -0.500215 -56.6283 
-0.501797 0.00312179 0.86498 312.474 0.00548515 0.999985 -0.000426954 -13.3402 -0.864968 0.0045303 -0.501807 -57.2264 
-0.503479 -0.00140271 0.864006 313.57 0.00174672 0.999995 0.00264134 -13.3549 -0.864006 0.00283904 -0.503474 -57.8207 
-0.504362 -0.00833292 0.863452 314.699 -0.00193158 0.999962 0.00852206 -13.3683 -0.86349 0.00263037 -0.504359 -58.4665 
-0.504515 -0.016386 0.863247 316.318 -0.00780938 0.999866 0.0144151 -13.4531 -0.863368 0.000531234 -0.504575 -59.4206 
-0.504263 -0.00999846 0.863492 318.103 -0.00608668 0.999949 0.008024 -13.46 -0.863528 -0.00120959 -0.504299 -60.5512 
-0.505974 -0.0136465 0.86244 319.592 -0.00966853 0.999902 0.0101493 -13.4827 -0.862494 -0.00320325 -0.506057 -61.3078 
-0.505619 -0.00403868 0.862748 320.291 -0.00574514 0.999983 0.00131413 -13.4784 -0.862738 -0.00429215 -0.505633 -61.727 
-0.504776 -0.0113362 0.863176 321.013 -0.00541939 0.999936 0.00996305 -13.4668 -0.863233 0.000351231 -0.504805 -62.155 
-0.503802 -0.0155827 0.863678 321.748 -0.0028011 0.999861 0.0164058 -13.5041 -0.863814 0.00584604 -0.503776 -62.5646 
-0.502191 -0.0153646 0.86462 322.296 -0.000232989 0.999845 0.0176323 -13.4958 -0.864756 0.00865333 -0.502117 -62.9101 
-0.501457 -0.0110007 0.865113 322.47 0.000766558 0.999913 0.0131591 -13.4978 -0.865182 0.00726188 -0.501405 -63.0498 
-0.500244 -0.0128586 0.865789 322.994 -0.00107047 0.999898 0.0142319 -13.4979 -0.865884 0.00619262 -0.500206 -63.3333 
-0.499441 -0.0133233 0.866245 323.467 -0.00532689 0.99991 0.0123078 -13.5743 -0.866331 0.00153264 -0.499467 -63.6273 
-0.497742 -0.0105705 0.86726 324.078 -0.00113568 0.999933 0.0115358 -13.5772 -0.867324 0.00475693 -0.497721 -63.9808 
-0.49495 -0.0119326 0.86884 324.62 -0.000838046 0.999912 0.0132553 -13.5866 -0.868921 0.0058326 -0.494916 -64.3021 
-0.491736 -0.0101798 0.870685 325.156 0.000170003 0.999931 0.0117869 -13.5834 -0.870744 0.00594408 -0.4917 -64.5983 
-0.487479 -0.00896899 0.873089 325.682 -0.000317282 0.999949 0.010095 -13.585 -0.873135 0.0046441 -0.487457 -64.8875 
-0.484826 -0.0114253 0.874536 326.215 -0.0053904 0.999935 0.0100752 -13.5903 -0.874594 0.000170617 -0.484856 -65.1711 
-0.482966 -0.0141301 0.875525 326.75 -0.0115553 0.999886 0.00976288 -13.5921 -0.875563 -0.00540181 -0.483074 -65.4513 
-0.481316 -0.0165636 0.876391 327.288 -0.0134253 0.999843 0.0115236 -13.5934 -0.876445 -0.00621931 -0.481463 -65.7388 
-0.480231 -0.0201944 0.87691 327.83 -0.0121716 0.999792 0.0163586 -13.595 -0.877058 -0.0028175 -0.480377 -66.029 
-0.479042 -0.0195164 0.877575 328.371 -0.0106239 0.999808 0.0164355 -13.595 -0.877728 -0.00144995 -0.479158 -66.3207 
-0.476829 -0.0158505 0.878853 328.908 -0.00843528 0.999874 0.0134566 -13.5963 -0.878956 -0.000996898 -0.476902 -66.6108 
-0.472677 -0.00996961 0.881179 329.44 -0.00331094 0.999949 0.00953733 -13.5974 -0.881229 0.00159055 -0.472686 -66.9007 
-0.46673 -0.00766891 0.884366 329.973 -0.000491617 0.999964 0.00841188 -13.5987 -0.884399 0.00349131 -0.466718 -67.1888 
-0.460379 -0.0122495 0.887638 330.527 0.000211665 0.999903 0.0139085 -13.6012 -0.887722 0.00659107 -0.460332 -67.4902 
-0.452864 -0.0180342 0.891397 330.932 9.22355e-05 0.999794 0.0202741 -13.5925 -0.891579 0.00926365 -0.45277 -67.822 
-0.44962 -0.0254285 0.892858 331.272 0.0050312 0.999507 0.0309994 -13.6253 -0.893206 0.0184301 -0.44927 -67.9801 
-0.444987 -0.0307076 0.895011 331.712 -0.0022182 0.999447 0.0331879 -13.6124 -0.895534 0.0127829 -0.444809 -68.2183 
-0.440271 -0.0271228 0.897455 332.174 -0.00470966 0.9996 0.0278994 -13.5896 -0.897853 0.00805657 -0.440222 -68.4491 
-0.43456 -0.0263285 0.900258 332.329 -0.00457006 0.999624 0.0270285 -13.6377 -0.900632 0.00763127 -0.434517 -68.6092 
-0.429641 -0.0221976 0.902727 332.577 -0.00601653 0.999746 0.0217197 -13.6262 -0.90298 0.00390041 -0.429665 -68.7366 
-0.424723 -0.0232891 0.905024 333.096 -0.00741828 0.999725 0.0222448 -13.6175 -0.905293 0.00273414 -0.424779 -68.962 
-0.418878 -0.0293774 0.907567 333.617 -0.01683 0.999556 0.0245873 -13.6078 -0.907887 -0.00497532 -0.419186 -69.172 
-0.413825 -0.0309631 0.90983 334.16 -0.0242225 0.999442 0.0229955 -13.612 -0.910034 -0.0125223 -0.414344 -69.3554 
-0.408696 -0.03324 0.912065 334.321 -0.0255068 0.999362 0.024992 -13.6643 -0.912314 -0.0130498 -0.409283 -69.4445 
-0.404991 -0.0322078 0.913753 334.694 -0.0247312 0.9994 0.0242653 -13.6708 -0.913986 -0.012771 -0.405544 -69.58 
-0.402117 -0.0364281 0.914863 335.104 -0.0274441 0.999239 0.0277251 -13.6744 -0.915177 -0.0139589 -0.40281 -69.7061 
-0.399197 -0.0359814 0.916159 335.53 -0.0297696 0.999211 0.0262717 -13.6435 -0.916382 -0.016786 -0.399954 -69.8592 
-0.395008 -0.0362246 0.917963 335.976 -0.0336859 0.999121 0.0249319 -13.6193 -0.91806 -0.0210741 -0.395881 -70.0533 
-0.390899 -0.0375202 0.919669 336.496 -0.0343215 0.999068 0.0261714 -13.6027 -0.919794 -0.0213341 -0.391822 -70.2513 
-0.385614 -0.0397031 0.921806 337.029 -0.0354812 0.998973 0.028184 -13.593 -0.921978 -0.0218387 -0.386626 -70.4615 
-0.382357 -0.0378484 0.923239 337.578 -0.035151 0.999033 0.0263979 -13.5794 -0.923346 -0.0223593 -0.383318 -70.6834 
-0.377891 -0.0343124 0.925214 338.122 -0.0389888 0.999016 0.0211249 -13.5734 -0.925029 -0.0280901 -0.378857 -70.9107 
-0.374457 -0.0297893 0.926765 338.682 -0.0437903 0.998937 0.0144157 -13.5659 -0.926209 -0.0351852 -0.375364 -71.1311 
-0.371842 -0.0274083 0.927892 339.199 -0.044632 0.998936 0.0116211 -13.555 -0.927223 -0.0370925 -0.372669 -71.3423 
-0.369707 -0.0297806 0.928671 339.616 -0.0447769 0.998896 0.0142068 -13.5436 -0.928069 -0.0363306 -0.370633 -71.5399 
-0.369355 -0.0340626 0.928664 340.082 -0.0463764 0.998758 0.0181884 -13.5093 -0.928131 -0.0363501 -0.370476 -71.7246 
-0.368017 -0.0401686 0.928951 340.606 -0.0506916 0.998447 0.0230914 -13.5048 -0.928436 -0.0385919 -0.369482 -71.9166 
-0.36581 -0.0392311 0.929862 340.714 -0.0481331 0.998572 0.0231942 -13.5013 -0.929444 -0.0362724 -0.367176 -72.0503 
-0.364581 -0.0333784 0.930573 340.868 -0.0448602 0.998827 0.0182512 -13.4761 -0.930091 -0.0350916 -0.36565 -72.1663 
-0.361279 -0.0297966 0.931982 341.271 -0.0431369 0.998953 0.015216 -13.4851 -0.931459 -0.0347056 -0.362186 -72.2945 
-0.356791 -0.0319823 0.933637 341.868 -0.0473162 0.99875 0.0161308 -13.4779 -0.932985 -0.0384208 -0.357858 -72.478 
-0.349406 -0.0363033 0.936268 342.495 -0.0446099 0.99876 0.0220784 -13.4665 -0.935909 -0.0340525 -0.350592 -72.7044 
-0.342317 -0.0366672 0.938869 343.105 -0.0386555 0.998942 0.0249193 -13.4518 -0.938789 -0.0277621 -0.343372 -72.9324 
-0.337277 -0.0369995 0.940678 343.738 -0.0294155 0.999154 0.0287527 -13.4356 -0.940946 -0.0179729 -0.33808 -73.1593 
-0.332603 -0.0350779 0.942414 344.378 -0.0250174 0.999285 0.0283654 -13.4206 -0.942735 -0.0141423 -0.333243 -73.3653 
-0.330207 -0.03477 0.943268 345.029 -0.0278395 0.999245 0.0270877 -13.4577 -0.943498 -0.0173156 -0.330926 -73.5374 
-0.327395 -0.0304134 0.944398 345.682 -0.0265547 0.999383 0.0229784 -13.49 -0.944514 -0.0175551 -0.328001 -73.7096 
-0.325298 -0.0290005 0.945167 346.356 -0.0227668 0.99948 0.0228314 -13.5004 -0.945337 -0.0140914 -0.325789 -73.8924 
-0.32257 -0.0293397 0.946091 346.96 -0.0266225 0.999405 0.0219161 -13.4745 -0.946171 -0.0181178 -0.323159 -74.0656 
-0.320251 -0.0311894 0.946819 347.4 -0.0319057 0.999246 0.0221247 -13.4716 -0.946795 -0.0231234 -0.321005 -74.2373 
-0.317488 -0.0391394 0.947454 348.18 -0.03866 0.998851 0.0283079 -13.4696 -0.947474 -0.0276412 -0.318636 -74.4691 
-0.31855 -0.0340983 0.947293 348.55 -0.0375453 0.999022 0.0233349 -13.4603 -0.947162 -0.0281331 -0.319519 -74.5685 
-0.318506 -0.0377012 0.947171 349.276 -0.0417559 0.998797 0.0257148 -13.4841 -0.947001 -0.0313597 -0.319697 -74.7883 
-0.316724 -0.0362929 0.947823 349.97 -0.0461286 0.998675 0.0228258 -13.4525 -0.947396 -0.0364923 -0.317978 -74.9917 
-0.314897 -0.0325068 0.948569 350.691 -0.0448349 0.998807 0.0193445 -13.4404 -0.948066 -0.0364375 -0.315979 -75.2258 
-0.313851 -0.036487 0.948771 351.14 -0.041962 0.998818 0.0245307 -13.455 -0.948545 -0.0321133 -0.315011 -75.3621 
-0.313904 -0.0448261 0.948396 351.888 -0.0416971 0.998572 0.0333967 -13.4422 -0.948539 -0.029062 -0.315324 -75.6041 
-0.314213 -0.0508757 0.947988 352.632 -0.0436388 0.998282 0.0391106 -13.4292 -0.948349 -0.02908 -0.315894 -75.8385 
-0.312974 -0.0504031 0.948423 353.389 -0.0441068 0.998285 0.0384979 -13.4185 -0.948737 -0.0297831 -0.314661 -76.078 
-0.311299 -0.0411355 0.949421 354.133 -0.0417307 0.998691 0.0295874 -13.4066 -0.949395 -0.0304095 -0.312608 -76.3217 
-0.309689 -0.0270684 0.950453 354.873 -0.0318731 0.999328 0.018075 -13.3954 -0.950304 -0.0246963 -0.310344 -76.5751 
-0.308084 -0.020031 0.951148 355.617 -0.0217315 0.999666 0.0140138 -13.3864 -0.951111 -0.0163525 -0.308417 -76.8304 
-0.3078 -0.0242619 0.951142 356.422 -0.0239538 0.999556 0.0177451 -13.3707 -0.951149 -0.0173215 -0.308244 -77.0781 
-0.30605 -0.024787 0.951693 357.239 -0.0235108 0.999553 0.0184729 -13.3531 -0.951725 -0.0167214 -0.306495 -77.3618 
-0.305283 -0.028302 0.951841 357.736 -0.0238292 0.999472 0.0220755 -13.357 -0.951963 -0.0159424 -0.305796 -77.4964 
-0.304198 -0.0247303 0.952288 358.405 -0.022808 0.999565 0.0186722 -13.3562 -0.952336 -0.0160397 -0.30463 -77.7175 
-0.304385 -0.0195708 0.952348 359.076 -0.0231093 0.999646 0.0131567 -13.3601 -0.952269 -0.0180034 -0.30473 -77.9307 
-0.303493 -0.0201662 0.95262 359.758 -0.0269888 0.999557 0.0125615 -13.3615 -0.952451 -0.0218978 -0.303902 -78.1422 
-0.302789 -0.0233651 0.952771 360.448 -0.0285259 0.999474 0.0154449 -13.3618 -0.952631 -0.0225021 -0.303296 -78.3557 
-0.30177 -0.0273362 0.952989 361.14 -0.0318454 0.99932 0.0185811 -13.3612 -0.952849 -0.0247411 -0.302436 -78.5681 
-0.301516 -0.030965 0.952958 361.83 -0.035012 0.999158 0.0213884 -13.3575 -0.952818 -0.0269161 -0.302346 -78.7776 
-0.300807 -0.0314263 0.953167 362.516 -0.0379389 0.99906 0.0209663 -13.3546 -0.95293 -0.0298553 -0.301717 -78.9844 
-0.30034 -0.0271938 0.953444 363.205 -0.035568 0.999218 0.0172953 -13.3555 -0.953169 -0.0287176 -0.301073 -79.2005 
-0.298897 -0.0219752 0.954032 363.726 -0.0353073 0.999305 0.0119562 -13.3458 -0.953632 -0.0301106 -0.299465 -79.3894 
