1 0 -0 0 -0 1 0 0 0 -0 1 -0 
0.999991 -0.00269811 -0.00334543 -0.00176598 0.00269087 0.999994 -0.00216885 -0.0045789 0.00335126 0.00215983 0.999992 0.672613 
0.999972 -0.00134576 -0.00741419 -0.0116436 0.00131797 0.999992 -0.00375096 -0.00716945 0.00741918 0.00374109 0.999965 1.36239 
0.999935 -0.00139274 -0.0113303 -0.0260473 0.00133326 0.999985 -0.00525545 -0.010438 0.0113375 0.00524 0.999922 2.06889 
0.999868 -0.000106706 -0.016271 -0.0430246 1.20627e-05 0.999983 -0.00581669 -0.0174393 0.0162714 0.00581572 0.999851 2.79167 
0.999786 -0.00116759 -0.0206439 -0.061541 0.00104404 0.999981 -0.00599502 -0.0270391 0.0206505 0.00597219 0.999769 3.53074 
0.999683 0.000573558 -0.0251795 -0.0869253 -0.000756564 0.999973 -0.00725911 -0.0357269 0.0251747 0.00727586 0.999657 4.28347 
0.999542 0.00323409 -0.0300855 -0.117926 -0.00347218 0.999963 -0.00786481 -0.0448911 0.030059 0.00796567 0.999516 5.04961 
0.999403 0.00357242 -0.0343525 -0.150781 -0.0037902 0.999973 -0.00627667 -0.0535886 0.0343291 0.00640313 0.99939 5.8313 
0.999244 0.00275806 -0.0387834 -0.184903 -0.00290012 0.999989 -0.00360706 -0.0625487 0.038773 0.00371681 0.999241 6.62488 
0.999101 0.00242366 -0.0423141 -0.221689 -0.00246402 0.999997 -0.000901677 -0.0727509 0.0423117 0.00100513 0.999104 7.42668 
0.998982 0.00390839 -0.0449428 -0.265104 -0.00398051 0.999991 -0.00151534 -0.0826394 0.0449365 0.00169269 0.998988 8.23412 
0.998883 0.00337254 -0.0471323 -0.308005 -0.00345759 0.999993 -0.00172319 -0.0897107 0.0471261 0.00188423 0.998887 9.04925 
0.998802 0.000402059 -0.0489354 -0.348125 -0.00051536 0.999997 -0.00230272 -0.0966455 0.0489343 0.00232518 0.998799 9.87323 
0.998701 0.00029822 -0.0509586 -0.392769 -0.000373203 0.999999 -0.00146194 -0.1054 0.0509581 0.00147906 0.9987 10.7088 
0.998626 -0.00113682 -0.0523967 -0.438395 0.00105054 0.999998 -0.00167416 -0.115603 0.0523985 0.00161682 0.998625 11.5518 
0.998525 0.00119185 -0.0542824 -0.49047 -0.00140998 0.999991 -0.00398037 -0.12612 0.0542771 0.00405103 0.998518 12.4019 
0.998451 0.00161614 -0.0556212 -0.543744 -0.00198589 0.999976 -0.00659299 -0.136733 0.0556092 0.00669323 0.99843 13.2601 
0.998337 0.00551795 -0.0573802 -0.602022 -0.00599959 0.999948 -0.00822499 -0.147934 0.0573318 0.00855557 0.998319 14.1265 
0.998273 0.00637657 -0.0584055 -0.659493 -0.006845 0.999946 -0.0078238 -0.161762 0.0583525 0.00821008 0.998262 15.0032 
0.998198 0.00547044 -0.0597494 -0.715626 -0.00586073 0.999963 -0.00635875 -0.175939 0.0597124 0.00669747 0.998193 15.8885 
0.998109 0.00611667 -0.0611599 -0.77431 -0.006426 0.999968 -0.00486236 -0.188719 0.0611282 0.00524618 0.998116 16.7786 
0.998051 0.00570403 -0.0621441 -0.833879 -0.00601244 0.999971 -0.00477688 -0.202578 0.062115 0.00514121 0.998056 17.6725 
0.997946 0.00555973 -0.0638169 -0.893994 -0.00593018 0.999967 -0.0056169 -0.215524 0.0637835 0.00598381 0.997946 18.5701 
0.997887 0.00413201 -0.0648386 -0.954628 -0.0045545 0.999969 -0.00636958 -0.228266 0.0648103 0.00665143 0.997875 19.4738 
0.997851 0.00425857 -0.0653917 -1.01763 -0.00457432 0.999979 -0.00467958 -0.240328 0.0653703 0.00496864 0.997849 20.384 
0.997849 0.00563578 -0.065308 -1.084 -0.00573027 0.999983 -0.00125955 -0.253132 0.0652998 0.00163108 0.997864 21.3036 
0.997898 0.00662863 -0.0644657 -1.14918 -0.0064826 0.999976 0.00247406 -0.263442 0.0644805 -0.00205095 0.997917 22.2275 
0.998003 0.00551047 -0.0629192 -1.20995 -0.00518741 0.999973 0.00529673 -0.269834 0.0629466 -0.00495977 0.998005 23.1577 
0.998098 0.00570719 -0.0613762 -1.26995 -0.005345 0.999967 0.00606361 -0.275874 0.0614088 -0.00572402 0.998096 24.0896 
0.99818 0.00595075 -0.0600142 -1.32983 -0.00576743 0.999978 0.00322732 -0.282422 0.0600321 -0.00287532 0.998192 25.0253 
0.998227 0.00676382 -0.0591358 -1.38953 -0.00687151 0.999975 -0.00161781 -0.288922 0.0591234 0.0020213 0.998249 25.9632 
0.998303 0.00587681 -0.0579408 -1.44688 -0.0061518 0.999971 -0.00456887 -0.297358 0.0579122 0.00491755 0.99831 26.9078 
0.998355 0.00332265 -0.0572434 -1.50142 -0.00353146 0.999987 -0.00354703 -0.308414 0.0572309 0.00374335 0.998354 27.8616 
0.998345 0.00145509 -0.0574907 -1.55678 -0.00137565 0.999998 0.00142134 -0.319026 0.0574927 -0.0013399 0.998345 28.823 
0.998296 -0.00232861 -0.0583079 -1.61135 0.00261798 0.999985 0.00488688 -0.330011 0.0582956 -0.0050312 0.998287 29.7884 
0.998188 -0.00975114 -0.0593767 -1.6601 0.0100237 0.999941 0.00429415 -0.338854 0.0593313 -0.00488155 0.998226 30.7507 
0.998077 -0.0119502 -0.0608187 -1.71635 0.0119962 0.999928 0.000391565 -0.344997 0.0608096 -0.00112041 0.998149 31.715 
0.997993 -0.0117532 -0.0622229 -1.78034 0.0115567 0.999927 -0.00351592 -0.354593 0.0622597 0.00278977 0.998056 32.6832 
0.997872 -0.0104522 -0.0643613 -1.84572 0.0102002 0.999939 -0.00424257 -0.366122 0.0644017 0.00357705 0.997918 33.6579 
0.997818 -0.0104724 -0.0651849 -1.91274 0.010307 0.999943 -0.0028723 -0.37841 0.0652112 0.00219417 0.997869 34.6403 
0.997768 -0.0073889 -0.0663691 -1.98462 0.00740208 0.999973 -4.73158e-05 -0.3919 0.0663676 -0.000444059 0.997795 35.6249 
0.997678 -0.00746936 -0.0677003 -2.05369 0.00757357 0.99997 0.00128283 -0.403024 0.0676888 -0.00179258 0.997705 36.6096 
0.997618 -0.00613137 -0.0687118 -2.12388 0.00641321 0.999972 0.00388198 -0.411601 0.0686861 -0.0043134 0.997629 37.5949 
0.997624 -0.00623015 -0.0686116 -2.19381 0.00672342 0.999953 0.00696068 -0.420835 0.068565 -0.00740545 0.997619 38.5829 
0.997605 -0.000425479 -0.0691727 -2.27203 0.00106803 0.999957 0.0092523 -0.426136 0.0691658 -0.00930402 0.997562 39.5678 
0.997594 -0.000566213 -0.0693231 -2.34478 0.00117633 0.999961 0.00876056 -0.433295 0.0693154 -0.00882103 0.997556 40.5485 
0.997601 -0.000447341 -0.0692283 -2.41518 0.00093765 0.999975 0.00705016 -0.436718 0.0692233 -0.00709815 0.997576 41.5277 
0.997602 0.00179306 -0.0691896 -2.49044 -0.0014598 0.999987 0.0048668 -0.443949 0.0691974 -0.00475412 0.997592 42.5037 
0.997532 0.00138278 -0.0701988 -2.56153 -0.00103794 0.999987 0.00494863 -0.453054 0.0702048 -0.00486355 0.997521 43.48 
0.997445 -0.000571433 -0.0714327 -2.63103 0.0010118 0.999981 0.00612876 -0.460813 0.0714279 -0.00618538 0.997427 44.4574 
0.997386 -2.54245e-05 -0.0722517 -2.70561 0.000547413 0.999974 0.00720479 -0.470013 0.0722497 -0.00722551 0.99736 45.4292 
0.99737 0.00241318 -0.0724406 -2.78418 -0.00215401 0.999991 0.00365566 -0.481097 0.0724487 -0.00349001 0.997366 46.393 
0.997311 0.00291177 -0.0732232 -2.86169 -0.00295713 0.999995 -0.000511119 -0.490126 0.0732214 0.000726276 0.997315 47.3529 
0.997264 0.00378202 -0.0738248 -2.93741 -0.00392248 0.999991 -0.00175761 -0.500934 0.0738175 0.00204238 0.99727 48.3128 
0.997259 0.00257155 -0.0739405 -3.01074 -0.00244292 0.999995 0.00182995 -0.514836 0.0739449 -0.00164431 0.997261 49.2759 
0.997245 0.000664522 -0.0741805 -3.08204 -0.000297986 0.999988 0.00495209 -0.52692 0.0741829 -0.00491634 0.997233 50.2342 
0.997228 -0.00118957 -0.0744024 -3.15425 0.00161226 0.999983 0.00562125 -0.537302 0.0743945 -0.00572562 0.997212 51.1857 
0.997207 -0.00433123 -0.0745628 -3.2247 0.00467197 0.999979 0.004396 -0.547102 0.0745422 -0.00473208 0.997207 52.1332 
0.997159 -0.00705416 -0.0749947 -3.29482 0.0073076 0.999968 0.00310547 -0.55699 0.0749704 -0.00364468 0.997179 53.0762 
0.997064 -0.00862211 -0.0760804 -3.3672 0.00897641 0.99995 0.00431623 -0.565859 0.0760394 -0.00498649 0.997092 54.0203 
0.996944 -0.011665 -0.0772437 -3.43751 0.0123534 0.999888 0.00844085 -0.573126 0.0771366 -0.00936928 0.996977 54.9634 
0.996884 -0.0125403 -0.0778756 -3.50931 0.013626 0.999817 0.0134256 -0.577971 0.077693 -0.0144449 0.996873 55.9049 
0.996864 -0.0107816 -0.0783914 -3.58854 0.0120471 0.999804 0.0156885 -0.581264 0.0782069 -0.0165837 0.996799 56.8388 
0.996764 -0.00969555 -0.0797979 -3.66696 0.0106665 0.999874 0.0117505 -0.585835 0.0796739 -0.0125636 0.996742 57.7594 
0.996672 -0.00816489 -0.0811025 -3.74533 0.00851458 0.999956 0.00396677 -0.59072 0.0810666 -0.00464412 0.996698 58.6668 
0.996617 -0.00650297 -0.0819333 -3.82476 0.00645538 0.999979 -0.00084568 -0.598894 0.0819371 0.000313907 0.996637 59.5662 
0.996552 -0.00156653 -0.082954 -3.9098 0.00157802 0.999999 7.29334e-05 -0.610616 0.0829537 -0.000203585 0.996553 60.4619 
0.996479 0.00122956 -0.0838347 -3.993 -0.00103405 0.999997 0.00237543 -0.625363 0.0838374 -0.00228038 0.996477 61.3459 
0.996378 0.00378036 -0.0849539 -4.07338 -0.00345424 0.999986 0.00398538 -0.640065 0.0849677 -0.0036775 0.996377 62.2158 
0.996285 0.00449227 -0.0860045 -4.15303 -0.00418778 0.999984 0.00372045 -0.649233 0.0860199 -0.00334646 0.996288 63.0692 
0.996136 0.00623448 -0.0876061 -4.23286 -0.00585649 0.999972 0.00457103 -0.659685 0.0876322 -0.0040403 0.996145 63.9122 
0.996012 0.00708147 -0.0889396 -4.31139 -0.00664506 0.999964 0.0052019 -0.672637 0.0889733 -0.00459014 0.996023 64.7416 
0.995878 0.00702192 -0.0904263 -4.38897 -0.0065345 0.999962 0.00568509 -0.683624 0.0904628 -0.00507077 0.995887 65.5591 
0.995764 0.00691163 -0.0916814 -4.46637 -0.00632159 0.999957 0.0067246 -0.69085 0.0917239 -0.00611655 0.995766 66.364 
0.995623 0.00969187 -0.0929538 -4.54828 -0.00885562 0.999917 0.00940465 -0.697423 0.0930372 -0.00854033 0.995626 67.1568 
0.995494 0.0111695 -0.0941654 -4.62861 -0.00993772 0.999859 0.0135394 -0.703414 0.0943034 -0.0125426 0.995464 67.9373 
0.995297 0.014353 -0.0957976 -4.70929 -0.0129462 0.999799 0.0152912 -0.708589 0.0959978 -0.013979 0.995283 68.6992 
0.995127 0.0171587 -0.097098 -4.79095 -0.016146 0.999807 0.0112051 -0.716414 0.0972715 -0.00958274 0.995212 69.4396 
0.995001 0.0171203 -0.0983863 -4.86817 -0.0168102 0.999851 0.00398033 -0.725623 0.0984397 -0.00230654 0.99514 70.1569 
0.994868 0.0162329 -0.0998724 -4.94012 -0.0165004 0.999862 -0.00185284 -0.732928 0.0998286 0.00349126 0.994999 70.8578 
0.994813 0.0170964 -0.10027 -5.01562 -0.0174915 0.999842 -0.00306324 -0.739051 0.100202 0.00480122 0.994956 71.5424 
0.994692 0.0198919 -0.100958 -5.09177 -0.0199368 0.999801 0.000564001 -0.751636 0.100949 0.00145177 0.994891 72.2106 
0.994558 0.0201303 -0.102224 -5.1623 -0.0199333 0.999797 0.00294846 -0.769089 0.102263 -0.000894748 0.994757 72.8561 
0.994513 0.0170132 -0.103222 -5.22772 -0.0171327 0.999853 -0.000271645 -0.782034 0.103202 0.00203863 0.994658 73.4794 
0.994623 0.00891208 -0.103174 -5.28245 -0.0095231 0.99994 -0.00543119 -0.795241 0.10312 0.00638453 0.994648 74.0846 
0.994757 0.00487989 -0.102154 -5.33814 -0.00595617 0.99993 -0.0102335 -0.806601 0.102097 0.0107883 0.994716 74.6729 
0.995057 0.00738873 -0.0990259 -5.39913 -0.00846325 0.99991 -0.0104352 -0.818569 0.0989398 0.0112217 0.99503 75.2492 
0.995409 0.0123708 -0.0949048 -5.46197 -0.0131348 0.999886 -0.00742919 -0.831264 0.0948021 0.00864164 0.995459 75.8125 
0.995857 0.010799 -0.090295 -5.5093 -0.0112404 0.999927 -0.00438101 -0.842528 0.0902411 0.00537781 0.995905 76.364 
0.996386 0.00710218 -0.0846425 -5.54568 -0.0071396 0.999975 -0.000139414 -0.854588 0.0846393 0.000743224 0.996411 76.9044 
0.997065 0.00270883 -0.0765097 -5.57571 -0.00245865 0.999991 0.00336392 -0.868648 0.0765182 -0.00316594 0.997063 77.4326 
0.997814 0.00636692 -0.0657772 -5.60955 -0.00616841 0.999976 0.00322049 -0.877476 0.0657962 -0.00280771 0.997829 77.9454 
0.99865 0.0115918 -0.0506353 -5.63889 -0.0114693 0.999931 0.00270774 -0.884992 0.0506632 -0.00212333 0.998714 78.4455 
0.99933 0.0166636 -0.0325906 -5.65403 -0.0165666 0.999857 0.0032453 -0.89067 0.03264 -0.00270321 0.999464 78.9359 
0.99983 0.0150696 -0.0105797 -5.64541 -0.0150308 0.99988 0.00373766 -0.896036 0.0106347 -0.00357801 0.999937 79.4136 
0.999812 0.0115887 0.0155662 -5.61786 -0.0116629 0.999921 0.0046823 -0.903758 -0.0155107 -0.00486296 0.999868 79.879 
0.998928 0.01052 0.045081 -5.57791 -0.0108123 0.999922 0.00624614 -0.911333 -0.0450118 -0.00672688 0.998964 80.3352 
0.99689 0.0101258 0.0781484 -5.52302 -0.0107599 0.999912 0.00769755 -0.918175 -0.0780636 -0.00851448 0.996912 80.7843 
0.993235 0.0100906 0.115678 -5.44992 -0.0111145 0.999905 0.00820979 -0.924099 -0.115584 -0.00943996 0.993253 81.2243 
0.987477 0.0103439 0.157421 -5.35843 -0.0117692 0.999898 0.0081242 -0.928215 -0.157321 -0.00987518 0.987498 81.6557 
0.979196 0.0100925 0.202665 -5.24665 -0.0119754 0.999896 0.00806667 -0.934345 -0.202562 -0.0103258 0.979215 82.0741 
0.967701 0.0122702 0.251801 -5.11659 -0.0142431 0.99988 0.0060141 -0.943889 -0.251697 -0.00940627 0.96776 82.4773 
0.952235 0.0132707 0.305078 -4.9649 -0.0149297 0.999884 0.00310536 -0.952622 -0.305001 -0.00751175 0.952322 82.8622 
0.932482 0.0135819 0.360962 -4.78931 -0.0148974 0.999889 0.000862114 -0.959444 -0.36091 -0.0061813 0.93258 83.2299 
0.908192 0.0143443 0.418307 -4.59246 -0.01524 0.999883 -0.00119936 -0.964228 -0.418276 -0.00528577 0.908305 83.5807 
0.879168 0.014573 0.47629 -4.37331 -0.0147381 0.999886 -0.00338881 -0.968987 -0.476285 -0.00404028 0.879282 83.9113 
0.845709 0.0130442 0.533484 -4.13259 -0.0119139 0.999914 -0.00556223 -0.977882 -0.533511 -0.00165187 0.845792 84.2191 
0.808893 0.0126335 0.58782 -3.87218 -0.010762 0.99992 -0.00668098 -0.99035 -0.587858 -0.00092194 0.808964 84.5086 
0.768929 0.0112878 0.639235 -3.59437 -0.00994229 0.999934 -0.00569769 -1.00179 -0.639257 -0.00197434 0.768991 84.7827 
0.72598 0.0109387 0.687628 -3.30089 -0.0115754 0.999926 -0.0036857 -1.01033 -0.687618 -0.00528386 0.726053 85.042 
0.680597 0.00991995 0.732591 -2.9911 -0.0108578 0.999935 -0.00345286 -1.01813 -0.732578 -0.0056043 0.68066 85.2779 
0.633865 0.00859989 0.773396 -2.66713 -0.00771362 0.999959 -0.0047972 -1.0273 -0.773405 -0.00292491 0.633905 85.4893 
0.586877 0.00598568 0.809654 -2.32929 -0.00226946 0.999981 -0.00574773 -1.037 -0.809673 0.00153574 0.586879 85.6776 
0.539936 0.00804114 0.841667 -1.98741 -0.00428861 0.999968 -0.00680233 -1.04786 -0.841695 6.32481e-05 0.539954 85.8561 
0.492342 0.0109156 0.870334 -1.63996 -0.00823346 0.999935 -0.00788339 -1.05835 -0.870363 -0.00328454 0.492399 86.0224 
0.446689 0.013047 0.894594 -1.28445 -0.00897007 0.999909 -0.010104 -1.06785 -0.894644 -0.00351125 0.446765 86.1663 
0.404329 0.0104761 0.914554 -0.917631 -0.00162613 0.999941 -0.0107353 -1.07412 -0.914612 0.0028534 0.404322 86.2822 
0.364849 0.00296206 0.931062 -0.538313 0.0135316 0.999872 -0.0084835 -1.07729 -0.930968 0.0156939 0.364762 86.3748 
0.329529 -0.000662806 0.944145 -0.157687 0.0178163 0.999826 -0.00551639 -1.08045 -0.943977 0.0186389 0.329483 86.4689 
0.296343 0.00343736 0.955075 0.221249 0.0152906 0.999848 -0.00834291 -1.08794 -0.954959 0.0170761 0.296245 86.5688 
0.265138 0.0111045 0.964147 0.601531 0.00443574 0.999909 -0.0127363 -1.10286 -0.9642 0.00765357 0.265064 86.6733 
0.236737 0.0154365 0.971451 0.99326 -0.000244203 0.999875 -0.0158286 -1.12053 -0.971574 0.00350998 0.236711 86.7614 
0.21108 0.0171223 0.977319 1.39682 0.00108194 0.999842 -0.0177505 -1.136 -0.977468 0.00480418 0.211028 86.8295 
0.187749 0.0184766 0.982043 1.81182 0.00855668 0.999754 -0.0204457 -1.14664 -0.98218 0.0122417 0.187545 86.8825 
0.167704 0.0247965 0.985525 2.23343 0.0157024 0.99949 -0.0278199 -1.14664 -0.985712 0.0201406 0.167229 86.9276 
0.148031 0.0315696 0.988479 2.66378 0.0179007 0.999241 -0.034594 -1.1474 -0.988821 0.0228155 0.147354 86.9776 
0.130373 0.0323843 0.990936 3.11004 0.0154387 0.999279 -0.0346882 -1.16151 -0.991345 0.0198211 0.129779 87.0325 
0.114879 0.0279465 0.992986 3.573 0.0135202 0.999468 -0.029693 -1.18515 -0.993288 0.0168365 0.11444 87.0813 
0.100371 0.0246972 0.994644 4.04742 0.0138263 0.999561 -0.0262145 -1.2062 -0.994854 0.0163834 0.0999854 87.122 
0.0871408 0.022237 0.995948 4.53386 0.0162294 0.999586 -0.0237383 -1.2231 -0.996064 0.0182322 0.0867439 87.1542 
0.0755917 0.0214252 0.996909 5.03429 0.0200726 0.999534 -0.0230037 -1.23793 -0.996937 0.0217495 0.0751264 87.1808 
0.0654927 0.0220713 0.997609 5.54813 0.0232846 0.999449 -0.0236406 -1.25284 -0.997581 0.0247772 0.0649427 87.2051 
0.0576381 0.022614 0.998081 6.07716 0.0253463 0.999388 -0.0241073 -1.26812 -0.998016 0.0266872 0.0570296 87.2295 
0.052045 0.0229679 0.998381 6.62391 0.0270645 0.999336 -0.0244008 -1.28405 -0.998278 0.0282906 0.0513888 87.2534 
0.046497 0.024085 0.998628 7.18695 0.0282815 0.999277 -0.0254174 -1.30011 -0.998518 0.0294246 0.0457822 87.2758 
0.0405405 0.0247766 0.998871 7.76844 0.0288177 0.999248 -0.0259555 -1.31702 -0.998762 0.0298374 0.039796 87.2966 
0.0362461 0.0248237 0.999035 8.36804 0.0312837 0.999173 -0.0259621 -1.33512 -0.998853 0.0321945 0.0354395 87.3135 
0.0333424 0.0248061 0.999136 8.98628 0.0327923 0.999127 -0.0259002 -1.35386 -0.998906 0.0336276 0.0324998 87.3305 
0.0302846 0.0243623 0.999244 9.6221 0.0336515 0.999111 -0.0253789 -1.37311 -0.998975 0.0343947 0.0294379 87.3488 
0.0278865 0.0238048 0.999328 10.275 0.0357187 0.999054 -0.024795 -1.39281 -0.998973 0.0363862 0.0270099 87.3648 
0.0272686 0.0234916 0.999352 10.9442 0.0401698 0.998891 -0.0245768 -1.41237 -0.998821 0.0408139 0.0262947 87.377 
0.0283428 0.0231346 0.999331 11.629 0.0437136 0.998747 -0.0243608 -1.43323 -0.998642 0.0443748 0.0272959 87.3913 
0.0308009 0.0230719 0.999259 12.3296 0.0454722 0.998666 -0.0244598 -1.45389 -0.998491 0.0461919 0.0297106 87.4123 
0.0346709 0.023008 0.999134 13.0461 0.0479693 0.998544 -0.024659 -1.47533 -0.998247 0.0487827 0.0335167 87.4364 
0.0390275 0.022557 0.998984 13.78 0.0483729 0.99853 -0.0244366 -1.496 -0.998067 0.0492774 0.037879 87.4648 
0.0430593 0.0209399 0.998853 14.5295 0.0498313 0.998491 -0.0230805 -1.51714 -0.997829 0.050768 0.0419509 87.4975 
0.0470805 0.0193663 0.998703 15.2932 0.0497213 0.998527 -0.0217068 -1.53902 -0.997653 0.0506788 0.0460483 87.5359 
0.0512172 0.0172698 0.998538 16.0722 0.046655 0.998717 -0.0196659 -1.56148 -0.997597 0.047594 0.0503458 87.582 
0.0552504 0.0162292 0.998341 16.8619 0.045863 0.998771 -0.0187743 -1.58238 -0.997419 0.0468242 0.0544382 87.6321 
0.0592851 0.0171796 0.998093 17.6559 0.0431005 0.998875 -0.0197531 -1.60561 -0.99731 0.0441894 0.058478 87.6863 
0.0624362 0.0212695 0.997822 18.4528 0.0410121 0.998874 -0.0238582 -1.63263 -0.997206 0.0424124 0.0614935 87.7418 
0.0637089 0.0265311 0.997616 19.2531 0.0352188 0.998964 -0.0288161 -1.65994 -0.997347 0.0369707 0.0627085 87.8034 
0.0635167 0.0296161 0.997541 20.0593 0.0323166 0.998974 -0.0317164 -1.69079 -0.997457 0.0342517 0.0624944 87.8623 
0.0636097 0.0290712 0.997551 20.868 0.0299992 0.999068 -0.0310283 -1.72498 -0.997524 0.0318994 0.0626783 87.9199 
0.0635803 0.027227 0.997605 21.6803 0.0271843 0.99921 -0.0290033 -1.76151 -0.997606 0.0289632 0.0627899 87.9787 
0.0634279 0.0260683 0.997646 22.49 0.0281974 0.999213 -0.0279019 -1.79378 -0.997588 0.0299008 0.0626429 88.0328 
0.063888 0.0254101 0.997634 23.3001 0.0256658 0.999303 -0.0270962 -1.82771 -0.997627 0.0273362 0.0631914 88.0899 
0.0640118 0.0257346 0.997617 24.1078 0.0240704 0.999337 -0.0273234 -1.86188 -0.997659 0.0257621 0.0633499 88.1481 
0.06414 0.0263164 0.997594 24.9142 0.0211854 0.999391 -0.027726 -1.89548 -0.997716 0.0229128 0.0635434 88.2066 
0.0629413 0.0276654 0.997634 25.7177 0.0184134 0.999413 -0.0288765 -1.92903 -0.997847 0.0201874 0.062395 88.2642 
0.0601 0.0272579 0.99782 26.5224 0.01542 0.999482 -0.0282321 -1.96187 -0.998073 0.0170832 0.0596485 88.3204 
0.0562121 0.0259489 0.998082 27.3269 0.0129492 0.999559 -0.0267166 -1.99473 -0.998335 0.0144262 0.0558513 88.3722 
0.0513615 0.0235535 0.998402 28.1326 0.0109865 0.999648 -0.0241481 -2.02669 -0.99862 0.0122092 0.0510846 88.4191 
0.0450987 0.0215006 0.998751 28.9357 0.00881302 0.999721 -0.0219195 -2.05834 -0.998944 0.00979055 0.0448966 88.4606 
0.0377238 0.0217033 0.999052 29.733 0.00835249 0.999722 -0.0220332 -2.08947 -0.999253 0.00917575 0.0375321 88.4931 
0.0290439 0.0226905 0.999321 30.5272 0.00813699 0.999704 -0.0229357 -2.11832 -0.999545 0.0087976 0.0288507 88.5172 
0.0191368 0.0231048 0.99955 31.3197 0.0084941 0.999693 -0.0232707 -2.14624 -0.999781 0.0089356 0.0189346 88.5328 
0.00891732 0.0220796 0.999716 32.111 0.00965035 0.999708 -0.0221655 -2.17562 -0.999914 0.00984527 0.00870164 88.5392 
-0.00183767 0.0210855 0.999776 32.8993 0.00858281 0.999741 -0.021069 -2.20537 -0.999961 0.00854217 -0.00201817 88.5393 
-0.0128908 0.0202759 0.999711 33.6834 0.00996709 0.999747 -0.0201482 -2.23274 -0.999867 0.00970449 -0.0130897 88.5269 
-0.0238769 0.020611 0.999502 34.4628 0.0101646 0.999741 -0.0203731 -2.26107 -0.999663 0.00967306 -0.0240802 88.5078 
-0.034865 0.021209 0.999167 35.2382 0.0104295 0.999728 -0.020857 -2.28992 -0.999338 0.00969361 -0.0350767 88.4801 
-0.0455125 0.0222363 0.998716 36.0074 0.0100351 0.999712 -0.0218011 -2.3182 -0.998913 0.00903002 -0.0457225 88.4465 
-0.0557827 0.0232878 0.998171 36.7699 0.0109914 0.999682 -0.0227088 -2.34531 -0.998382 0.00970451 -0.0560209 88.4025 
-0.0652169 0.0239756 0.997583 37.5262 0.011832 0.99966 -0.023252 -2.37336 -0.997801 0.010287 -0.0654784 88.3512 
-0.0748135 0.0244358 0.996898 38.2736 0.0124983 0.999644 -0.0235652 -2.40292 -0.997119 0.0106966 -0.0750923 88.2932 
-0.0841119 0.0247269 0.996149 39.0139 0.01322 0.999632 -0.0236971 -2.43231 -0.996369 0.0111759 -0.0844078 88.2294 
-0.0927051 0.0242428 0.995398 39.7468 0.0143427 0.999632 -0.0230101 -2.46027 -0.99559 0.0121436 -0.0930188 88.1595 
-0.0999735 0.0230621 0.994723 40.4721 0.0161063 0.999638 -0.0215573 -2.4887 -0.99486 0.0138662 -0.100309 88.0833 
-0.105156 0.0213876 0.994226 41.1897 0.0188913 0.999631 -0.0195058 -2.51574 -0.994276 0.016731 -0.105522 88.0036 
-0.108938 0.0197834 0.993852 41.8959 0.0219014 0.999607 -0.0174973 -2.54116 -0.993807 0.0198606 -0.109328 87.922 
-0.111664 0.0186494 0.993571 42.5933 0.0234572 0.999595 -0.0161262 -2.56515 -0.993469 0.0215056 -0.112056 87.8427 
-0.113358 0.0177721 0.993395 43.2759 0.023748 0.999603 -0.0151732 -2.58835 -0.99327 0.0218711 -0.113735 87.7643 
-0.114131 0.0181919 0.993299 43.9438 0.0245351 0.999579 -0.0154878 -2.61135 -0.993163 0.0226031 -0.114529 87.6881 
-0.113156 0.0191944 0.993392 44.5956 0.0253507 0.999544 -0.0164256 -2.63421 -0.993254 0.0233245 -0.113591 87.6126 
-0.110202 0.0208 0.993692 45.229 0.0263147 0.999492 -0.0180031 -2.65692 -0.993561 0.0241647 -0.110693 87.5431 
-0.10501 0.0213068 0.994243 45.8468 0.0263919 0.999478 -0.0186316 -2.67888 -0.994121 0.0242834 -0.105517 87.481 
-0.0969633 0.0220203 0.995044 46.4455 0.0259322 0.999472 -0.0195913 -2.70152 -0.99495 0.023904 -0.0974831 87.4281 
-0.0857981 0.0219492 0.996071 47.0245 0.0248887 0.999493 -0.0198808 -2.7247 -0.996002 0.0230852 -0.0863009 87.386 
-0.072053 0.0222334 0.997153 47.5839 0.0241249 0.999498 -0.0205424 -2.74788 -0.997109 0.0225761 -0.0725532 87.3553 
-0.0548037 0.0235791 0.998219 48.1268 0.0232938 0.999479 -0.02233 -2.77028 -0.998225 0.0220285 -0.0553244 87.3375 
-0.0334831 0.0261014 0.999098 48.6582 0.0217033 0.999442 -0.025383 -2.79308 -0.999204 0.0208338 -0.0340309 87.3334 
-0.00881643 0.0290846 0.999538 49.1857 0.0197598 0.999387 -0.0289059 -2.81687 -0.999766 0.0194959 -0.00938573 87.3453 
0.0195408 0.0308303 0.999334 49.7107 0.017934 0.999353 -0.0311815 -2.84029 -0.999648 0.0185313 0.0189752 87.3742 
0.0527545 0.0303536 0.998146 50.2356 0.015807 0.999387 -0.0312268 -2.8619 -0.998482 0.017425 0.0522423 87.4217 
0.0909236 0.0279553 0.995465 50.7568 0.0147224 0.999459 -0.0294121 -2.88353 -0.995749 0.0173299 0.0904628 87.4887 
0.133038 0.0241479 0.990817 51.2739 0.0124016 0.999584 -0.0260268 -2.90795 -0.991033 0.0157503 0.132684 87.5813 
0.178173 0.0198161 0.9838 51.7865 0.00981538 0.999712 -0.0219142 -2.93081 -0.98395 0.0135609 0.177927 87.7017 
0.226375 0.0165547 0.9739 52.2859 0.00528232 0.99982 -0.0182231 -2.95154 -0.974026 0.00926969 0.226246 87.8508 
0.277636 0.015069 0.960568 52.7734 0.00163784 0.999868 -0.0161589 -2.9697 -0.960685 0.00605956 0.277575 88.027 
0.332142 0.0147834 0.943113 53.2455 0.00089122 0.999872 -0.0159869 -2.98609 -0.943229 0.00615046 0.332086 88.2282 
0.389873 0.0152491 0.920742 53.6952 0.00305588 0.999836 -0.017853 -3.003 -0.920864 0.00977409 0.389763 88.4536 
0.449375 0.018493 0.893152 54.1204 0.00398683 0.999734 -0.0227058 -3.02162 -0.893334 0.0137642 0.449182 88.7068 
0.508893 0.021552 0.86056 54.52 0.0053379 0.999588 -0.0281904 -3.04055 -0.860813 0.0189395 0.508569 88.9814 
0.567019 0.0255796 0.823308 54.8969 0.00148213 0.999484 -0.032074 -3.05662 -0.823704 0.0194068 0.566688 89.2873 
0.622782 0.0281092 0.78189 55.2458 -0.00197083 0.999408 -0.0343593 -3.07326 -0.782393 0.0198574 0.622469 89.6181 
0.675622 0.0286489 0.736692 55.573 -0.00322777 0.99935 -0.0359031 -3.09113 -0.737242 0.0218791 0.675275 89.9686 
0.724655 0.026292 0.688611 55.8733 -0.00316311 0.999388 -0.0348292 -3.11166 -0.689105 0.023061 0.724294 90.3379 
0.769784 0.0228351 0.637896 56.1502 -0.00522434 0.999552 -0.029477 -3.1289 -0.638283 0.0193584 0.769558 90.735 
0.811016 0.0176624 0.584758 56.4005 -0.0056033 0.999733 -0.0224252 -3.14382 -0.584998 0.0149106 0.810898 91.1521 
0.84754 0.0148945 0.530522 56.6212 -0.00758697 0.999844 -0.0159501 -3.15804 -0.530677 0.00949331 0.847521 91.5818 
0.878733 0.0111736 0.477182 56.8205 -0.00806489 0.999931 -0.0085626 -3.17068 -0.477245 0.00367582 0.878763 92.024 
0.904349 0.0116054 0.426637 56.9882 -0.0113836 0.99993 -0.00307013 -3.1831 -0.426643 -0.00208021 0.904418 92.4733 
0.924506 0.01339 0.380933 57.1338 -0.0146853 0.999892 0.000493806 -3.19495 -0.380885 -0.00605063 0.924603 92.9293 
0.939773 0.0192508 0.341256 57.2587 -0.0216374 0.999761 0.00318838 -3.20244 -0.341113 -0.0103803 0.939965 93.3962 
0.95166 0.0234949 0.306254 57.3738 -0.0253601 0.999676 0.00211244 -3.20326 -0.306105 -0.00977696 0.951948 93.8682 
0.960949 0.0254417 0.275552 57.4869 -0.0270997 0.99963 0.00221051 -3.20362 -0.275394 -0.00959157 0.961283 94.348 
0.9671 0.0199329 0.253615 57.606 -0.0211951 0.999773 0.00224515 -3.20691 -0.253512 -0.00754667 0.967303 94.8322 
0.971092 0.0169086 0.238106 57.7169 -0.0181393 0.999831 0.00297846 -3.21474 -0.238015 -0.00721143 0.971235 95.3234 
0.974014 0.0211023 0.225502 57.8149 -0.0222711 0.999748 0.00264029 -3.21779 -0.225389 -0.00759384 0.974239 95.824 
0.976035 0.02664 0.215975 57.9075 -0.0279632 0.999604 0.00307238 -3.21656 -0.215808 -0.00903811 0.976394 96.3326 
0.977093 0.0342586 0.210036 58.0009 -0.0354021 0.999372 0.001686 -3.21652 -0.209847 -0.00908312 0.977692 96.8516 
0.977492 0.0400938 0.207128 58.0972 -0.0405857 0.999174 -0.0018754 -3.22194 -0.207033 -0.00657327 0.978312 97.3754 
0.977609 0.0414502 0.206305 58.2055 -0.0414556 0.999131 -0.0042982 -3.23303 -0.206304 -0.00435055 0.978478 97.9074 
0.977157 0.0400258 0.208716 58.3235 -0.0392479 0.999199 -0.00786921 -3.24205 -0.208864 -0.000502209 0.977945 98.449 
0.976341 0.03873 0.21274 58.4446 -0.0365265 0.999231 -0.01428 -3.24824 -0.213129 0.00617149 0.977005 98.9973 
0.975431 0.0389785 0.216831 58.5726 -0.0356801 0.999181 -0.0191076 -3.25484 -0.217398 0.0109016 0.976022 99.5665 
0.974243 0.04388 0.221191 58.6951 -0.0407758 0.998996 -0.0185829 -3.26651 -0.221785 0.00908501 0.975053 100.141 
0.972801 0.0469209 0.226839 58.8247 -0.0447723 0.99889 -0.0146107 -3.27862 -0.227273 0.00405726 0.973823 100.736 
0.971783 0.0440584 0.231724 58.9663 -0.042915 0.999029 -0.00997521 -3.2917 -0.231938 -0.000250686 0.97273 101.339 
0.971055 0.0396789 0.235539 59.1223 -0.0397618 0.9992 -0.00439935 -3.30324 -0.235525 -0.00509345 0.971855 101.96 
0.970262 0.0371261 0.239192 59.2771 -0.0382965 0.999266 0.000245655 -3.31275 -0.239007 -0.00939856 0.970972 102.586 
0.969691 0.0326014 0.24215 59.4369 -0.0338183 0.999428 0.00086962 -3.31854 -0.241983 -0.00903238 0.970238 103.22 
0.96973 0.029169 0.242429 59.6019 -0.029514 0.999562 -0.00220926 -3.32698 -0.242387 -0.00501268 0.970167 103.859 
0.969855 0.0285601 0.242005 59.7637 -0.0271366 0.999589 -0.00921382 -3.33644 -0.242169 0.00236885 0.970231 104.508 
0.969987 0.0309252 0.241181 59.9225 -0.0279213 0.999484 -0.0158631 -3.34589 -0.241547 0.00865295 0.97035 105.17 
0.970543 0.0339417 0.238525 60.0823 -0.0301176 0.999353 -0.0196597 -3.35412 -0.239038 0.0118968 0.970937 105.849 
0.971185 0.0322699 0.236132 60.2488 -0.0294694 0.999447 -0.0153808 -3.36557 -0.236498 0.00797892 0.971599 106.547 
0.971644 0.0281443 0.234769 60.4206 -0.027093 0.999603 -0.00770287 -3.38001 -0.234892 0.00112386 0.972021 107.259 
0.972219 0.0285043 0.23233 60.5882 -0.0288669 0.999582 -0.00183972 -3.39585 -0.232285 -0.00491805 0.972635 107.981 
0.972531 0.0318851 0.23058 60.7502 -0.0321643 0.999479 -0.00254915 -3.40709 -0.230542 -0.00493733 0.97305 108.709 
0.972828 0.0375859 0.22846 60.909 -0.0369219 0.999292 -0.00718115 -3.41605 -0.228568 -0.00144916 0.973527 109.446 
0.973713 0.038446 0.224512 61.0758 -0.0365649 0.999253 -0.012532 -3.42506 -0.224826 0.00399326 0.974391 110.192 
0.974664 0.0372523 0.22055 61.2454 -0.0347068 0.999279 -0.0154067 -3.43723 -0.220965 0.00736179 0.975254 110.952 
0.975602 0.0349761 0.216743 61.4152 -0.0327469 0.999367 -0.0138692 -3.45276 -0.217091 0.00643319 0.97613 111.726 
0.97647 0.0310848 0.213401 61.5871 -0.0292425 0.999503 -0.0117854 -3.47012 -0.213661 0.00526771 0.976894 112.511 
0.976876 0.0301106 0.211675 61.7559 -0.0288668 0.999543 -0.00896423 -3.48703 -0.211849 0.00264654 0.977299 113.307 
0.977242 0.0268152 0.210428 61.9296 -0.0259937 0.99964 -0.00666895 -3.49958 -0.210531 0.00104737 0.977587 114.11 
0.977468 0.0217172 0.209965 62.1064 -0.0210355 0.999764 -0.00547995 -3.51188 -0.210034 0.000939764 0.977694 114.919 
0.977588 0.0224672 0.209324 62.2777 -0.0221525 0.999747 -0.00384792 -3.52473 -0.209358 -0.000875377 0.977839 115.736 
0.977342 0.027954 0.209812 62.442 -0.0273521 0.999609 -0.0057708 -3.53814 -0.209891 -9.87492e-05 0.977725 116.557 
0.977065 0.0335734 0.21028 62.6072 -0.0323922 0.999434 -0.00905989 -3.55158 -0.210465 0.00204067 0.977599 117.382 
0.97655 0.0424471 0.211064 62.773 -0.0411215 0.999097 -0.0106678 -3.56472 -0.211327 0.00173835 0.977414 118.215 
0.97562 0.0483893 0.214066 62.9406 -0.0473278 0.998829 -0.0100842 -3.58092 -0.214303 -0.000292947 0.976767 119.055 
0.974831 0.0508497 0.21707 63.1157 -0.0503037 0.998702 -0.00804369 -3.59965 -0.217198 -0.00307822 0.976123 119.899 
0.974232 0.0514402 0.219605 63.299 -0.0507205 0.998673 -0.00891812 -3.61656 -0.219772 -0.00245016 0.975548 120.742 
0.973877 0.0500374 0.221496 63.4861 -0.0486587 0.998747 -0.0116804 -3.63318 -0.221802 0.000597617 0.975091 121.583 
0.973917 0.0437131 0.222653 63.6846 -0.0424994 0.999044 -0.0102419 -3.65183 -0.222887 0.000512194 0.974844 122.426 
0.974117 0.0371264 0.222976 63.884 -0.0354069 0.999304 -0.0117059 -3.67366 -0.223256 0.00350802 0.974754 123.269 
0.973828 0.0365284 0.22433 64.0757 -0.0348103 0.999326 -0.0116099 -3.69619 -0.224603 0.00349703 0.974444 124.111 
0.973344 0.0391682 0.22598 64.2646 -0.0381761 0.999233 -0.00876038 -3.71317 -0.22615 -0.00010016 0.974093 124.955 
0.972959 0.0413148 0.227251 64.4508 -0.0417072 0.999125 -0.00307697 -3.72757 -0.22718 -0.00648426 0.973831 125.801 
0.972559 0.0447888 0.228305 64.6377 -0.0462736 0.998928 0.00115236 -3.74541 -0.228009 -0.0116852 0.973589 126.642 
0.97234 0.0441515 0.22936 64.8273 -0.0441076 0.999013 -0.00532021 -3.76296 -0.229368 -0.00494345 0.973327 127.47 
0.97261 0.0399713 0.228982 65.0234 -0.0364457 0.999143 -0.0196068 -3.78385 -0.229569 0.0107243 0.973233 128.285 
0.972874 0.0378689 0.228215 65.2206 -0.0321917 0.999074 -0.0285491 -3.80552 -0.229085 0.0204281 0.973192 129.103 
0.973113 0.0349888 0.227653 65.4144 -0.0313641 0.999317 -0.0195212 -3.82404 -0.228181 0.0118562 0.973547 129.941 
0.973518 0.0284774 0.226831 65.6095 -0.0295478 0.999562 0.00132392 -3.84594 -0.226694 -0.0079912 0.973933 130.788 
0.973793 0.0250551 0.226052 65.8019 -0.0295403 0.999428 0.0164802 -3.86669 -0.22551 -0.022726 0.973976 131.627 
0.97382 0.0296598 0.225376 65.9791 -0.0329399 0.999399 0.0108064 -3.87586 -0.22492 -0.0179473 0.974212 132.444 
0.973964 0.0380013 0.223494 66.1497 -0.0377844 0.999272 -0.00524853 -3.88104 -0.223531 -0.00333272 0.974691 133.249 
0.974245 0.0382058 0.222232 66.3287 -0.0362003 0.999259 -0.0130924 -3.8885 -0.222567 0.00471035 0.974906 134.059 
0.974855 0.0341589 0.220205 66.5127 -0.0319047 0.999396 -0.013786 -3.9103 -0.220543 0.00641378 0.975356 134.874 
0.97546 0.0338791 0.217554 66.6892 -0.0320197 0.999414 -0.0120672 -3.93739 -0.217836 0.00480503 0.975974 135.693 
0.976274 0.0334828 0.213932 66.8595 -0.0313461 0.999419 -0.0133732 -3.95396 -0.214256 0.00635 0.976757 136.508 
0.97728 0.0345551 0.209114 67.0276 -0.0321295 0.999371 -0.0149864 -3.97369 -0.209501 0.00792722 0.977776 137.319 
0.977691 0.0396685 0.206268 67.1829 -0.037389 0.999189 -0.0149387 -3.99842 -0.206693 0.00689327 0.978382 138.129 
0.977842 0.0457988 0.204271 67.3337 -0.0436008 0.998933 -0.0152503 -4.01728 -0.204752 0.00600596 0.978796 138.939 
0.978142 0.0472036 0.202507 67.4904 -0.0454534 0.998878 -0.0132871 -4.03972 -0.202907 0.00379204 0.979191 139.747 
0.978466 0.0450953 0.201423 67.651 -0.0443148 0.998982 -0.00838464 -4.06074 -0.201596 -0.000721948 0.979468 140.555 
0.978819 0.0437133 0.200006 67.8098 -0.0429083 0.999044 -0.00835961 -4.08078 -0.20018 -0.000399387 0.979759 141.357 
0.979418 0.0421047 0.197401 67.9668 -0.0406778 0.999109 -0.0112795 -4.10189 -0.1977 0.00301751 0.980258 142.152 
0.980577 0.0373895 0.192536 68.1252 -0.0351506 0.999269 -0.0150324 -4.12208 -0.192957 0.00797268 0.981175 142.946 
0.981931 0.0346061 0.18605 68.2767 -0.0321834 0.999353 -0.0160272 -4.14017 -0.186484 0.00974985 0.98241 143.74 
0.983169 0.0328593 0.179719 68.4189 -0.031457 0.999448 -0.0106477 -4.15841 -0.17997 0.00481506 0.98366 144.542 
0.984309 0.0302291 0.173844 68.5553 -0.0303036 0.999538 -0.00222641 -4.17526 -0.173831 -0.00307663 0.984771 145.348 
0.985038 0.0272416 0.170171 68.6929 -0.0288828 0.999557 0.00717576 -4.18596 -0.169901 -0.0119834 0.985388 146.152 
0.985505 0.0339099 0.166222 68.8114 -0.0360478 0.999301 0.00986109 -4.19459 -0.165772 -0.0157101 0.986039 146.952 
0.986191 0.0367702 0.161476 68.9289 -0.0381286 0.999259 0.005321 -4.20308 -0.16116 -0.0114044 0.986862 147.746 
0.987356 0.0373908 0.154043 69.0486 -0.0370874 0.9993 -0.00484351 -4.21124 -0.154117 -0.000930803 0.988052 148.537 
0.988458 0.0342308 0.147577 69.1668 -0.0330704 0.9994 -0.0103103 -4.21678 -0.147842 0.00531088 0.988997 149.334 
0.989446 0.0333929 0.140999 69.2766 -0.0324198 0.999432 -0.00919349 -4.22936 -0.141226 0.00452531 0.989967 150.144 
0.990246 0.0400079 0.133461 69.3696 -0.0396022 0.999199 -0.00569426 -4.24714 -0.133582 0.00035337 0.991038 150.961 
0.991055 0.0454906 0.125458 69.453 -0.044957 0.998964 -0.00708224 -4.26312 -0.12565 0.00137866 0.992074 151.775 
0.992162 0.0481781 0.115293 69.5374 -0.047014 0.998812 -0.012796 -4.27804 -0.115772 0.00727532 0.993249 152.586 
0.993176 0.0467902 0.106826 69.62 -0.0454362 0.998853 -0.0150745 -4.29314 -0.107409 0.0101178 0.994163 153.403 
0.994005 0.0468274 0.0988023 69.6943 -0.0458483 0.998874 -0.0121576 -4.3093 -0.0992604 0.00755475 0.995033 154.226 
0.994603 0.0494548 0.0912094 69.7563 -0.0492092 0.998776 -0.00494118 -4.327 -0.0913422 0.000426177 0.995819 155.056 
0.99513 0.0528661 0.0831985 69.8099 -0.0531237 0.998588 0.000884411 -4.33912 -0.0830342 -0.00529991 0.996533 155.886 
0.995777 0.051817 0.0757809 69.8643 -0.0522924 0.998623 0.00430086 -4.34815 -0.0754537 -0.00824546 0.997115 156.712 
0.996183 0.05265 0.0696231 69.9139 -0.0532277 0.998561 0.0064675 -4.35484 -0.0691825 -0.0101487 0.997552 157.537 
0.996518 0.051738 0.0653798 69.9613 -0.0521574 0.998628 0.00472327 -4.36342 -0.0650457 -0.00811687 0.997849 158.357 
0.996551 0.0566054 0.0606823 69.998 -0.0566685 0.998393 -0.000681936 -4.37249 -0.0606234 -0.00275919 0.998157 159.172 
0.996416 0.062612 0.0568708 70.0271 -0.062296 0.998031 -0.00731353 -4.38331 -0.0572167 0.0037445 0.998355 159.987 
0.996502 0.063874 0.0538808 70.0594 -0.063448 0.997939 -0.00958164 -4.39319 -0.0543818 0.00612949 0.998501 160.804 
0.996552 0.065509 0.0509157 70.0924 -0.0654161 0.997852 -0.00349007 -4.40414 -0.0510349 0.000147328 0.998697 161.632 
0.996496 0.0676234 0.0492197 70.1193 -0.0680457 0.997658 0.00695351 -4.41173 -0.0486342 -0.0102783 0.998764 162.462 
0.996559 0.0688747 0.0461035 70.1465 -0.0695985 0.997473 0.0142808 -4.41992 -0.0450034 -0.0174404 0.998835 163.289 
0.997004 0.0655395 0.041074 70.176 -0.06605 0.997753 0.011198 -4.42712 -0.0402478 -0.0138774 0.999093 164.101 
0.99796 0.0533249 0.0350966 70.2131 -0.053405 0.998572 0.00134829 -4.43279 -0.0349745 -0.00321987 0.999383 164.906 
0.998307 0.0510349 0.0278931 70.2377 -0.0509646 0.998695 -0.00322578 -4.4332 -0.0280214 0.00179875 0.999606 165.716 
0.998268 0.0548913 0.0211615 70.2419 -0.0548652 0.998492 -0.00181204 -4.44045 -0.0212291 0.000647867 0.999774 166.537 
0.99851 0.0528286 0.0136603 70.2462 -0.0528959 0.998589 0.00461632 -4.45087 -0.0133972 -0.00533202 0.999896 167.364 
0.998855 0.0474463 0.00615982 70.2546 -0.0474964 0.998837 0.00826278 -4.45715 -0.00576062 -0.00854589 0.999947 168.193 
0.999253 0.0386502 0.000509664 70.2588 -0.0386535 0.999175 0.0124201 -4.45533 -2.9203e-05 -0.0124306 0.999923 169.024 
0.999389 0.0344885 -0.00574463 70.2549 -0.0344147 0.999329 0.0124993 -4.46023 0.00617186 -0.0122939 0.999905 169.852 
0.999436 0.0313042 -0.0121461 70.2423 -0.031236 0.999495 0.00576431 -4.46823 0.0123204 -0.00538166 0.99991 170.674 
0.999558 0.0222309 -0.019741 70.2315 -0.0223196 0.999742 -0.00428748 -4.47277 0.0196406 0.00472619 0.999796 171.493 
0.999577 0.0120652 -0.0264657 70.223 -0.0122884 0.99989 -0.00828644 -4.47865 0.0263629 0.00860816 0.999615 172.32 
0.999335 0.0158199 -0.0328515 70.189 -0.0158534 0.999874 -0.000758219 -4.48685 0.0328354 0.00127852 0.99946 173.161 
0.998939 0.0264898 -0.037671 70.136 -0.0260347 0.999583 0.0125199 -4.49183 0.037987 -0.0115258 0.999212 174.008 
0.998613 0.0314845 -0.0421992 70.086 -0.0306495 0.999324 0.0202916 -4.49822 0.0428096 -0.0189701 0.998903 174.852 
0.998466 0.0309314 -0.0459285 70.0397 -0.0301621 0.999394 0.0173486 -4.49811 0.0464373 -0.0159367 0.998794 175.686 
0.998314 0.0325458 -0.048063 69.9897 -0.0322651 0.999458 0.00660471 -4.49709 0.0482519 -0.00504281 0.998822 176.512 
0.997762 0.0431935 -0.051049 69.926 -0.0433789 0.999055 -0.00252953 -4.49907 0.0508916 0.00473832 0.998693 177.341 
0.997715 0.0415396 -0.0532826 69.8747 -0.0419241 0.999102 -0.00611706 -4.50632 0.0529807 0.00833691 0.998561 178.178 
0.997794 0.036227 -0.0556327 69.8346 -0.0363531 0.999338 -0.00125559 -4.5159 0.0555504 0.00327524 0.998451 179.026 
0.9978 0.0365094 -0.0553446 69.7829 -0.0361461 0.999318 0.00755142 -4.52292 0.0555825 -0.00553432 0.998439 179.882 
0.997756 0.0383695 -0.0548779 69.7257 -0.0377044 0.999203 0.0131061 -4.52812 0.055337 -0.0110076 0.998407 180.735 
0.997663 0.0382738 -0.0565994 69.6721 -0.0376359 0.999216 0.012294 -4.53208 0.0570256 -0.0101351 0.998321 181.582 
0.997651 0.0349986 -0.0588923 69.6194 -0.0348674 0.999387 0.00325383 -4.53817 0.05897 -0.00119277 0.998259 182.421 
0.997822 0.0242521 -0.0613506 69.579 -0.0248071 0.999658 -0.00830004 -4.54798 0.0611283 0.00980388 0.998082 183.257 
0.997888 0.0138562 -0.0634553 69.538 -0.0146699 0.999816 -0.0123739 -4.559 0.0632721 0.0132787 0.997908 184.1 
0.997789 0.016537 -0.0643709 69.4771 -0.0170721 0.999824 -0.0077708 -4.57222 0.0642311 0.00885256 0.997896 184.951 
0.997605 0.0225817 -0.0653721 69.41 -0.0224322 0.999744 0.00302066 -4.58702 0.0654236 -0.00154699 0.997856 185.803 
0.997484 0.0236468 -0.0668294 69.3476 -0.0232552 0.999708 0.00663189 -4.60234 0.0669667 -0.00506107 0.997742 186.647 
0.997444 0.0226146 -0.0677838 69.2896 -0.0224688 0.999743 0.00291282 -4.61183 0.0678323 -0.00138236 0.997696 187.481 
0.99745 0.0228252 -0.0676204 69.2273 -0.0231026 0.999728 -0.00332231 -4.61895 0.0675262 0.00487604 0.997706 188.311 
0.997246 0.029503 -0.0680388 69.1564 -0.0298234 0.999548 -0.00369816 -4.62854 0.0678989 0.00571713 0.997676 189.143 
0.997139 0.0322925 -0.0683472 69.0904 -0.0324102 0.999474 -0.000614636 -4.64223 0.0682914 0.00282803 0.997661 189.977 
0.996957 0.0361165 -0.069082 69.0233 -0.036022 0.999348 0.00261381 -4.65489 0.0691314 -0.000117386 0.997608 190.808 
0.996821 0.039663 -0.0690964 68.9565 -0.0393828 0.99921 0.00541439 -4.66332 0.0692565 -0.00267597 0.997595 191.636 
