1 0 -0 0 -0 1 0 0 0 -0 1 -0 
0.999998 0.00070866 0.00169857 -0.0057372 -0.000707071 0.999999 -0.000935955 -0.0209557 -0.00169923 0.000934753 0.999998 1.21087 
0.999995 0.00105525 0.00312739 -0.00942426 -0.00105381 0.999999 -0.000461104 -0.0422961 -0.00312788 0.000457806 0.999995 2.42257 
0.999991 0.000436162 0.00418372 -0.0103696 -0.000435739 1 -0.00010184 -0.0645242 -0.00418376 0.000100016 0.999991 3.6343 
0.999987 0.000112926 0.00503999 -0.0110227 -0.000112593 1 -6.63598e-05 -0.0858556 -0.00504 6.57915e-05 0.999987 4.84389 
0.999982 -0.000224667 0.0060294 -0.0108915 0.000224444 1 3.76003e-05 -0.108208 -0.00602941 -3.62464e-05 0.999982 6.05329 
0.999977 6.49274e-05 0.00683953 -0.00972551 -5.8863e-05 1 -0.000886865 -0.131121 -0.00683958 0.000886442 0.999976 7.26143 
0.999971 -0.000250174 0.00760938 -0.00705195 0.000259622 0.999999 -0.00124063 -0.153152 -0.00760906 0.00124257 0.99997 8.46944 
0.99997 -0.000673483 0.00773587 -0.00403806 0.00067158 1 0.000248554 -0.174438 -0.00773603 -0.000243352 0.99997 9.67787 
0.999978 -0.00133921 0.00647072 -0.00210988 0.00133148 0.999998 0.00119954 -0.196991 -0.00647232 -0.0011909 0.999978 10.8844 
0.999989 -0.00245574 0.00404217 -0.00122703 0.0024527 0.999997 0.000755872 -0.21819 -0.00404401 -0.00074595 0.999992 12.0867 
0.999996 -0.00214025 0.00193558 -0.00489658 0.00213966 0.999998 0.000303496 -0.238746 -0.00193622 -0.000299354 0.999998 13.2875 
0.999998 -0.00182321 0.000665769 -0.0110838 0.00182311 0.999998 0.000149389 -0.259478 -0.00066604 -0.000148175 1 14.4895 
1 -0.00033964 -0.000148437 -0.0200321 0.000339642 1 1.10402e-05 -0.281118 0.000148434 -1.10906e-05 1 15.6909 
1 -0.000640304 -0.000664422 -0.0276437 0.000640352 1 7.27904e-05 -0.302008 0.000664375 -7.32159e-05 1 16.8935 
0.999999 -0.00118882 -0.00116069 -0.0354863 0.00118944 0.999999 0.000537144 -0.323261 0.00116005 -0.000538524 0.999999 18.097 
0.999997 -0.00162923 -0.00161668 -0.0437367 0.0016304 0.999998 0.000722424 -0.344372 0.0016155 -0.000725058 0.999998 19.3 
0.999996 -0.00139525 -0.00228435 -0.0534168 0.00139477 0.999999 -0.000211579 -0.366003 0.00228464 0.000208392 0.999997 20.5034 
0.999995 -0.0017208 -0.00282092 -0.0634195 0.00171776 0.999998 -0.00107833 -0.386967 0.00282276 0.00107348 0.999995 21.7066 
0.999993 -0.000983011 -0.00359336 -0.0754276 0.000981045 0.999999 -0.000548974 -0.40871 0.0035939 0.000545445 0.999993 22.9124 
0.99999 -0.00108364 -0.00434562 -0.0875296 0.00108068 0.999999 -0.000685025 -0.431938 0.00434636 0.000680322 0.99999 24.1172 
0.999986 -0.00117299 -0.00520706 -0.100688 0.00116589 0.999998 -0.0013669 -0.455099 0.00520866 0.00136081 0.999986 25.321 
0.999981 -0.00077844 -0.00605621 -0.115145 0.000774027 0.999999 -0.000731054 -0.47655 0.00605678 0.000726353 0.999981 26.527 
0.999975 -0.00213989 -0.00681091 -0.128416 0.00214698 0.999997 0.00103394 -0.498439 0.00680867 -0.00104854 0.999976 27.7341 
0.999968 -0.00241488 -0.00764783 -0.143421 0.00242329 0.999996 0.00109086 -0.51877 0.00764517 -0.00110936 0.99997 28.9399 
0.99996 -0.00315751 -0.00839801 -0.159397 0.00315938 0.999995 0.000209702 -0.539341 0.00839731 -0.000236226 0.999965 30.1452 
0.99995 -0.0036741 -0.0093346 -0.175895 0.00366644 0.999993 -0.000837713 -0.560168 0.00933761 0.000803446 0.999956 31.3485 
0.999944 -0.003178 -0.0100675 -0.194804 0.00316988 0.999995 -0.000822213 -0.582124 0.0100701 0.000790254 0.999949 32.5532 
0.999936 -0.00380317 -0.010644 -0.214485 0.00380046 0.999993 -0.000274541 -0.605042 0.010645 0.000234071 0.999943 33.759 
0.999928 -0.00414997 -0.0112773 -0.234539 0.00415029 0.999991 4.93886e-06 -0.627428 0.0112772 -5.17425e-05 0.999936 34.9648 
0.999919 -0.00473263 -0.0117839 -0.255134 0.00473168 0.999989 -0.000108306 -0.649526 0.0117843 5.254e-05 0.999931 36.1715 
0.999914 -0.00484848 -0.0122237 -0.276439 0.00484693 0.999988 -0.000156682 -0.670659 0.0122243 9.74208e-05 0.999925 37.3793 
0.999907 -0.00572815 -0.0123582 -0.297101 0.00573405 0.999983 0.000442003 -0.692219 0.0123554 -0.000512824 0.999924 38.5881 
0.99991 -0.00544645 -0.0122248 -0.318747 0.00546812 0.999984 0.00174044 -0.71377 0.0122151 -0.00180713 0.999924 39.7972 
0.999913 -0.00498173 -0.0121962 -0.340395 0.00501358 0.999984 0.00258267 -0.734469 0.0121831 -0.00264359 0.999922 41.0077 
0.999916 -0.00427796 -0.0121959 -0.362064 0.00430415 0.999988 0.00212167 -0.754332 0.0121867 -0.00217399 0.999923 42.2158 
0.999923 -0.00323137 -0.012003 -0.384833 0.00325705 0.999992 0.00212074 -0.772547 0.011996 -0.00215967 0.999926 43.4256 
0.999935 -0.000541075 -0.0114081 -0.408532 0.000585953 0.999992 0.00393095 -0.790581 0.0114058 -0.00393737 0.999927 44.6379 
0.999952 -0.000503302 -0.00981867 -0.428009 0.000571801 0.999976 0.0069748 -0.806889 0.00981492 -0.00698008 0.999927 45.851 
0.999968 8.40458e-05 -0.00802502 -0.446097 -5.40723e-06 0.999952 0.00979869 -0.819665 0.00802546 -0.00979833 0.99992 47.0653 
0.999979 0.000527957 -0.0064127 -0.462349 -0.000443864 0.999914 0.0131078 -0.827636 0.00641907 -0.0131047 0.999894 48.28 
0.999987 -0.000146733 -0.00508335 -0.475091 0.000220125 0.999896 0.0144402 -0.835375 0.00508071 -0.0144411 0.999883 49.4946 
0.999992 -0.00197673 -0.00355323 -0.484042 0.00202245 0.999915 0.0129093 -0.839273 0.0035274 -0.0129164 0.99991 50.7069 
0.999997 -0.000953351 -0.00246382 -0.494456 0.000980749 0.999937 0.0111431 -0.844608 0.00245304 -0.0111455 0.999935 51.9198 
0.999998 -0.000589495 -0.00167675 -0.504962 0.000607509 0.999942 0.0107633 -0.852932 0.00167031 -0.0107643 0.999941 53.134 
0.999998 -0.00101699 -0.00166752 -0.512415 0.00103411 0.999946 0.0102996 -0.862103 0.00165696 -0.0103013 0.999946 54.3498 
0.999995 -0.00187545 -0.00247137 -0.521516 0.00189818 0.999956 0.00922822 -0.871932 0.00245396 -0.00923287 0.999954 55.5654 
0.99999 -0.00158268 -0.00414015 -0.533511 0.00162248 0.999952 0.00962771 -0.881017 0.00412472 -0.00963433 0.999945 56.7828 
0.999983 -0.00162917 -0.00551302 -0.547052 0.00168892 0.99994 0.0108492 -0.890623 0.00549501 -0.0108583 0.999926 58.0015 
0.999977 -0.00171403 -0.00656013 -0.562304 0.00178696 0.999936 0.0111282 -0.899513 0.00654064 -0.0111396 0.999917 59.2169 
0.999972 -0.000700825 -0.00742261 -0.579781 0.000781453 0.999941 0.0108653 -0.908496 0.00741455 -0.0108708 0.999913 60.431 
0.999968 -0.000346141 -0.00802374 -0.597017 0.000432178 0.999942 0.0107235 -0.917825 0.00801957 -0.0107266 0.99991 61.6445 
0.999965 -0.00126627 -0.00821518 -0.613524 0.00134967 0.999948 0.0101547 -0.927323 0.00820189 -0.0101654 0.999915 62.8561 
0.999961 -0.00241592 -0.00845448 -0.629271 0.00249358 0.999955 0.00918772 -0.93802 0.0084319 -0.00920845 0.999922 64.0657 
0.999957 -0.00275087 -0.00881409 -0.64639 0.00284283 0.999941 0.0104377 -0.947619 0.00878486 -0.0104623 0.999907 65.2762 
0.999955 -0.00296325 -0.00905824 -0.664613 0.00307139 0.999924 0.0119476 -0.957879 0.00902214 -0.0119749 0.999888 66.4851 
0.999954 -0.00252225 -0.00925137 -0.684 0.00261758 0.999943 0.010307 -0.96789 0.00922485 -0.0103307 0.999904 67.6888 
0.999957 -0.000835157 -0.00925288 -0.705643 0.000919315 0.999958 0.00909486 -0.976243 0.0092449 -0.00910297 0.999916 68.8908 
0.999956 0.00131774 -0.00930214 -0.727983 -0.00122991 0.999955 0.00944097 -0.987304 0.00931416 -0.00942912 0.999912 70.0921 
0.999953 0.0030882 -0.00920512 -0.749353 -0.00299993 0.99995 0.00958685 -0.997891 0.00923426 -0.00955879 0.999912 71.292 
0.999949 0.00465439 -0.00897327 -0.770828 -0.00456473 0.99994 0.00998635 -1.00764 0.00901921 -0.00994488 0.99991 72.4892 
0.999955 0.00511281 -0.007988 -0.788648 -0.00502502 0.999927 0.0109726 -1.01832 0.00804352 -0.0109319 0.999908 73.685 
0.999959 0.00690955 -0.0059158 -0.806184 -0.00684001 0.999908 0.0116967 -1.02725 0.00599608 -0.0116557 0.999914 74.879 
0.99998 0.00536905 -0.00333227 -0.816552 -0.00533682 0.99994 0.00960669 -1.04023 0.00338365 -0.00958871 0.999948 76.0677 
0.999996 0.00255475 -0.000870178 -0.821129 -0.00255078 0.999986 0.00453328 -1.05187 0.000881748 -0.00453104 0.999989 77.2505 
0.999993 0.00349007 0.00154388 -0.826066 -0.0034963 0.999986 0.00404916 -1.06476 -0.00152972 -0.00405453 0.999991 78.4361 
0.999987 0.00246862 0.00442772 -0.826713 -0.00250236 0.999968 0.00763265 -1.0817 -0.00440873 -0.00764363 0.999961 79.6235 
0.999966 0.00282417 0.00771448 -0.823889 -0.00289276 0.999956 0.00889434 -1.09469 -0.00768902 -0.00891636 0.999931 80.807 
0.999925 0.00304416 0.0118218 -0.818565 -0.00312757 0.99997 0.00704378 -1.10599 -0.0118 -0.00708023 0.999905 81.984 
0.999881 0.00229193 0.0152428 -0.807094 -0.00235355 0.999989 0.00402598 -1.12208 -0.0152334 -0.00406138 0.999876 83.1573 
0.999826 0.000951145 0.0186138 -0.789685 -0.000963471 0.999999 0.000653262 -1.1414 -0.0186132 -0.000671082 0.999827 84.3277 
0.999759 0.000305682 0.021957 -0.768839 -0.000299569 1 -0.000281691 -1.16278 -0.0219571 0.000275045 0.999759 85.4995 
0.999672 6.89673e-05 0.0255996 -0.745182 -0.000107504 0.999999 0.00150398 -1.18541 -0.0255994 -0.00150624 0.999671 86.6705 
0.999568 0.00113167 0.0293645 -0.719588 -0.00118996 0.999997 0.00196773 -1.20716 -0.0293622 -0.00200182 0.999567 87.8371 
0.999453 0.000730545 0.0330601 -0.688366 -0.000725479 1 -0.000165213 -1.22836 -0.0330602 0.000141138 0.999453 88.9992 
0.999337 0.000629452 0.036408 -0.652589 -0.000539431 0.999997 -0.00248234 -1.25001 -0.0364094 0.00246106 0.999334 90.1582 
0.999218 0.000648208 0.0395278 -0.612224 -0.000537302 0.999996 -0.00281633 -1.27284 -0.0395295 0.00279289 0.999215 91.3202 
0.9991 -0.000786938 0.0424083 -0.567328 0.000856119 0.999998 -0.00161318 -1.29587 -0.0424069 0.00164803 0.999099 92.487 
0.998981 -0.00145749 0.045117 -0.51971 0.00146573 0.999999 -0.00014954 -1.31705 -0.0451167 0.000215517 0.998982 93.6547 
0.998857 -0.00222334 0.0477397 -0.469721 0.00214866 0.999996 0.00161554 -1.33642 -0.0477431 -0.00151112 0.998859 94.8242 
0.998734 -0.00379916 0.0501551 -0.414914 0.00367238 0.99999 0.00261967 -1.35573 -0.0501646 -0.00243216 0.998738 95.9938 
0.998613 -0.00486927 0.0524156 -0.357481 0.00485919 0.999988 0.00031975 -1.37531 -0.0524166 -6.46086e-05 0.998625 97.1641 
0.998486 -0.0062783 0.0546442 -0.296433 0.00646553 0.999974 -0.00325038 -1.39573 -0.0546223 0.00359876 0.998501 98.3372 
0.998376 -0.00560252 0.056694 -0.23486 0.00595654 0.999964 -0.00607735 -1.41833 -0.0566579 0.00640518 0.998373 99.5142 
0.998281 -0.00553214 0.0583506 -0.171699 0.00594929 0.999958 -0.00697759 -1.44349 -0.0583095 0.00731274 0.998272 100.697 
0.998261 -0.00542787 0.0587005 -0.107346 0.00581261 0.999963 -0.00638557 -1.46877 -0.0586637 0.00671567 0.998255 101.887 
0.998305 -0.00527265 0.057961 -0.0437153 0.00554751 0.999974 -0.00458225 -1.49434 -0.0579354 0.00489602 0.998308 103.086 
0.99838 -0.00594977 0.0565891 0.018548 0.00613748 0.999976 -0.00314391 -1.51889 -0.0565691 0.00348613 0.998393 104.287 
0.998494 -0.0055324 0.0545786 0.0786105 0.00566479 0.999981 -0.00227115 -1.5412 -0.0545651 0.00257691 0.998507 105.495 
0.99863 -0.00531601 0.0520503 0.134718 0.0054178 0.999984 -0.00181461 -1.56275 -0.0520398 0.00209412 0.998643 106.707 
0.99879 -0.00478339 0.0489438 0.188367 0.00488234 0.999986 -0.00190238 -1.58346 -0.0489341 0.00213904 0.9988 107.924 
0.998973 -0.00334555 0.0451798 0.234413 0.00345631 0.999991 -0.00237364 -1.60491 -0.0451715 0.00252736 0.998976 109.143 
0.999144 -0.00314655 0.0412478 0.278299 0.0032322 0.999993 -0.00201012 -1.62562 -0.0412412 0.00214172 0.999147 110.365 
0.999303 -0.0025999 0.0372459 0.316764 0.00263946 0.999996 -0.00101303 -1.64726 -0.0372431 0.00111063 0.999306 111.59 
0.999454 -0.0023407 0.032952 0.352399 0.0023474 0.999997 -0.000164555 -1.66904 -0.0329515 0.000241817 0.999457 112.817 
0.999592 -0.00236398 0.0284761 0.381363 0.00235428 0.999997 0.000374048 -1.68948 -0.0284769 -0.000306855 0.999594 114.048 
0.999718 -0.00178054 0.0236899 0.40344 0.00177006 0.999998 0.00046345 -1.71003 -0.0236907 -0.000421386 0.999719 115.282 
0.999825 -0.000985286 0.0187035 0.419233 0.000979209 0.999999 0.000334053 -1.72978 -0.0187038 -0.00031568 0.999825 116.514 
0.999905 -0.000527458 0.0137572 0.430253 0.000527466 1 3.01985e-06 -1.7507 -0.0137572 4.23687e-06 0.999905 117.749 
0.999959 0.000547904 0.00908811 0.434426 -0.00054242 1 -0.000605947 -1.77226 -0.00908844 0.000600992 0.999959 118.985 
0.999981 0.00248668 0.00557415 0.432524 -0.00248309 0.999997 -0.000650585 -1.79259 -0.00557575 0.000636731 0.999984 120.226 
0.999984 0.00449315 0.00352272 0.427116 -0.00449117 0.99999 -0.000569842 -1.8148 -0.00352525 0.000554012 0.999994 121.468 
0.999981 0.00561861 0.00242805 0.421522 -0.00561647 0.999984 -0.000884301 -1.83578 -0.00243298 0.000870648 0.999997 122.715 
0.999969 0.00775646 0.00136914 0.413199 -0.00775554 0.99997 -0.000673064 -1.85725 -0.00137432 0.000662425 0.999999 123.963 
0.99996 0.00898189 0.00040026 0.404629 -0.00898196 0.99996 0.000167453 -1.87799 -0.00039874 -0.000171041 1 125.214 
0.999961 0.00879334 -0.000248453 0.397013 -0.0087932 0.999961 0.000570051 -1.8992 0.000253456 -0.000567844 1 126.465 
0.99992 0.0125639 -0.00115109 0.383725 -0.0125609 0.999918 0.00258534 -1.91668 0.00118348 -0.00257068 0.999996 127.72 
0.999906 0.0135841 -0.00179229 0.371638 -0.0135735 0.999891 0.00583295 -1.9338 0.00187133 -0.00580807 0.999981 128.98 
0.999921 0.0123731 -0.00236208 0.362388 -0.0123601 0.999909 0.00540911 -1.94837 0.00242879 -0.00537948 0.999983 130.238 
0.99992 0.0123186 -0.00285883 0.351281 -0.0123076 0.999917 0.00384463 -1.96069 0.00290596 -0.00380913 0.999989 131.499 
0.999949 0.00938075 -0.00371736 0.344021 -0.00936269 0.999944 0.00484559 -1.9753 0.00376261 -0.00481054 0.999981 132.766 
0.999963 0.0072603 -0.00467579 0.336035 -0.00722885 0.999951 0.00670702 -1.98951 0.00472426 -0.00667297 0.999967 134.035 
0.99998 0.00385204 -0.00494293 0.326951 -0.00380969 0.999956 0.0085497 -2.00163 0.00497565 -0.0085307 0.999951 135.31 
0.999984 0.00200281 -0.00529407 0.316783 -0.00195175 0.999952 0.0096316 -2.01359 0.0053131 -0.00962112 0.99994 136.587 
0.999984 -0.00220283 -0.0051773 0.30968 0.00224301 0.999967 0.00776831 -2.02368 0.00516002 -0.0077798 0.999956 137.863 
0.999975 -0.00476274 -0.00519482 0.301029 0.00479782 0.999966 0.00676083 -2.03422 0.00516244 -0.00678559 0.999964 139.142 
0.999969 -0.00613221 -0.00501416 0.290458 0.00616456 0.99996 0.00646183 -2.04725 0.00497433 -0.00649254 0.999967 140.425 
0.999969 -0.00634872 -0.00460321 0.278139 0.00638026 0.999956 0.00687041 -2.06016 0.00455939 -0.00689956 0.999966 141.71 
0.999975 -0.00581626 -0.00403975 0.266304 0.00585176 0.999944 0.00883185 -2.07208 0.00398816 -0.00885527 0.999953 142.997 
0.999989 -0.00349833 -0.00326027 0.250847 0.00353199 0.99994 0.0103765 -2.08425 0.00322378 -0.0103879 0.999941 144.282 
0.99999 -0.00360336 -0.00267678 0.23943 0.00362649 0.999956 0.00868712 -2.09667 0.00264536 -0.00869674 0.999959 145.565 
0.999993 -0.00301842 -0.00223483 0.22865 0.00303362 0.999972 0.00682899 -2.10876 0.00221416 -0.00683572 0.999974 146.845 
0.999994 -0.0031305 -0.00175435 0.219158 0.00313821 0.999985 0.00441122 -2.12555 0.00174052 -0.00441669 0.999989 148.123 
0.99999 -0.00430683 -0.00139482 0.211855 0.00430731 0.999991 0.00034713 -2.14569 0.00139331 -0.000353134 0.999999 149.398 
0.99999 -0.00433507 -0.000963205 0.203536 0.00433202 0.999986 -0.00315258 -2.16875 0.000976858 0.00314837 0.999995 150.674 
0.999989 -0.00458739 -0.000768619 0.1964 0.00458424 0.999981 -0.00405631 -2.19611 0.000787212 0.00405275 0.999991 151.949 
0.999988 -0.00484992 -0.000826331 0.188501 0.00484678 0.999981 -0.003768 -2.22466 0.00084459 0.00376395 0.999993 153.226 
0.999991 -0.00422622 -0.000969337 0.180369 0.00422303 0.999986 -0.00327041 -2.25289 0.000983145 0.00326629 0.999994 154.502 
0.999993 -0.00352128 -0.00111606 0.170687 0.00351878 0.999991 -0.00223059 -2.28009 0.0011239 0.00222665 0.999997 155.778 
0.999994 -0.00311531 -0.00142761 0.160614 0.00311295 0.999994 -0.00165561 -2.3069 0.00143276 0.00165116 0.999998 157.054 
0.999994 -0.00295442 -0.00193615 0.151269 0.0029505 0.999994 -0.00202236 -2.33285 0.00194211 0.00201664 0.999996 158.328 
0.999993 -0.00259164 -0.00259605 0.140329 0.0025871 0.999995 -0.00175083 -2.3581 0.00260058 0.0017441 0.999995 159.603 
0.99999 -0.00312919 -0.00326445 0.129877 0.00312744 0.999995 -0.000538822 -2.38339 0.00326612 0.000528607 0.999995 160.878 
0.99999 -0.00221307 -0.00387869 0.117374 0.00221225 0.999998 -0.000215531 -2.40768 0.00387916 0.000206948 0.999992 162.153 
0.999988 -0.0018061 -0.00447272 0.103391 0.00180091 0.999998 -0.0011628 -2.43242 0.00447481 0.00115473 0.999989 163.428 
0.999985 -0.00144167 -0.00524817 0.0892042 0.00142892 0.999996 -0.00243234 -2.45679 0.00525165 0.00242481 0.999983 164.701 
0.999982 -0.000684085 -0.00591712 0.0737126 0.000669905 0.999997 -0.00239807 -2.48264 0.00591874 0.00239406 0.99998 165.976 
0.999978 -0.00116131 -0.00658969 0.0587806 0.00113958 0.999994 -0.00330049 -2.50985 0.00659348 0.00329291 0.999973 167.25 
0.999973 -0.00075357 -0.00734193 0.0415279 0.000721938 0.99999 -0.00431004 -2.53695 0.00734511 0.00430462 0.999964 168.525 
0.999968 -0.000539156 -0.0079709 0.0239189 0.000506956 0.999992 -0.00404108 -2.56385 0.00797301 0.00403691 0.99996 169.804 
0.999962 -0.000343318 -0.00869075 0.00524528 0.000319861 0.999996 -0.00270021 -2.59124 0.00869165 0.00269733 0.999959 171.082 
0.999956 -0.000414635 -0.00940602 -0.0138599 0.000392839 0.999997 -0.00231891 -2.61783 0.00940696 0.00231511 0.999953 172.359 
0.999949 -4.31935e-05 -0.0101172 -0.0345115 2.29199e-05 0.999998 -0.00200398 -2.64292 0.0101173 0.00200364 0.999947 173.637 
0.999942 0.000351778 -0.0107891 -0.0559661 -0.000370089 0.999998 -0.00169522 -2.66829 0.0107885 0.00169912 0.99994 174.915 
0.999935 0.000549089 -0.0113839 -0.0783091 -0.00057793 0.999997 -0.00253038 -2.6947 0.0113825 0.0025368 0.999932 176.19 
0.999928 0.00156612 -0.0119332 -0.102123 -0.00160239 0.999994 -0.00303032 -2.72029 0.0119284 0.00304922 0.999924 177.465 
0.999923 0.00165364 -0.012316 -0.125292 -0.00168621 0.999995 -0.00263427 -2.74691 0.0123116 0.00265483 0.999921 178.741 
0.99992 0.00146593 -0.0126016 -0.14862 -0.00151351 0.999992 -0.00376695 -2.77422 0.012596 0.00378572 0.999914 180.016 
0.999919 4.63934e-05 -0.012696 -0.170227 -0.000114522 0.999986 -0.00536547 -2.80163 0.0126955 0.00536649 0.999905 181.288 
0.999912 -0.00306259 -0.0129029 -0.189294 0.00299531 0.999982 -0.00523053 -2.83062 0.0129187 0.00519142 0.999903 182.561 
0.999908 -0.00275722 -0.0132792 -0.211617 0.00273719 0.999995 -0.00152634 -2.85705 0.0132834 0.00148985 0.999911 183.834 
0.999904 -0.00365177 -0.0133393 -0.233971 0.00368911 0.999989 0.0027758 -2.88232 0.013329 -0.00282475 0.999907 185.108 
0.999908 -0.00246486 -0.0133525 -0.259815 0.00249307 0.999995 0.00209643 -2.90274 0.0133473 -0.00212953 0.999909 186.375 
0.999913 -0.000956868 -0.0131619 -0.287066 0.000943207 0.999999 -0.00104408 -2.92404 0.0131629 0.00103158 0.999913 187.635 
0.99991 -0.000633395 -0.0133646 -0.313021 0.00059371 0.999995 -0.00297321 -2.94787 0.0133664 0.00296501 0.999906 188.895 
0.999909 -0.000824637 -0.0134585 -0.33759 0.000787906 0.999996 -0.00273423 -2.97419 0.0134607 0.00272337 0.999906 190.153 
0.99991 -0.000993774 -0.0133455 -0.362787 0.000973259 0.999998 -0.00154359 -3.00129 0.013347 0.00153047 0.99991 191.409 
0.999914 -0.00079922 -0.0131258 -0.387975 0.000806795 1 0.000571779 -3.02663 0.0131253 -0.00058232 0.999914 192.665 
0.999922 -0.00149291 -0.0124393 -0.410145 0.00151068 0.999998 0.00141942 -3.05102 0.0124371 -0.0014381 0.999922 193.915 
0.999938 -0.00147897 -0.0110488 -0.431022 0.00148814 0.999999 0.000821426 -3.07473 0.0110476 -0.000837817 0.999939 195.159 
0.99995 -0.0025912 -0.00964021 -0.448465 0.00258472 0.999996 -0.000684544 -3.09852 0.00964195 0.000659593 0.999953 196.402 
0.99996 -0.00286899 -0.00845852 -0.465483 0.00285085 0.999994 -0.00215645 -3.12425 0.00846465 0.00213225 0.999962 197.64 
0.999968 -0.0036475 -0.00705962 -0.480562 0.00362828 0.99999 -0.00273353 -3.15082 0.00706952 0.00270783 0.999971 198.874 
0.999978 -0.00340908 -0.00576191 -0.495689 0.00339755 0.999992 -0.0020096 -3.1774 0.00576872 0.00198998 0.999981 200.104 
0.999983 -0.00387588 -0.00443326 -0.507999 0.00387546 0.999992 -0.000103661 -3.20397 0.00443363 8.64778e-05 0.99999 201.329 
0.99999 -0.0028727 -0.00332625 -0.519979 0.00287371 0.999996 0.00029787 -3.22968 0.00332538 -0.000307426 0.999994 202.546 
0.999993 -0.00312956 -0.00216997 -0.530345 0.00313035 0.999995 0.000359403 -3.25331 0.00216884 -0.000366194 0.999998 203.758 
0.999996 -0.00272131 -0.00117099 -0.538749 0.00272187 0.999996 0.000475209 -3.27706 0.0011697 -0.000478394 0.999999 204.962 
0.999996 -0.00286012 -9.28847e-05 -0.546105 0.00286019 0.999996 0.000728692 -3.30165 9.08002e-05 -0.000728955 1 206.16 
0.999997 -0.0025218 0.000698365 -0.552282 0.00252138 0.999997 0.000608851 -3.32521 -0.000699898 -0.000607088 1 207.352 
0.999995 -0.00265468 0.00146264 -0.55686 0.0026536 0.999996 0.000735413 -3.34916 -0.00146458 -0.000731529 0.999999 208.534 
0.999991 -0.00371838 0.0020176 -0.559911 0.00371689 0.999993 0.000741051 -3.37297 -0.00202034 -0.000733546 0.999998 209.704 
0.99999 -0.00385554 0.00222263 -0.564457 0.00385216 0.999991 0.00152392 -3.39627 -0.00222849 -0.00151534 0.999996 210.862 
0.999989 -0.00437595 0.00188242 -0.568233 0.00437114 0.999987 0.00254967 -3.42019 -0.00189355 -0.00254141 0.999995 212.005 
0.99999 -0.0042443 0.0012101 -0.573236 0.00424125 0.999988 0.00251333 -3.44334 -0.00122075 -0.00250818 0.999996 213.133 
0.999992 -0.00388955 0.000830761 -0.579611 0.00388828 0.999991 0.00152663 -3.46606 -0.000836691 -0.00152339 0.999998 214.244 
0.999993 -0.00379257 0.00039176 -0.586745 0.00379228 0.999993 0.00073909 -3.48872 -0.000394561 -0.000737599 1 215.342 
0.999992 -0.00392422 -0.000240938 -0.593605 0.00392436 0.999992 0.000603821 -3.51154 0.000238566 -0.000604762 1 216.427 
0.999989 -0.00437236 -0.00148665 -0.601113 0.00437325 0.99999 0.000593623 -3.53504 0.00148404 -0.000600118 0.999999 217.499 
0.999983 -0.0048962 -0.00312617 -0.609629 0.00490046 0.999987 0.00135661 -3.55738 0.00311949 -0.00137191 0.999994 218.559 
0.999969 -0.00599294 -0.0051393 -0.619711 0.00600851 0.999977 0.00301899 -3.57834 0.0051211 -0.00304978 0.999982 219.608 
0.999957 -0.00564953 -0.00734559 -0.633053 0.00568424 0.999973 0.00471332 -3.59904 0.00731876 -0.00475487 0.999962 220.643 
0.999939 -0.00530943 -0.00971023 -0.649635 0.00535675 0.999974 0.00485356 -3.6195 0.00968421 -0.00490528 0.999941 221.661 
0.999911 -0.00506822 -0.0123524 -0.667952 0.00512275 0.999977 0.00438665 -3.63771 0.0123299 -0.00444954 0.999914 222.66 
0.999873 -0.00501977 -0.0151391 -0.689043 0.00508901 0.999977 0.00453806 -3.65562 0.015116 -0.00461453 0.999875 223.639 
0.999827 -0.00451745 -0.0180252 -0.712693 0.00460985 0.999976 0.0050879 -3.67551 0.0180018 -0.00517011 0.999825 224.596 
0.999772 -0.00422897 -0.0209427 -0.739509 0.00433022 0.999979 0.00479188 -3.69448 0.020922 -0.00488147 0.999769 225.529 
0.999702 -0.00438307 -0.023995 -0.767302 0.00448685 0.999981 0.00427262 -3.71244 0.0239758 -0.00437901 0.999703 226.44 
0.999619 -0.00448259 -0.027248 -0.797289 0.00458418 0.999983 0.00366704 -3.73047 0.0272311 -0.00379055 0.999622 227.327 
0.999534 -0.00336262 -0.0303476 -0.8313 0.00346775 0.999988 0.00341237 -3.74822 0.0303358 -0.00351601 0.999534 228.193 
0.999441 -0.00303039 -0.03328 -0.866804 0.00312235 0.999991 0.00271164 -3.7664 0.0332715 -0.00281404 0.999442 229.039 
0.999366 -0.00125591 -0.0355948 -0.904466 0.00135129 0.999996 0.00265565 -3.78326 0.0355913 -0.00270207 0.999363 229.864 
0.999341 -0.0005325 -0.036298 -0.940491 0.00064731 0.999995 0.00315133 -3.7992 0.0362961 -0.00317275 0.999336 230.672 
0.999351 -0.000562713 -0.0360241 -0.974086 0.000710756 0.999991 0.00409687 -3.81517 0.0360215 -0.00411981 0.999343 231.462 
0.999366 -0.000519006 -0.0355861 -1.00551 0.000693272 0.999988 0.00488484 -3.83134 0.0355831 -0.00490641 0.999355 232.233 
0.999378 -0.00067721 -0.0352499 -1.03621 0.000833038 0.99999 0.00440617 -3.84616 0.0352465 -0.00443279 0.999369 232.986 
0.999391 -0.000200053 -0.0348856 -1.06746 0.00028698 0.999997 0.00248677 -3.86062 0.034885 -0.00249527 0.999388 233.729 
0.999422 -0.000250988 -0.0339984 -1.09641 0.000263926 1 0.000376061 -3.87502 0.0339984 -0.000384817 0.999422 234.469 
0.999462 -0.00020284 -0.0328083 -1.1241 0.000172464 1 -0.000928709 -3.89014 0.0328085 0.000922551 0.999461 235.205 
0.999505 0.000377799 -0.0314581 -1.15118 -0.000422597 0.999999 -0.0014174 -3.90525 0.0314575 0.00142999 0.999504 235.938 
0.999557 -0.000215658 -0.0297497 -1.1754 0.000168011 0.999999 -0.00160411 -3.92024 0.02975 0.0015984 0.999556 236.667 
0.999609 -0.000403582 -0.0279587 -1.19804 0.000358118 0.999999 -0.0016311 -3.93537 0.0279593 0.00162045 0.999608 237.393 
0.999661 -0.000383408 -0.0260177 -1.21976 0.000337786 0.999998 -0.00175786 -3.95145 0.0260184 0.00174848 0.99966 238.113 
0.999713 -0.000649769 -0.0239495 -1.23906 0.000601226 0.999998 -0.002034 -3.9679 0.0239508 0.00201902 0.999711 238.832 
0.999776 -0.000583935 -0.0211429 -1.25651 0.000550665 0.999999 -0.00157936 -3.98348 0.0211438 0.00156737 0.999775 239.547 
0.999836 -0.0016903 -0.0180183 -1.27009 0.0016749 0.999998 -0.000869301 -3.99834 0.0180197 0.000838979 0.999837 240.256 
0.999882 -0.00264975 -0.0151437 -1.28231 0.00264228 0.999996 -0.000513238 -4.01431 0.015145 0.000473164 0.999885 240.964 
0.999922 -0.002983 -0.0121492 -1.29274 0.00297886 0.999995 -0.000359044 -4.03033 0.0121502 0.000322825 0.999926 241.668 
0.999952 -0.00333931 -0.00918935 -1.30128 0.00333308 0.999994 -0.000693196 -4.04454 0.00919161 0.000662534 0.999958 242.369 
0.999975 -0.00350803 -0.00620157 -1.30829 0.00350206 0.999993 -0.000972705 -4.05764 0.00620494 0.000950962 0.99998 243.069 
0.999991 -0.00258651 -0.00332717 -1.31435 0.0025802 0.999995 -0.00190003 -4.07059 0.00333206 0.00189143 0.999993 243.771 
0.999997 -0.00259709 -0.000378248 -1.31749 0.00259615 0.999994 -0.00245166 -4.08489 0.000384613 0.00245067 0.999997 244.477 
0.999994 -0.00241452 0.00239255 -1.31855 0.00241811 0.999996 -0.00149964 -4.09858 -0.00238892 0.00150542 0.999996 245.19 
0.999985 -0.00223188 0.00490119 -1.31813 0.00223648 0.999997 -0.000933372 -4.1122 -0.00489909 0.00094432 0.999988 245.905 
0.999971 -0.00247288 0.00717 -1.31574 0.00248079 0.999996 -0.00109457 -4.12602 -0.00716727 0.00111232 0.999974 246.622 
0.999952 -0.00250385 0.00944326 -1.31239 0.00252924 0.999993 -0.00267843 -4.14023 -0.00943649 0.00270219 0.999952 247.341 
0.999936 -0.00215925 0.0111089 -1.30752 0.00221569 0.999985 -0.00507031 -4.15311 -0.0110977 0.0050946 0.999925 248.063 
0.999922 -0.00323973 0.0120867 -1.30113 0.00332046 0.999972 -0.00666452 -4.16667 -0.0120648 0.00670413 0.999905 248.791 
0.999921 -0.00295185 0.0122231 -1.29589 0.0030388 0.99997 -0.00710126 -4.18197 -0.0122018 0.00713784 0.9999 249.524 
0.999917 -0.00378128 0.0123545 -1.28865 0.0038751 0.999964 -0.00757854 -4.19924 -0.0123254 0.00762578 0.999895 250.265 
0.999919 -0.00281682 0.0124435 -1.28275 0.00291344 0.999966 -0.00775307 -4.21648 -0.0124212 0.0077887 0.999893 251.013 
0.999918 -0.00218639 0.0126363 -1.2764 0.00228997 0.999964 -0.00818812 -4.23304 -0.012618 0.00821638 0.999887 251.768 
0.999912 -0.00314503 0.0128599 -1.26978 0.00327579 0.999943 -0.0101596 -4.25015 -0.0128272 0.0102008 0.999866 252.523 
0.999889 -0.00694184 0.0131937 -1.25794 0.00710387 0.999899 -0.0122738 -4.27002 -0.0131071 0.0123661 0.999838 253.284 
0.999853 -0.0102522 0.0137125 -1.24579 0.0104324 0.999859 -0.0131399 -4.28787 -0.0135758 0.013281 0.99982 254.054 
0.999868 -0.00781742 0.0142348 -1.2417 0.0079487 0.999926 -0.00918943 -4.30346 -0.0141619 0.00930137 0.999856 254.836 
0.999884 -0.00393107 0.0147474 -1.24008 0.00397702 0.999987 -0.00308762 -4.31993 -0.0147351 0.00314591 0.999886 255.626 
0.999867 -0.00478669 0.0155645 -1.23099 0.00478032 0.999988 0.000446594 -4.3373 -0.0155665 -0.000372131 0.999879 256.423 
0.999826 -0.00575805 0.0177465 -1.21573 0.00579035 0.999982 -0.00176934 -4.35051 -0.017736 0.00187179 0.999841 257.219 
0.999749 -0.00462465 0.0219222 -1.2054 0.00479978 0.999957 -0.0079425 -4.36258 -0.0218846 0.00804573 0.999728 258.019 
0.999666 -0.00249878 0.025725 -1.1921 0.00279731 0.999929 -0.0115752 -4.37692 -0.0256942 0.0116433 0.999602 258.83 
0.999583 -0.00100559 0.0288658 -1.17374 0.00133507 0.999934 -0.0113972 -4.3947 -0.0288524 0.011431 0.999518 259.653 
0.999483 -0.0026585 0.0320488 -1.1492 0.00295301 0.999954 -0.00914556 -4.41398 -0.032023 0.00923547 0.999444 260.485 
0.999373 -0.00580149 0.0349373 -1.11892 0.00601303 0.999964 -0.00595292 -4.43258 -0.0349015 0.00615926 0.999372 261.325 
0.999255 -0.00831919 0.0376831 -1.0867 0.00849316 0.999954 -0.00445904 -4.45004 -0.0376443 0.00477577 0.99928 262.165 
0.999136 -0.00805187 0.0407701 -1.05672 0.00821881 0.999959 -0.00392872 -4.46806 -0.0407368 0.00426041 0.999161 263.008 
0.999047 -0.00590895 0.0432528 -1.02672 0.00617561 0.999963 -0.00603411 -4.48686 -0.0432156 0.00629547 0.999046 263.852 
0.998949 -0.00520734 0.0455493 -0.992561 0.00559097 0.99995 -0.00829909 -4.50534 -0.0455038 0.00854502 0.998928 264.696 
0.998832 -0.00486185 0.0480729 -0.955676 0.00527121 0.999951 -0.00839239 -4.52346 -0.0480298 0.00863599 0.998809 265.543 
0.998695 -0.00399801 0.0509118 -0.917183 0.00432559 0.999971 -0.00632583 -4.54387 -0.050885 0.0065378 0.998683 266.392 
0.99854 -0.00254554 0.0539591 -0.877769 0.00280445 0.999985 -0.00472304 -4.56497 -0.0539462 0.00486747 0.998532 267.24 
0.998387 -0.00196082 0.0567361 -0.835239 0.00223847 0.999986 -0.00483058 -4.58419 -0.0567258 0.00494979 0.998378 268.087 
0.998239 -0.00197478 0.0592951 -0.788768 0.00229519 0.999983 -0.00533595 -4.60213 -0.0592836 0.00546264 0.998226 268.935 
0.998082 -0.00365017 0.061804 -0.736708 0.00401578 0.999975 -0.00579236 -4.61963 -0.0617813 0.00602944 0.998072 269.785 
0.997958 -0.00684243 0.0635007 -0.681047 0.00718324 0.999961 -0.00514036 -4.63799 -0.063463 0.005586 0.997969 270.637 
0.997902 -0.00780635 0.0642765 -0.628301 0.00816041 0.999953 -0.00524768 -4.65656 -0.0642325 0.0057612 0.997918 271.49 
0.99786 -0.00856766 0.0648227 -0.576491 0.00892864 0.999946 -0.00528109 -4.67463 -0.064774 0.00584856 0.997883 272.345 
0.997835 -0.00852326 0.0652082 -0.524923 0.00888617 0.999947 -0.00527744 -4.69201 -0.0651598 0.00584547 0.997858 273.203 
0.997853 -0.00824779 0.064967 -0.473292 0.00857562 0.999952 -0.00476893 -4.70974 -0.0649246 0.00531583 0.997876 274.063 
0.997891 -0.00777113 0.0644442 -0.424334 0.00806999 0.999958 -0.00437862 -4.72899 -0.0644074 0.00488945 0.997912 274.925 
0.997969 -0.00806983 0.0631882 -0.374224 0.00841687 0.999951 -0.00522803 -4.74863 -0.0631429 0.00574926 0.997988 275.785 
0.998071 -0.00794311 0.0615741 -0.326864 0.00834088 0.999946 -0.00620554 -4.76788 -0.0615215 0.00670716 0.998083 276.645 
0.998173 -0.00702675 0.0600059 -0.281543 0.00745819 0.999948 -0.00696903 -4.78727 -0.0599538 0.00740384 0.998174 277.505 
0.998272 -0.00605594 0.0584417 -0.237998 0.00649269 0.999952 -0.00728639 -4.80913 -0.0583948 0.00765324 0.998264 278.362 
0.998379 -0.00482561 0.0567018 -0.196916 0.00526012 0.999958 -0.00751633 -4.83131 -0.0566631 0.00780241 0.998363 279.217 
0.9985 -0.00441682 0.0545816 -0.156944 0.00480485 0.999964 -0.00697998 -4.85241 -0.0545488 0.00723177 0.998485 280.074 
0.99865 -0.00474057 0.0517278 -0.119214 0.00503438 0.999972 -0.00555111 -4.87342 -0.0517001 0.00580404 0.998646 280.928 
0.998852 -0.00614297 0.0475152 -0.0827693 0.00630204 0.999975 -0.00319873 -4.89408 -0.0474944 0.0034945 0.998865 281.779 
0.999062 -0.00722809 0.0426901 -0.0512225 0.00730143 0.999972 -0.00156238 -4.91386 -0.0426777 0.00187261 0.999087 282.624 
0.999252 -0.00773759 0.0378995 -0.0252998 0.00775378 0.99997 -0.000280236 -4.93232 -0.0378962 0.000573891 0.999282 283.461 
0.99942 -0.00793254 0.0331055 -0.00359897 0.00792598 0.999969 0.000329364 -4.94848 -0.033107 -6.67796e-05 0.999452 284.289 
0.99956 -0.00843567 0.0284286 0.0146102 0.00841897 0.999964 0.000707138 -4.96469 -0.0284335 -0.000467488 0.999596 285.105 
0.999677 -0.00934513 0.0236493 0.0297154 0.00932477 0.999956 0.000971191 -4.98163 -0.0236573 -0.000750353 0.99972 285.909 
0.999762 -0.00968944 0.0195689 0.0402308 0.00968033 0.999953 0.000559948 -4.99818 -0.0195734 -0.000370381 0.999808 286.699 
0.999836 -0.00919765 0.015617 0.0467346 0.00919279 0.999958 0.00038309 -5.01433 -0.0156199 -0.000239463 0.999878 287.472 
0.99989 -0.00902926 0.0117708 0.0500579 0.0090263 0.999959 0.000304522 -5.03055 -0.0117731 -0.000198242 0.999931 288.227 
0.999922 -0.00960329 0.00793811 0.0515313 0.00960056 0.999954 0.000381568 -5.04821 -0.00794141 -0.000305328 0.999968 288.961 
0.999939 -0.0103644 0.00379454 0.0500397 0.0103662 0.999946 -0.000447239 -5.06363 -0.0037897 0.000486547 0.999993 289.676 
0.999958 -0.00914546 -0.00115901 0.0427071 0.00914321 0.999956 -0.00192894 -5.08182 0.00117661 0.00191826 0.999997 290.37 
0.999944 -0.00749518 -0.00747291 0.0282364 0.00746568 0.999964 -0.00396835 -5.09786 0.00750238 0.00391234 0.999964 291.045 
0.999852 -0.00686302 -0.0157818 0.00893738 0.00677367 0.999961 -0.00570846 -5.11506 0.0158203 0.00560071 0.999859 291.7 
0.999632 -0.00686661 -0.0262517 -0.016467 0.00668863 0.999954 -0.00686149 -5.13277 0.0262976 0.00668338 0.999632 292.343 
0.999193 -0.00658741 -0.0396222 -0.0512881 0.00630601 0.999954 -0.00722305 -5.15043 0.0396679 0.00696736 0.999189 292.974 
0.9984 -0.00547278 -0.0562854 -0.100265 0.00510992 0.999965 -0.0065887 -5.17099 0.0563195 0.00629054 0.998393 293.594 
0.997101 -0.00296634 -0.0760287 -0.163947 0.00251667 0.999979 -0.00600963 -5.18597 0.0760449 0.00580087 0.997088 294.202 
0.99514 -0.00133366 -0.0984658 -0.242837 0.000735338 0.999981 -0.00611247 -5.20421 0.0984721 0.00601036 0.995122 294.795 
0.992328 2.54491e-05 -0.123635 -0.335076 -0.000806455 0.99998 -0.00626698 -5.21924 0.123632 0.00631861 0.992308 295.376 
0.988502 0.00135874 -0.1512 -0.444006 -0.00230064 0.999979 -0.00605473 -5.23228 0.151189 0.00633297 0.988485 295.943 
0.98338 0.00254444 -0.181539 -0.572788 -0.00347776 0.999982 -0.00482297 -5.24888 0.181524 0.00537417 0.983372 296.498 
0.976608 0.00230197 -0.215014 -0.714713 -0.00306202 0.99999 -0.00320187 -5.26093 0.215004 0.00378535 0.976606 297.035 
0.968051 0.0025098 -0.25074 -0.874466 -0.00300383 0.999994 -0.0015876 -5.27197 0.250735 0.00229006 0.968053 297.558 
0.95765 0.00384557 -0.287909 -1.0561 -0.00375503 0.999993 0.000866731 -5.2848 0.28791 0.00025108 0.957658 298.062 
0.945191 0.00537695 -0.326475 -1.25384 -0.00461528 0.999985 0.00310758 -5.29289 0.326486 -0.00143048 0.945201 298.545 
0.930608 0.00589211 -0.36597 -1.47054 -0.00433026 0.999978 0.00508842 -5.30307 0.365992 -0.00315058 0.930613 299.015 
0.913744 0.00588048 -0.406248 -1.70294 -0.00350578 0.999972 0.0065894 -5.30737 0.406276 -0.00459681 0.913739 299.468 
0.89429 0.00562328 -0.447452 -1.9588 -0.00237629 0.999967 0.0078176 -5.31709 0.447481 -0.00592793 0.894274 299.905 
0.871853 0.00500455 -0.489743 -2.2345 -0.000901545 0.999962 0.00861338 -5.32306 0.489768 -0.00706808 0.871824 300.329 
0.846516 0.00432189 -0.532345 -2.52894 0.000964546 0.999953 0.00965199 -5.32653 0.532362 -0.00868403 0.846472 300.734 
0.818107 0.00462389 -0.575048 -2.84709 0.00227555 0.999934 0.0112777 -5.33383 0.575062 -0.0105349 0.818042 301.128 
0.786635 0.00614716 -0.617388 -3.18455 0.00145811 0.999929 0.0118139 -5.33891 0.617417 -0.0101934 0.78657 301.493 
0.751952 0.00516527 -0.659198 -3.53975 0.00344187 0.999925 0.0117613 -5.34192 0.659209 -0.0111128 0.751878 301.835 
0.713324 0.00419289 -0.700822 -3.91307 0.00749903 0.999879 0.0136149 -5.34575 0.700794 -0.0149673 0.713207 302.161 
0.670519 0.00341504 -0.741884 -4.30847 0.0133306 0.999773 0.0166504 -5.34395 0.741772 -0.0210542 0.670321 302.461 
0.623164 0.00399742 -0.782081 -4.71902 0.0173113 0.999671 0.0189032 -5.34448 0.7819 -0.0253186 0.62289 302.73 
0.572636 0.00786137 -0.819772 -5.14691 0.016291 0.999647 0.0209661 -5.34444 0.819648 -0.0253609 0.572306 302.961 
0.52001 0.0142435 -0.854042 -5.5953 0.0112034 0.999661 0.0234937 -5.3434 0.854087 -0.0217852 0.519674 303.164 
0.465195 0.0185722 -0.885014 -6.05207 0.00819539 0.999647 0.0252856 -5.34849 0.885171 -0.0190157 0.464878 303.338 
0.408487 0.0209196 -0.912524 -6.51468 0.00734672 0.99963 0.0262052 -5.34442 0.912735 -0.0174086 0.408182 303.481 
0.350831 0.023248 -0.93615 -6.98517 0.00866557 0.999568 0.0280704 -5.34365 0.936399 -0.0179602 0.350478 303.6 
0.29254 0.0266569 -0.955882 -7.46097 0.0106045 0.999459 0.0311176 -5.34418 0.956194 -0.0192398 0.2921 303.691 
0.233366 0.0306235 -0.971907 -7.95404 0.012371 0.99933 0.034458 -5.34022 0.97231 -0.0200648 0.232831 303.752 
0.171446 0.033946 -0.984609 -8.46112 0.0146479 0.999208 0.037 -5.3347 0.985085 -0.020766 0.170813 303.782 
0.107467 0.0379358 -0.993485 -8.98899 0.0149537 0.999097 0.0397677 -5.32251 0.994096 -0.01913 0.106803 303.784 
0.0427565 0.0432461 -0.998149 -9.55907 0.0168215 0.99889 0.0439987 -5.30021 0.998944 -0.0186716 0.0419816 303.745 
-0.0235149 0.049932 -0.998476 -10.1365 0.0185964 0.998601 0.0495003 -5.28072 0.999551 -0.017404 -0.0244106 303.667 
-0.0904354 0.0567999 -0.994281 -10.7217 0.0207883 0.998262 0.0551366 -5.25891 0.995685 -0.0156831 -0.091459 303.555 
-0.157008 0.0628254 -0.985597 -11.3068 0.0229738 0.997937 0.0599522 -5.23316 0.98733 -0.0132299 -0.158128 303.402 
-0.22245 0.0686972 -0.972521 -11.8824 0.0268286 0.997568 0.0643298 -5.20726 0.974575 -0.0117812 -0.223752 303.209 
-0.286712 0.0730667 -0.955226 -12.4582 0.0310483 0.997272 0.0669637 -5.17821 0.957514 -0.0104589 -0.288199 302.985 
-0.348292 0.0758456 -0.934313 -13.0222 0.034964 0.997079 0.067907 -5.1519 0.936734 -0.00901589 -0.349926 302.718 
-0.407267 0.0766123 -0.91009 -13.5935 0.0385833 0.997029 0.0666648 -5.11793 0.912494 -0.00796397 -0.409013 302.407 
-0.462896 0.0770617 -0.883057 -14.161 0.0412882 0.997007 0.0653627 -5.08364 0.885451 -0.00620375 -0.464692 302.052 
-0.514389 0.0772655 -0.854069 -14.7461 0.0434883 0.997002 0.0640041 -5.04046 0.856453 -0.00421894 -0.516207 301.646 
-0.560823 0.0775857 -0.824292 -15.3336 0.0453027 0.996984 0.0630175 -4.99953 0.826695 -0.00200094 -0.562647 301.191 
-0.601581 0.0784271 -0.794953 -15.917 0.0465579 0.996919 0.0631197 -4.9584 0.797454 0.000960278 -0.603379 300.697 
-0.63906 0.0824007 -0.76473 -16.5078 0.0513806 0.996597 0.0644476 -4.91951 0.767439 0.00189355 -0.641119 300.163 
-0.676041 0.0892962 -0.731433 -17.119 0.0597362 0.996004 0.0663837 -4.87178 0.734438 0.00118509 -0.678674 299.577 
-0.711776 0.0950064 -0.695952 -17.7141 0.0662394 0.995474 0.0681495 -4.82626 0.699276 0.00240768 -0.714847 298.942 
-0.745068 0.0967235 -0.659938 -18.3343 0.0694232 0.995301 0.0674973 -4.77283 0.663366 0.00447508 -0.748282 298.215 
-0.775785 0.0933858 -0.624048 -18.9466 0.0691519 0.995613 0.0630226 -4.72089 0.627196 0.00573794 -0.77884 297.421 
-0.803459 0.0902889 -0.588474 -19.5472 0.0701136 0.995905 0.0570727 -4.66593 0.591217 0.00459554 -0.806499 296.568 
-0.82893 0.0855207 -0.552776 -20.1111 0.06893 0.996328 0.0507775 -4.61346 0.555089 0.00398808 -0.831781 295.679 
-0.851895 0.0828231 -0.517122 -20.6485 0.0691623 0.996559 0.0456743 -4.56523 0.519126 0.00314439 -0.854692 294.748 
-0.872877 0.0812037 -0.481136 -21.1633 0.0684219 0.996682 0.0440839 -4.52282 0.483119 0.00555966 -0.875537 293.768 
-0.892462 0.0778558 -0.444354 -21.6345 0.0660664 0.996932 0.0419826 -4.4891 0.446259 0.008111 -0.894867 292.76 
-0.91026 0.0773074 -0.406756 -22.0849 0.0669791 0.996969 0.039593 -4.44805 0.408584 0.0087958 -0.912678 291.713 
-0.926392 0.0797378 -0.368022 -22.4973 0.0703415 0.996764 0.0388997 -4.41638 0.369933 0.0101491 -0.929003 290.637 
-0.940509 0.0831017 -0.329449 -22.8789 0.0747377 0.996479 0.0379956 -4.38455 0.331447 0.0111129 -0.943408 289.516 
-0.952874 0.0839405 -0.291521 -23.2293 0.075847 0.996357 0.038975 -4.34574 0.293731 0.0150272 -0.95577 288.326 
-0.963281 0.086702 -0.254112 -23.5434 0.0793691 0.996083 0.0389893 -4.3094 0.256497 0.017389 -0.966389 287.102 
-0.972206 0.0859872 -0.217763 -23.8167 0.0796758 0.996111 0.0376164 -4.27715 0.220151 0.0192205 -0.975277 285.835 
