1 0 -0 0 -0 1 0 0 0 -0 1 -0 
0.999991 -0.00269874 -0.00332114 -0.00185634 0.00269161 0.999994 -0.00215066 -0.00478703 0.00332693 0.0021417 0.999992 0.671398 
0.999972 -0.00136936 -0.00736707 -0.0120178 0.00134179 0.999992 -0.00374623 -0.00725741 0.00737214 0.00373624 0.999966 1.36054 
0.999935 -0.00142053 -0.0112734 -0.0264784 0.00136165 0.999985 -0.00522874 -0.0107353 0.0112806 0.00521305 0.999923 2.06703 
0.999869 -9.79948e-05 -0.0161879 -0.0439175 4.16184e-06 0.999983 -0.00579643 -0.01794 0.0161882 0.0057956 0.999852 2.78928 
0.999787 -0.00115411 -0.0205999 -0.0612842 0.00103106 0.999982 -0.00598291 -0.0275305 0.0206064 0.0059604 0.99977 3.52838 
0.999684 0.000578524 -0.0251156 -0.0870067 -0.000760373 0.999974 -0.00723151 -0.0365109 0.0251108 0.00724833 0.999658 4.28142 
0.999544 0.00326608 -0.0300286 -0.117617 -0.00350281 0.999963 -0.00783415 -0.0458372 0.0300019 0.00793576 0.999518 5.04822 
0.999405 0.00359081 -0.0342915 -0.150584 -0.00380656 0.999973 -0.00622835 -0.0548528 0.0342683 0.00635518 0.999392 5.83086 
0.999245 0.00278155 -0.0387448 -0.184566 -0.00292147 0.999989 -0.00355536 -0.0640046 0.0387345 0.00366587 0.999243 6.62538 
0.999102 0.00239738 -0.0423053 -0.220745 -0.00243579 0.999997 -0.000856252 -0.0740298 0.0423031 0.000958529 0.999104 7.42916 
0.998983 0.00388704 -0.0449258 -0.264475 -0.00395678 0.999991 -0.00146359 -0.0840113 0.0449197 0.00163987 0.998989 8.23802 
0.998884 0.0033372 -0.0471027 -0.307738 -0.00341964 0.999993 -0.00166969 -0.0911247 0.0470968 0.0018289 0.998889 9.05511 
0.998802 0.000355806 -0.0489397 -0.347421 -0.000466871 0.999997 -0.002258 -0.0978196 0.0489388 0.00227814 0.998799 9.88143 
0.998702 0.000290657 -0.0509429 -0.392728 -0.00036347 0.999999 -0.00142004 -0.106643 0.0509424 0.00143671 0.998701 10.7182 
0.998626 -0.00118044 -0.0523853 -0.438336 0.00109697 0.999998 -0.00162215 -0.116909 0.0523871 0.00156246 0.998626 11.563 
0.998525 0.0011342 -0.0542763 -0.490273 -0.0013488 0.999991 -0.00391745 -0.12751 0.0542714 0.00398488 0.998518 12.4144 
0.998451 0.00157352 -0.0556154 -0.543561 -0.00193974 0.999977 -0.00653163 -0.138071 0.0556038 0.00662939 0.998431 13.2742 
0.998338 0.00544878 -0.0573755 -0.602033 -0.00592654 0.999949 -0.00816012 -0.149358 0.0573282 0.0084866 0.998319 14.1417 
0.998273 0.00631504 -0.058399 -0.659472 -0.00678044 0.999947 -0.00777452 -0.163132 0.0583468 0.00815706 0.998263 15.0198 
0.998198 0.00539922 -0.0597685 -0.715475 -0.00578538 0.999963 -0.00628976 -0.177289 0.0597323 0.00662421 0.998192 15.9068 
0.998107 0.00605613 -0.0611986 -0.773789 -0.00636086 0.999968 -0.00478574 -0.190273 0.0611677 0.00516596 0.998114 16.7985 
0.998048 0.00562848 -0.0621944 -0.833509 -0.00593257 0.999971 -0.00470571 -0.203913 0.0621661 0.0050655 0.998053 17.6942 
0.997944 0.00546918 -0.0638622 -0.89438 -0.0058344 0.999968 -0.00553382 -0.217078 0.0638299 0.00589504 0.997943 18.5946 
0.997883 0.00404644 -0.0649067 -0.954991 -0.00446428 0.99997 -0.00629374 -0.229713 0.0648793 0.00657018 0.997871 19.5013 
0.997843 0.00417191 -0.065507 -1.01756 -0.0044816 0.999979 -0.00458149 -0.241965 0.0654866 0.00486518 0.997842 20.414 
0.997843 0.00554303 -0.0654188 -1.08454 -0.00563118 0.999983 -0.00116315 -0.254796 0.0654112 0.00152902 0.997857 21.3365 
0.99789 0.00654865 -0.064599 -1.14969 -0.00639496 0.999976 0.00258557 -0.265326 0.0646144 -0.002167 0.997908 22.2638 
0.997996 0.00542424 -0.0630442 -1.21092 -0.00509392 0.999972 0.00539893 -0.271623 0.0630718 -0.00506697 0.997996 23.1965 
0.998091 0.00563325 -0.0615085 -1.27089 -0.00526376 0.999967 0.00616765 -0.27762 0.0615412 -0.00583211 0.998088 24.1311 
0.998173 0.00589416 -0.0601334 -1.33149 -0.00570398 0.999978 0.00333389 -0.284175 0.0601517 -0.0029848 0.998185 25.0691 
0.998221 0.00670512 -0.0592378 -1.39177 -0.00680632 0.999976 -0.00150677 -0.290605 0.0592263 0.00190728 0.998243 26.0104 
0.998297 0.0058655 -0.0580481 -1.4494 -0.00613412 0.999971 -0.00445038 -0.299396 0.0580204 0.00479887 0.998304 26.9583 
0.998349 0.00330176 -0.0573401 -1.50411 -0.00350241 0.999988 -0.00339912 -0.311028 0.0573282 0.00359434 0.998349 27.9144 
0.998339 0.00140229 -0.0575884 -1.55972 -0.00131463 0.999998 0.00156007 -0.32127 0.0575905 -0.00148177 0.998339 28.8791 
0.998291 -0.00235393 -0.0583995 -1.61505 0.00265196 0.999984 0.00502632 -0.332206 0.0583867 -0.0051726 0.998281 29.8485 
0.998183 -0.00979678 -0.0594573 -1.66428 0.010076 0.99994 0.00439875 -0.340441 0.0594106 -0.00498985 0.998221 30.8143 
0.99807 -0.011997 -0.0609214 -1.72066 0.0120494 0.999927 0.000492557 -0.34639 0.0609111 -0.00122567 0.998142 31.7825 
0.997987 -0.0117837 -0.0623193 -1.78474 0.0115937 0.999927 -0.00340945 -0.356394 0.0623549 0.00268007 0.99805 32.7537 
0.997866 -0.010516 -0.0644488 -1.8509 0.0102707 0.999939 -0.00413494 -0.367733 0.0644883 0.00346418 0.997912 33.7318 
0.997812 -0.0105407 -0.0652656 -1.91814 0.0103847 0.999942 -0.00272915 -0.380647 0.0652906 0.00204541 0.997864 34.7171 
0.997762 -0.00748535 -0.0664516 -1.99024 0.00750684 0.999972 7.38078e-05 -0.394067 0.0664492 -0.000572485 0.99779 35.7044 
0.997673 -0.00757341 -0.0677541 -2.06018 0.00768614 0.999969 0.00140333 -0.405173 0.0677414 -0.00192084 0.997701 36.6921 
0.997613 -0.00625088 -0.0687683 -2.13011 0.00653972 0.999971 0.00397589 -0.413623 0.0687415 -0.00441613 0.997625 37.68 
0.99762 -0.00635488 -0.0686635 -2.20024 0.00685565 0.999952 0.00705982 -0.423117 0.0686153 -0.00751374 0.997615 38.6701 
0.9976 -0.000533875 -0.0692319 -2.2785 0.00118426 0.999956 0.00935364 -0.428426 0.0692238 -0.00941318 0.997557 39.6581 
0.997588 -0.000678421 -0.0694129 -2.35104 0.0012964 0.99996 0.00885831 -0.43562 0.0694041 -0.00892693 0.997549 40.6426 
0.997593 -0.000588929 -0.0693436 -2.42158 0.0010871 0.999974 0.00714664 -0.438971 0.0693375 -0.00720481 0.997567 41.6261 
0.997594 0.00163429 -0.0693064 -2.4974 -0.00129214 0.999987 0.00498137 -0.446396 0.0693136 -0.00487983 0.997583 42.6064 
0.997524 0.00124275 -0.0703218 -2.56877 -0.00088971 0.999987 0.00505141 -0.455289 0.0703272 -0.00497634 0.997512 43.5867 
0.997436 -0.000699468 -0.0715557 -2.63887 0.00114717 0.99998 0.00621575 -0.462714 0.0715499 -0.00628191 0.997417 44.568 
0.997376 -0.000166957 -0.0723955 -2.71366 0.00069637 0.999973 0.00728762 -0.471838 0.0723923 -0.00731891 0.997349 45.5447 
0.997358 0.00228716 -0.0726006 -2.79245 -0.00202118 0.999991 0.00373678 -0.482963 0.0726085 -0.00358017 0.997354 46.5121 
0.9973 0.00281684 -0.0733814 -2.87048 -0.00285539 0.999996 -0.000420434 -0.492252 0.0733799 0.000628832 0.997304 47.4757 
0.997253 0.0036516 -0.0739784 -2.94669 -0.00378324 0.999991 -0.00163945 -0.503295 0.0739718 0.00191483 0.997258 48.4396 
0.997249 0.0024292 -0.0740905 -3.02067 -0.00229126 0.999995 0.00194673 -0.517331 0.0740949 -0.00177161 0.99725 49.4066 
0.997233 0.000561574 -0.0743354 -3.09233 -0.000186272 0.999987 0.0050556 -0.529425 0.0743373 -0.00502776 0.99722 50.3693 
0.997216 -0.001267 -0.074558 -3.16512 0.0016976 0.999982 0.00571223 -0.539837 0.0745495 -0.0058229 0.9972 51.3267 
0.997194 -0.00440697 -0.07473 -3.2358 0.00475621 0.999979 0.00449599 -0.549906 0.0747086 -0.00483881 0.997194 52.278 
0.997145 -0.00713635 -0.0751673 -3.3062 0.00739793 0.999968 0.00320199 -0.559711 0.075142 -0.00374894 0.997166 53.2255 
0.997051 -0.00867101 -0.0762469 -3.37923 0.0090345 0.999949 0.00442357 -0.568786 0.0762046 -0.00509938 0.997079 54.1733 
0.996933 -0.0116918 -0.0773872 -3.4506 0.0123906 0.999887 0.00855507 -0.576113 0.0772784 -0.0094877 0.996964 55.1204 
0.996873 -0.0125821 -0.0780171 -3.52301 0.0136775 0.999815 0.0135219 -0.580642 0.0778326 -0.0145467 0.99686 56.0654 
0.996853 -0.0108276 -0.0785348 -3.60278 0.0121041 0.999802 0.0157964 -0.58399 0.0783482 -0.0166973 0.996786 57.0028 
0.996751 -0.00969927 -0.0799549 -3.68116 0.0106811 0.999873 0.0118612 -0.58876 0.0798297 -0.0126767 0.996728 57.9264 
0.99666 -0.00817403 -0.0812505 -3.76037 0.00853362 0.999955 0.0040795 -0.593498 0.0812136 -0.00475923 0.996685 58.8374 
0.996604 -0.0064844 -0.0820871 -3.83999 0.00644653 0.999979 -0.000726367 -0.601858 0.08209 0.000194724 0.996625 59.7397 
0.99654 -0.00155184 -0.0830986 -3.92501 0.00157343 0.999999 0.000194292 -0.613396 0.0830981 -0.00032437 0.996541 60.637 
0.996466 0.00126306 -0.0839818 -4.00836 -0.00105802 0.999996 0.00248591 -0.627912 0.0839846 -0.00238827 0.996464 61.5227 
0.996363 0.0038185 -0.0851212 -4.08821 -0.00348244 0.999986 0.00409619 -0.642831 0.0851356 -0.00378487 0.996362 62.3926 
0.99627 0.004526 -0.0861694 -4.16801 -0.00421148 0.999984 0.00383155 -0.651991 0.0861854 -0.00345435 0.996273 63.2471 
0.996121 0.00626501 -0.0877651 -4.24845 -0.00587709 0.999972 0.0046777 -0.662411 0.087792 -0.00414375 0.99613 64.0916 
0.995998 0.00712016 -0.0890943 -4.32688 -0.00667158 0.999964 0.00533168 -0.675765 0.089129 -0.00471594 0.996009 64.9207 
0.995865 0.00708737 -0.0905704 -4.40446 -0.00658764 0.999961 0.00581533 -0.686905 0.0906081 -0.00519464 0.995873 65.7388 
0.995752 0.0069668 -0.0918085 -4.4824 -0.00636297 0.999956 0.00686816 -0.694473 0.0918523 -0.00625481 0.995753 66.544 
0.99561 0.00972388 -0.0930902 -4.56428 -0.00887347 0.999915 0.00954486 -0.701103 0.0931751 -0.00867692 0.995612 67.3384 
0.995483 0.0111962 -0.0942749 -4.64549 -0.00995141 0.999857 0.0136637 -0.706542 0.0944145 -0.0126638 0.995452 68.1199 
0.995285 0.0143656 -0.0959256 -4.72577 -0.0129448 0.999797 0.0154171 -0.711521 0.0961277 -0.0141026 0.995269 68.8814 
0.995115 0.0171596 -0.0972168 -4.80764 -0.0161339 0.999806 0.0113277 -0.719199 0.0973923 -0.00970386 0.995199 69.6216 
0.994989 0.0171235 -0.0985046 -4.88458 -0.0168024 0.99985 0.00408801 -0.728338 0.0985599 -0.00241241 0.995128 70.3379 
0.994858 0.0162257 -0.0999735 -4.9566 -0.0164848 0.999863 -0.0017653 -0.735305 0.0999311 0.00340426 0.994989 71.0375 
0.994805 0.0170721 -0.100358 -5.03194 -0.0174582 0.999843 -0.00297011 -0.741384 0.100291 0.00470674 0.994947 71.7209 
0.994683 0.019836 -0.101055 -5.10773 -0.0198722 0.999802 0.000649176 -0.753921 0.101047 0.00136245 0.994881 72.3883 
0.99455 0.0200785 -0.102312 -5.17777 -0.0198728 0.999798 0.00302923 -0.771367 0.102352 -0.000979486 0.994748 73.0331 
0.994504 0.0169584 -0.103319 -5.24266 -0.0170695 0.999854 -0.000191721 -0.784438 0.103301 0.00195427 0.994648 73.6552 
0.994614 0.00884812 -0.103268 -5.29739 -0.00945157 0.999941 -0.0053557 -0.797664 0.103214 0.0063029 0.994639 74.2595 
0.994749 0.00481981 -0.102229 -5.35355 -0.00588782 0.999931 -0.010148 -0.809293 0.102173 0.0106966 0.994709 74.8467 
0.995053 0.00731521 -0.0990797 -5.41498 -0.00838102 0.999911 -0.0103451 -0.821328 0.0989953 0.0111244 0.995026 75.4226 
0.995406 0.0123018 -0.0949457 -5.47808 -0.0130593 0.999888 -0.00736078 -0.833675 0.0948445 0.00856689 0.995455 75.9852 
0.995854 0.0107391 -0.0903347 -5.52546 -0.0111751 0.999928 -0.0043225 -0.844809 0.0902818 0.00531408 0.995902 76.536 
0.996381 0.00704103 -0.0847091 -5.56139 -0.0070726 0.999975 -7.2637e-05 -0.856932 0.0847064 0.000671487 0.996406 77.0759 
0.99706 0.00264483 -0.0765822 -5.59138 -0.00238955 0.999991 0.00342485 -0.870867 0.0765906 -0.00323179 0.997057 77.6036 
0.99781 0.00628448 -0.0658477 -5.62556 -0.00608196 0.999976 0.00327548 -0.87971 0.0658667 -0.00286782 0.997824 78.115 
0.998648 0.0115079 -0.0506923 -5.65544 -0.0113823 0.999931 0.00276588 -0.887213 0.0507207 -0.00218515 0.99871 78.6145 
0.999329 0.0165803 -0.0326743 -5.67067 -0.0164814 0.999859 0.00329374 -0.892755 0.0327243 -0.00275301 0.999461 79.1046 
0.999831 0.0149733 -0.0107122 -5.66169 -0.0149335 0.999881 0.0037917 -0.898189 0.0107677 -0.00363109 0.999935 79.5816 
0.999815 0.0114989 0.0154269 -5.6345 -0.0115731 0.999922 0.0047332 -0.905808 -0.0153713 -0.00491086 0.99987 80.0467 
0.998937 0.0104267 0.044901 -5.59458 -0.0107193 0.999923 0.00627976 -0.913145 -0.044832 -0.00675439 0.998972 80.5033 
0.996906 0.0100448 0.0779571 -5.5399 -0.0106789 0.999913 0.00772155 -0.919923 -0.0778728 -0.00853016 0.996927 80.9529 
0.993268 0.01003 0.115402 -5.46617 -0.0110518 0.999905 0.00821783 -0.925602 -0.115309 -0.00943792 0.993285 81.3938 
0.987544 0.010313 0.157002 -5.3732 -0.0117319 0.999898 0.00811338 -0.929499 -0.156902 -0.00985425 0.987565 81.8266 
0.979346 0.0100455 0.201944 -5.25769 -0.011919 0.999896 0.00806347 -0.935831 -0.201842 -0.0103039 0.979364 82.246 
0.967973 0.0122063 0.250759 -5.12333 -0.0141722 0.999881 0.00603528 -0.945801 -0.250656 -0.00939579 0.968031 82.6509 
0.952721 0.0131586 0.30356 -4.96493 -0.0148037 0.999886 0.00311862 -0.954813 -0.303484 -0.00746498 0.952807 83.0374 
0.933241 0.0134301 0.358999 -4.78252 -0.0147352 0.999891 0.000899343 -0.962113 -0.358948 -0.00612924 0.933338 83.4072 
0.909307 0.014122 0.415885 -4.57878 -0.0150128 0.999887 -0.00112812 -0.967512 -0.415854 -0.00521779 0.909416 83.76 
0.88065 0.0143356 0.47355 -4.35359 -0.0144862 0.99989 -0.00332971 -0.972275 -0.473546 -0.00392763 0.880761 84.0934 
0.847593 0.0127291 0.530495 -4.10778 -0.0116641 0.999918 -0.00535649 -0.982848 -0.530519 -0.00164763 0.847671 84.4026 
0.811093 0.0122748 0.584789 -3.84376 -0.0105182 0.999924 -0.00639994 -0.99598 -0.584823 -0.000959967 0.81116 84.6949 
0.771422 0.0109397 0.63623 -3.56203 -0.00974572 0.999938 -0.00537697 -1.00768 -0.63625 -0.00205261 0.771481 84.9729 
0.728794 0.0105765 0.684652 -3.26391 -0.0114013 0.99993 -0.00331054 -1.01666 -0.684639 -0.00539325 0.728863 85.2359 
0.683726 0.00953375 0.729677 -2.94946 -0.01073 0.999938 -0.00301063 -1.02508 -0.72966 -0.00577097 0.683786 85.4751 
0.637274 0.00817848 0.770594 -2.62022 -0.00758651 0.999962 -0.00433884 -1.03434 -0.7706 -0.00308109 0.637311 85.6903 
0.590567 0.00553462 0.80697 -2.27609 -0.00217036 0.999984 -0.00527006 -1.04425 -0.806986 0.00136091 0.590569 85.8825 
0.543875 0.007579 0.839132 -1.92775 -0.00421316 0.999971 -0.00630098 -1.05527 -0.839156 -0.000108449 0.543891 86.0649 
0.496528 0.0104419 0.867958 -1.57318 -0.00816723 0.99994 -0.00735752 -1.06607 -0.867982 -0.00343559 0.496584 86.2353 
0.451063 0.0125439 0.892404 -1.2101 -0.00892343 0.999915 -0.00954481 -1.0757 -0.892448 -0.003658 0.451136 86.3835 
0.408859 0.0098947 0.912544 -0.834471 -0.00160302 0.999947 -0.0101242 -1.08241 -0.912596 0.00267654 0.408853 86.5036 
0.369491 0.00225626 0.929231 -0.446103 0.0135383 0.999878 -0.00781105 -1.08594 -0.929136 0.0154663 0.369416 86.6001 
0.334229 -0.00139811 0.942491 -0.0558892 0.0177726 0.99983 -0.00481942 -1.08927 -0.942324 0.0183613 0.334197 86.6991 
0.301115 0.002673 0.953584 0.331233 0.0151477 0.999856 -0.00758591 -1.09742 -0.953468 0.0167288 0.301031 86.8029 
0.269998 0.0103681 0.962805 0.721057 0.00432606 0.999919 -0.0119809 -1.1125 -0.962851 0.00739997 0.269931 86.9119 
0.24164 0.0147098 0.970254 1.12392 -0.000384225 0.999886 -0.0150633 -1.1306 -0.970366 0.00326711 0.241618 87.0049 
0.216049 0.016372 0.976245 1.53925 0.000963342 0.999855 -0.0169812 -1.14622 -0.976382 0.00460922 0.216002 87.0772 
0.192715 0.017678 0.981096 1.9645 0.00840467 0.999771 -0.0196654 -1.15719 -0.981219 0.0120356 0.192522 87.1335 
0.172664 0.0239614 0.984689 2.39663 0.0155008 0.999514 -0.0270402 -1.15692 -0.984859 0.0199323 0.172208 87.1817 
0.153011 0.0306964 0.987748 2.8387 0.0176659 0.999273 -0.0337912 -1.15771 -0.988067 0.0226199 0.152357 87.2356 
0.13537 0.0314927 0.990295 3.29649 0.0151842 0.999311 -0.033855 -1.17232 -0.990679 0.0196198 0.134798 87.2943 
0.119891 0.0270702 0.992418 3.77197 0.013264 0.999495 -0.0288657 -1.19638 -0.992698 0.0166241 0.119471 87.3468 
0.105373 0.023781 0.994148 4.25821 0.0136205 0.999586 -0.0253548 -1.21787 -0.994339 0.0162125 0.105005 87.3909 
0.0921364 0.0213216 0.995518 4.75852 0.0159648 0.999611 -0.0228868 -1.23499 -0.995618 0.018002 0.0917601 87.4275 
0.0806054 0.0204823 0.996536 5.27281 0.0198244 0.999558 -0.0221479 -1.24976 -0.996549 0.021541 0.0801637 87.4575 
0.0704856 0.0211192 0.997289 5.7991 0.0230222 0.999475 -0.0227926 -1.26452 -0.997247 0.0245664 0.0699624 87.4849 
0.0626455 0.0216384 0.997801 6.34178 0.0250799 0.999415 -0.023248 -1.28005 -0.997721 0.0264812 0.0620662 87.5127 
0.0570859 0.0219752 0.998127 6.90184 0.0268347 0.999363 -0.0235371 -1.29622 -0.998009 0.0281281 0.0564598 87.5396 
0.0515472 0.0230766 0.998404 7.47931 0.0280823 0.999304 -0.0245473 -1.31204 -0.998276 0.0293028 0.0508633 87.5657 
0.0455461 0.02378 0.998679 8.07277 0.0286084 0.999276 -0.025099 -1.32871 -0.998553 0.0297137 0.0448328 87.5906 
0.0412432 0.0238167 0.998865 8.68425 0.0310856 0.999201 -0.0251082 -1.34678 -0.998665 0.0320859 0.0404699 87.6112 
0.0383359 0.0237794 0.998982 9.31539 0.0325847 0.999155 -0.025034 -1.36546 -0.998733 0.0335112 0.0375287 87.6316 
0.0352703 0.0233159 0.999106 9.96264 0.0334079 0.999142 -0.0244961 -1.38491 -0.998819 0.034242 0.0344611 87.6536 
0.0328594 0.0227547 0.999201 10.6265 0.0354569 0.999085 -0.023918 -1.4042 -0.998831 0.0362145 0.0320225 87.6731 
0.0322182 0.0223863 0.99923 11.305 0.0399315 0.998922 -0.0236669 -1.4241 -0.998683 0.0406633 0.0312896 87.6888 
0.0332704 0.0220265 0.999204 11.9996 0.0434568 0.99878 -0.0234642 -1.44457 -0.998501 0.0442029 0.0322726 87.7072 
0.035736 0.0219449 0.99912 12.7088 0.0452113 0.9987 -0.0235528 -1.46509 -0.998338 0.0460132 0.0346973 87.7317 
0.0396058 0.0218592 0.998976 13.4336 0.0476877 0.99858 -0.0237412 -1.48639 -0.998077 0.0485792 0.0385071 87.7596 
0.0439184 0.0214057 0.998806 14.1752 0.0480795 0.998567 -0.0235146 -1.50697 -0.997878 0.0490548 0.0428263 87.7932 
0.0479701 0.0197805 0.998653 14.9331 0.0495854 0.998524 -0.0221598 -1.52753 -0.997617 0.0505816 0.0469185 87.8299 
0.0519655 0.0182277 0.998483 15.7049 0.0494313 0.998561 -0.0208017 -1.54871 -0.997425 0.0504373 0.0509897 87.8732 
0.0560566 0.0161447 0.998297 16.4912 0.0463451 0.998749 -0.0187543 -1.57089 -0.997351 0.0473174 0.0552382 87.9247 
0.0600863 0.0150833 0.998079 17.2881 0.0455475 0.998803 -0.0178363 -1.59158 -0.997153 0.0465318 0.0593274 87.979 
0.0641092 0.0160641 0.997814 18.0899 0.0427639 0.998908 -0.0188293 -1.61426 -0.997026 0.0438775 0.0633522 88.0383 
0.0672613 0.0201686 0.997532 18.8934 0.0406703 0.998909 -0.0229387 -1.64054 -0.996906 0.0421128 0.0663677 88.0988 
0.0685335 0.0254524 0.997324 19.699 0.0348709 0.999003 -0.0278915 -1.6674 -0.997039 0.0366891 0.0675776 88.1653 
0.0683511 0.028582 0.997252 20.5105 0.0320054 0.999012 -0.030826 -1.69685 -0.997148 0.0340244 0.0673689 88.2288 
0.068464 0.0280495 0.997259 21.3227 0.0297146 0.999104 -0.0301413 -1.73029 -0.997211 0.0316967 0.0675691 88.2905 
0.0684404 0.0262318 0.99731 22.1384 0.0268878 0.999243 -0.0281278 -1.7662 -0.997293 0.0287406 0.0676832 88.3537 
0.0682756 0.0250639 0.997352 22.9523 0.0278886 0.999246 -0.0270207 -1.79809 -0.997277 0.0296596 0.0675251 88.4124 
0.0687226 0.0244126 0.997337 23.7657 0.025353 0.999335 -0.0262084 -1.83162 -0.997314 0.0270866 0.068058 88.4742 
0.0688476 0.0247314 0.997321 24.5765 0.0237439 0.999369 -0.0264213 -1.86565 -0.997345 0.0254993 0.0682169 88.5364 
0.0689871 0.0253464 0.997296 25.3866 0.0208513 0.999422 -0.0268429 -1.89855 -0.9974 0.0226467 0.0684188 88.5989 
0.0677904 0.0267049 0.997342 26.1943 0.0180677 0.999445 -0.0279893 -1.93159 -0.997536 0.0199171 0.0672703 88.661 
0.0649556 0.0263259 0.997541 27.0025 0.0150854 0.999512 -0.0273603 -1.96367 -0.997774 0.0168255 0.0645268 88.7217 
0.061054 0.0250501 0.99782 27.8108 0.0126144 0.999586 -0.0258663 -1.99567 -0.998055 0.0141662 0.0607127 88.7783 
0.0561819 0.0226551 0.998163 28.6194 0.0106545 0.999672 -0.0232891 -2.02726 -0.998364 0.0119434 0.0559221 88.8298 
0.0498886 0.0206242 0.998542 29.4261 0.00844457 0.999742 -0.0210709 -2.05827 -0.998719 0.00948345 0.0497016 88.8763 
0.0425122 0.0208256 0.998879 30.2266 0.00799173 0.999744 -0.0211837 -2.08902 -0.999064 0.00888334 0.0423349 88.9132 
0.033814 0.0217967 0.99919 31.0238 0.00770234 0.999727 -0.022069 -2.11765 -0.999398 0.00844235 0.0336369 88.942 
0.0238773 0.0221969 0.999468 31.8188 0.00802162 0.999717 -0.022394 -2.145 -0.999683 0.00855206 0.0236925 88.962 
0.0136402 0.0211818 0.999683 32.6124 0.00914128 0.999731 -0.0213076 -2.17366 -0.999865 0.00942902 0.0134429 88.9726 
0.00286171 0.0201943 0.999792 33.4026 0.00805196 0.999763 -0.0202168 -2.20284 -0.999963 0.00810814 0.00269843 88.9768 
-0.0082516 0.0193841 0.999778 34.1891 0.00937152 0.99977 -0.0193066 -2.22976 -0.999922 0.00921013 -0.00843136 88.9691 
-0.019257 0.0197156 0.99962 34.9703 0.00955438 0.999764 -0.0195344 -2.25769 -0.999769 0.00917457 -0.0194409 88.9541 
-0.0302868 0.02029 0.999335 35.747 0.00981414 0.999752 -0.0200011 -2.28638 -0.999493 0.00920185 -0.0304784 88.9302 
-0.0409115 0.0213182 0.998935 36.5186 0.00940411 0.999736 -0.0209501 -2.31413 -0.999119 0.00853699 -0.0411011 88.8999 
-0.051214 0.0223769 0.998437 37.2832 0.0103279 0.999707 -0.0218756 -2.3408 -0.998634 0.00919138 -0.0514301 88.86 
-0.06067 0.0230792 0.997891 38.0405 0.0110991 0.999686 -0.0224459 -2.36818 -0.998096 0.00971386 -0.0609071 88.8119 
-0.0702694 0.0235497 0.99725 38.7903 0.0117644 0.999671 -0.0227779 -2.39696 -0.997459 0.0101315 -0.0705234 88.7576 
-0.0795837 0.0238373 0.996543 39.5314 0.0125015 0.999659 -0.0229134 -2.42596 -0.99675 0.0106347 -0.0798546 88.6972 
-0.0881559 0.0233301 0.995833 40.2658 0.0135969 0.999661 -0.0222161 -2.45395 -0.996014 0.0115818 -0.0884432 88.63 
-0.095475 0.0221815 0.995185 40.993 0.0153145 0.999666 -0.0208121 -2.48162 -0.995314 0.0132537 -0.0957828 88.5581 
-0.100699 0.0204962 0.994706 41.7108 0.0181098 0.99966 -0.0187649 -2.50826 -0.994752 0.0161243 -0.101036 88.4822 
-0.104492 0.0188882 0.994346 42.4196 0.0210703 0.999637 -0.0167745 -2.53331 -0.994302 0.0191983 -0.104852 88.404 
-0.107255 0.0177416 0.994073 43.1187 0.0226227 0.999625 -0.0153998 -2.55711 -0.993974 0.020837 -0.107616 88.3282 
-0.108977 0.0168669 0.993901 43.8034 0.0228955 0.999633 -0.0144538 -2.57947 -0.993781 0.0211807 -0.109323 88.2536 
-0.109753 0.0172723 0.993809 44.4721 0.0236826 0.999611 -0.0147577 -2.60224 -0.993677 0.0219163 -0.11012 88.1803 
-0.108829 0.0183132 0.993892 45.1247 0.0245331 0.999575 -0.0157316 -2.62432 -0.993758 0.0226712 -0.109232 88.1089 
-0.105897 0.0199293 0.994177 45.7593 0.0254967 0.999525 -0.0173207 -2.64629 -0.99405 0.0235141 -0.106355 88.0429 
-0.100717 0.0204651 0.994705 46.3777 0.0255641 0.999512 -0.0179756 -2.66745 -0.994587 0.0236183 -0.101191 87.9838 
-0.0927053 0.0212108 0.995468 46.9766 0.0251305 0.999504 -0.0189564 -2.68935 -0.995376 0.0232593 -0.0931924 87.9342 
-0.0815747 0.021153 0.996443 47.5556 0.0240343 0.999526 -0.0192508 -2.71219 -0.996377 0.0223784 -0.0820444 87.8952 
-0.0678463 0.0214369 0.997465 48.1166 0.023279 0.999531 -0.0198979 -2.73505 -0.997424 0.02187 -0.0683135 87.8675 
-0.0506475 0.0227634 0.998457 48.66 0.0224006 0.999515 -0.0216512 -2.7575 -0.998465 0.0212695 -0.0511329 87.8526 
-0.0294019 0.0253318 0.999247 49.1946 0.0208018 0.999478 -0.0247256 -2.77987 -0.999351 0.0200592 -0.0299135 87.8517 
-0.00489599 0.0283384 0.999586 49.7252 0.0188541 0.999423 -0.0282415 -2.80356 -0.99981 0.0187081 -0.00542746 87.8683 
0.0232626 0.0300929 0.999276 50.2532 0.0170211 0.99939 -0.0304926 -2.82667 -0.999584 0.0177181 0.0227362 87.9022 
0.0562424 0.0296652 0.997976 50.7822 0.0149237 0.999422 -0.0305492 -2.84757 -0.998306 0.0166116 0.0557671 87.9552 
0.0940408 0.0273168 0.995194 51.3097 0.0138581 0.999491 -0.0287443 -2.86836 -0.995472 0.0164947 0.0936143 88.0297 
0.135801 0.0235948 0.990455 51.83 0.011596 0.99961 -0.0254029 -2.89135 -0.990668 0.014935 0.135475 88.1293 
0.180614 0.0192887 0.983365 52.3403 0.00908745 0.999732 -0.0212788 -2.91377 -0.983512 0.0127795 0.180391 88.255 
0.228456 0.0160522 0.973422 52.8399 0.00456867 0.999835 -0.0175601 -2.93378 -0.973544 0.00845893 0.228345 88.409 
0.279387 0.014545 0.960069 53.324 0.000930555 0.999881 -0.0154189 -2.95207 -0.960178 0.00520124 0.27934 88.589 
0.333566 0.0142811 0.942619 53.7924 0.000229129 0.999884 -0.0152298 -2.96748 -0.942727 0.00529613 0.333524 88.7943 
0.390978 0.0147657 0.920281 54.2392 0.00243527 0.999851 -0.017077 -2.98358 -0.920397 0.00891786 0.390884 89.0232 
0.450183 0.0179558 0.892756 54.6608 0.00340311 0.999756 -0.0218239 -3.00231 -0.89293 0.0128629 0.450012 89.2785 
0.509335 0.0209676 0.860313 55.058 0.00481971 0.999618 -0.0272161 -3.02114 -0.860555 0.0180086 0.50904 89.5562 
0.567193 0.0249118 0.823208 55.4321 0.00103848 0.99952 -0.0309629 -3.03815 -0.823584 0.0184168 0.566895 89.8643 
0.622622 0.0271731 0.782051 55.7737 -0.00219554 0.999454 -0.032979 -3.05712 -0.78252 0.0188164 0.622342 90.1963 
0.675167 0.0277069 0.737145 56.0955 -0.0033938 0.9994 -0.0344557 -3.07512 -0.737657 0.0207616 0.674856 90.5482 
0.72402 0.0253684 0.689312 56.3946 -0.00322805 0.999437 -0.0333912 -3.09477 -0.689771 0.0219507 0.723695 90.9196 
0.768977 0.0218494 0.638903 56.6683 -0.00513581 0.999595 -0.0280031 -3.11216 -0.639256 0.0182525 0.768777 91.3189 
0.810125 0.0166485 0.58602 56.916 -0.00541619 0.999767 -0.0209154 -3.12752 -0.586232 0.0137701 0.810026 91.7386 
0.846631 0.0137772 0.532002 57.1366 -0.00720618 0.99987 -0.0144256 -3.14165 -0.532132 0.00837942 0.84662 92.1723 
0.877845 0.0100364 0.47884 57.336 -0.00757197 0.999946 -0.00707725 -3.15328 -0.478886 0.00258696 0.877873 92.6205 
0.903544 0.0104949 0.428367 57.5062 -0.010847 0.99994 -0.00161887 -3.16581 -0.428359 -0.00318379 0.903603 93.0753 
0.923799 0.0122832 0.38268 57.6554 -0.0140811 0.999899 0.00189734 -3.17689 -0.382618 -0.0071413 0.923879 93.5381 
0.939164 0.0181058 0.342991 57.7834 -0.0209232 0.999771 0.00451533 -3.18302 -0.34283 -0.0114171 0.939328 94.0126 
0.951121 0.0223924 0.308006 57.9003 -0.0246474 0.99969 0.00343208 -3.18365 -0.307834 -0.0108559 0.951378 94.4909 
0.960462 0.0243337 0.277344 58.0149 -0.0263406 0.999647 0.0035121 -3.18326 -0.277161 -0.0106786 0.960764 94.9767 
0.96665 0.0188834 0.255404 58.1362 -0.0204653 0.999784 0.00353716 -3.1861 -0.255283 -0.00864611 0.966828 95.4664 
0.970667 0.0158918 0.239904 58.2481 -0.0174097 0.99984 0.00420895 -3.19272 -0.239799 -0.00826214 0.970787 95.9607 
0.973611 0.0201059 0.227328 58.3468 -0.0215463 0.99976 0.00385614 -3.19528 -0.227196 -0.00865245 0.973811 96.4642 
0.975654 0.0256444 0.217812 58.4405 -0.0272369 0.99962 0.0043116 -3.19392 -0.217619 -0.0101392 0.975981 96.9743 
0.976738 0.0332898 0.211835 58.5363 -0.0346916 0.999394 0.00290337 -3.1929 -0.21161 -0.0101847 0.977301 97.4967 
0.977148 0.0391694 0.208921 58.6339 -0.0399156 0.999203 -0.000645227 -3.19813 -0.20878 -0.00770872 0.977932 98.0219 
0.977266 0.0405414 0.208107 58.7434 -0.0407966 0.999163 -0.00306741 -3.2085 -0.208057 -0.00549237 0.978101 98.5554 
0.976807 0.0391034 0.210523 58.8623 -0.0385648 0.999234 -0.00666521 -3.21657 -0.210622 -0.00160813 0.977566 99.0984 
0.975987 0.0377832 0.214527 58.9847 -0.0358083 0.999273 -0.0130861 -3.22191 -0.214865 0.00509002 0.97663 99.6483 
0.975063 0.0380414 0.218646 59.1123 -0.0349693 0.999228 -0.0179048 -3.22793 -0.219158 0.00981241 0.97564 100.216 
0.973875 0.0429197 0.222993 59.2351 -0.040048 0.999046 -0.0173862 -3.23919 -0.223526 0.00800159 0.974665 100.79 
0.972432 0.0459299 0.22862 59.3667 -0.0440358 0.99894 -0.0133821 -3.25078 -0.228993 0.00294569 0.973424 101.385 
0.9714 0.0430569 0.233515 59.5077 -0.0421727 0.999072 -0.00878093 -3.26291 -0.233676 -0.00131814 0.972314 101.985 
0.970672 0.0386863 0.237275 59.6659 -0.0390383 0.999233 -0.00321647 -3.2734 -0.237218 -0.0061407 0.971437 102.605 
0.969864 0.0361312 0.240954 59.821 -0.0375807 0.999293 0.00142144 -3.28206 -0.240732 -0.0104338 0.970536 103.229 
0.969281 0.0316231 0.243914 59.9818 -0.033125 0.999449 0.00205689 -3.28706 -0.243714 -0.0100733 0.969795 103.861 
0.969309 0.0282341 0.244217 60.1472 -0.0288542 0.999583 -0.00103872 -3.29447 -0.244145 -0.00603986 0.96972 104.498 
0.96943 0.0276405 0.243806 60.31 -0.0264777 0.999617 -0.0080458 -3.30318 -0.243935 0.00134442 0.969791 105.146 
0.969565 0.0300256 0.242987 60.4695 -0.0272728 0.99952 -0.0146857 -3.31183 -0.243311 0.0076118 0.969918 105.806 
0.970123 0.033065 0.240349 60.6297 -0.0294841 0.999394 -0.0184803 -3.31918 -0.240815 0.0108417 0.970511 106.482 
0.970766 0.0314157 0.237964 60.7966 -0.0288611 0.999482 -0.0142124 -3.32933 -0.238288 0.00692902 0.97117 107.177 
0.971225 0.0273184 0.236593 60.9694 -0.0265235 0.999627 -0.00654262 -3.34282 -0.236683 7.90895e-05 0.971587 107.887 
0.971804 0.0276802 0.23416 61.1376 -0.0283091 0.999599 -0.000675625 -3.35766 -0.234085 -0.00597228 0.972198 108.606 
0.972122 0.0310474 0.232412 61.3006 -0.031592 0.9995 -0.00137911 -3.36819 -0.232339 -0.00600171 0.972616 109.333 
0.972426 0.036781 0.230292 61.4606 -0.0363744 0.99932 -0.006012 -3.37623 -0.230356 -0.0025305 0.973103 110.068 
0.973315 0.0376393 0.226364 61.6282 -0.0359999 0.999287 -0.0113673 -3.38428 -0.226631 0.00291492 0.973976 110.812 
0.974273 0.0364653 0.222402 61.7987 -0.034146 0.999315 -0.0142658 -3.39527 -0.22277 0.00630463 0.974851 111.568 
0.975216 0.0342139 0.218593 61.9697 -0.0322074 0.9994 -0.0127369 -3.40953 -0.218898 0.0053809 0.975733 112.34 
0.976089 0.0302933 0.21525 62.1425 -0.0286695 0.999532 -0.0106625 -3.42562 -0.215472 0.00423647 0.976501 113.122 
0.976496 0.0293582 0.213525 62.3123 -0.0283355 0.999568 -0.00784912 -3.4416 -0.213663 0.0016143 0.976906 113.915 
0.976858 0.026047 0.212295 62.4864 -0.0254486 0.999661 -0.00555118 -3.45345 -0.212368 2.00876e-05 0.97719 114.714 
0.97708 0.0209618 0.211838 62.6644 -0.020502 0.99978 -0.00436688 -3.46476 -0.211883 -7.63258e-05 0.977295 115.52 
0.977201 0.0217098 0.211205 62.8366 -0.0216213 0.999763 -0.00272877 -3.47658 -0.211214 -0.00189996 0.977438 116.332 
0.976957 0.0272065 0.211697 63.0015 -0.0268263 0.999629 -0.00466838 -3.48864 -0.211746 -0.00111824 0.977324 117.149 
0.97668 0.0328564 0.21217 63.1676 -0.0318939 0.99946 -0.00795847 -3.5009 -0.212317 0.00100596 0.9772 117.969 
0.976168 0.0416883 0.212973 63.3339 -0.0405812 0.99913 -0.00956922 -3.51302 -0.213187 0.000698485 0.977011 118.797 
0.975239 0.0476426 0.215962 63.5027 -0.0468051 0.998864 -0.00899412 -3.5284 -0.216145 -0.0013367 0.97636 119.633 
0.974446 0.0501125 0.218961 63.679 -0.0498011 0.998735 -0.00694466 -3.54621 -0.219032 -0.0041373 0.975709 120.474 
0.973837 0.0507188 0.221517 63.8633 -0.0502356 0.998707 -0.00781853 -3.56231 -0.221627 -0.00351408 0.975125 121.315 
0.973474 0.049345 0.223413 64.0519 -0.0482026 0.998782 -0.0105674 -3.57811 -0.223662 -0.000482031 0.974667 122.154 
0.973498 0.0430106 0.224613 64.251 -0.0420319 0.999074 -0.00913907 -3.5957 -0.224798 -0.000544056 0.974405 122.995 
0.973701 0.0363858 0.224905 64.4526 -0.0348912 0.999335 -0.0106179 -3.61637 -0.225141 0.00249143 0.974323 123.833 
0.973413 0.0357906 0.226245 64.6461 -0.0342984 0.999356 -0.0105242 -3.638 -0.226476 0.00248451 0.974014 124.674 
0.97292 0.0384504 0.227922 64.8362 -0.0376944 0.99926 -0.00767071 -3.65427 -0.228049 -0.00112841 0.973649 125.517 
0.972526 0.0405995 0.229225 65.0233 -0.0412424 0.999147 -0.00198729 -3.66801 -0.22911 -0.0075211 0.973372 126.363 
0.972124 0.0440381 0.230294 65.2117 -0.0457802 0.998949 0.00222458 -3.68472 -0.229954 -0.0127055 0.973119 127.203 
0.971892 0.0434511 0.231384 65.4027 -0.0436562 0.999038 -0.00423634 -3.70133 -0.231346 -0.00598409 0.972853 128.031 
0.972156 0.0393278 0.231012 65.6006 -0.0360151 0.999179 -0.018541 -3.72111 -0.231551 0.00970486 0.972774 128.844 
0.972422 0.0372141 0.23024 65.7999 -0.0317331 0.999119 -0.0274642 -3.74201 -0.231059 0.0194006 0.972746 129.661 
0.972663 0.0343174 0.229673 65.9948 -0.0309044 0.999352 -0.018442 -3.75952 -0.230157 0.01084 0.973093 130.498 
0.973065 0.0277952 0.22885 66.1913 -0.0291165 0.999573 0.00239823 -3.78021 -0.228686 -0.00899693 0.973459 131.344 
0.973344 0.0243279 0.228057 66.3852 -0.0290888 0.999423 0.0175374 -3.79971 -0.227499 -0.0237038 0.97349 132.181 
0.973372 0.0289635 0.227395 66.5637 -0.0325116 0.999401 0.0118727 -3.80812 -0.226915 -0.0189495 0.97373 132.996 
0.973521 0.0373473 0.225524 66.7355 -0.0373647 0.999293 -0.00419283 -3.8124 -0.225521 -0.00434483 0.974229 133.799 
0.9738 0.0376041 0.224275 66.9159 -0.0358192 0.999286 -0.0120236 -3.81926 -0.224567 0.00367521 0.974452 134.606 
0.974418 0.0334979 0.222233 67.1014 -0.0314572 0.999424 -0.012717 -3.84004 -0.222531 0.00540088 0.974911 135.418 
0.975033 0.033189 0.219568 67.2792 -0.0315408 0.999442 -0.0110087 -3.86589 -0.219811 0.00380848 0.975535 136.235 
0.975862 0.032777 0.215915 67.4517 -0.030852 0.999449 -0.0122805 -3.88233 -0.216199 0.00532268 0.976335 137.046 
0.976877 0.0338766 0.211099 67.6207 -0.0316544 0.999402 -0.0138984 -3.9014 -0.211444 0.00689479 0.977366 137.855 
0.977302 0.0389782 0.208235 67.7774 -0.0369037 0.999223 -0.0138394 -3.92555 -0.208613 0.0058406 0.977981 138.661 
0.977462 0.0450686 0.206243 67.9289 -0.0430758 0.998972 -0.0141448 -3.94371 -0.206668 0.00494198 0.978399 139.468 
0.977762 0.0464783 0.204504 68.0865 -0.0449328 0.998916 -0.0121971 -3.96516 -0.204849 0.00273695 0.97879 140.274 
0.97809 0.0443467 0.203405 68.2486 -0.043776 0.999015 -0.00730631 -3.98539 -0.203529 -0.00175804 0.979067 141.08 
0.978443 0.042934 0.202003 68.4084 -0.0423369 0.999077 -0.00727782 -4.00465 -0.202129 -0.00143124 0.979358 141.881 
0.979045 0.0413447 0.199401 68.5669 -0.0401146 0.999143 -0.010207 -4.02471 -0.199652 0.00199426 0.979865 142.674 
0.980205 0.0366389 0.194565 68.7263 -0.0345828 0.999304 -0.013955 -4.04415 -0.194941 0.00695018 0.98079 143.466 
0.981567 0.0338522 0.188098 68.8792 -0.031597 0.999388 -0.0149759 -4.06096 -0.18849 0.00875653 0.982036 144.259 
0.982816 0.0321178 0.181773 69.023 -0.0308863 0.999477 -0.00960213 -4.07807 -0.181986 0.00382283 0.983294 145.059 
0.983964 0.0294993 0.175908 69.1609 -0.0297559 0.999557 -0.00117933 -4.09396 -0.175865 -0.00407389 0.984406 145.863 
0.984703 0.0264668 0.172219 69.3003 -0.0283027 0.999566 0.00821315 -4.10368 -0.171927 -0.0129618 0.985024 146.666 
0.985185 0.033145 0.168264 69.421 -0.0354817 0.999311 0.0108989 -4.11136 -0.167787 -0.0167077 0.985682 147.466 
0.985885 0.0360081 0.163507 69.5404 -0.0375479 0.999275 0.00633547 -4.11891 -0.163161 -0.0123854 0.986522 148.258 
0.987065 0.0366472 0.156078 69.6617 -0.0364969 0.999326 -0.00382975 -4.12645 -0.156113 -0.00191615 0.987737 149.047 
0.988174 0.0335107 0.149631 69.7815 -0.0324863 0.999429 -0.00928574 -4.13144 -0.149857 0.00431497 0.988698 149.844 
0.989177 0.0326633 0.143044 69.8932 -0.0318201 0.99946 -0.00817901 -4.14335 -0.143234 0.00353881 0.989683 150.653 
0.989999 0.0392699 0.135499 69.9882 -0.0389948 0.999228 -0.00468525 -4.16032 -0.135578 -0.000645356 0.990766 151.469 
0.990828 0.0447753 0.127498 70.0736 -0.0443632 0.998997 -0.00607172 -4.17577 -0.127642 0.000359828 0.99182 152.283 
0.991954 0.0474933 0.117351 70.1598 -0.0464272 0.998852 -0.0118032 -4.18992 -0.117777 0.00625997 0.99302 153.095 
0.992981 0.046133 0.108907 70.2439 -0.044864 0.998894 -0.0140753 -4.20435 -0.109436 0.00909053 0.993952 153.912 
0.993826 0.0461484 0.100893 70.3199 -0.0452509 0.998913 -0.0111666 -4.21974 -0.101298 0.00653216 0.994835 154.737 
0.994441 0.0487628 0.0933288 70.3834 -0.048606 0.99881 -0.00395339 -4.23644 -0.0934106 -0.000604933 0.995627 155.569 
0.994988 0.0521256 0.085331 70.4387 -0.0524762 0.99862 0.00186938 -4.24793 -0.0851159 -0.00633786 0.996351 156.401 
0.99565 0.0510841 0.0779164 70.4953 -0.0516507 0.998651 0.00527211 -4.25622 -0.077542 -0.00927361 0.996946 157.23 
0.996071 0.0518823 0.0717702 70.5467 -0.0525476 0.998591 0.00741153 -4.26185 -0.0712845 -0.0111538 0.997394 158.058 
0.996412 0.0509829 0.0675496 70.5957 -0.0514815 0.998658 0.00566013 -4.2697 -0.0671704 -0.00911738 0.9977 158.882 
0.996457 0.0558566 0.0628718 70.6341 -0.055983 0.998432 0.000249994 -4.27804 -0.0627592 -0.00376886 0.998022 159.701 
0.996333 0.0618844 0.0590773 70.6652 -0.0616143 0.99808 -0.00638378 -4.28832 -0.0593589 0.00272036 0.998233 160.52 
0.996427 0.0631688 0.0560702 70.6998 -0.062782 0.99799 -0.00863674 -4.29791 -0.056503 0.00508568 0.998389 161.341 
0.996486 0.0647782 0.0531064 70.7349 -0.0647343 0.997899 -0.00254974 -4.30808 -0.05316 -0.000897024 0.998586 162.172 
0.996438 0.0668452 0.0514058 70.7635 -0.0673363 0.997699 0.00788047 -4.31478 -0.0507608 -0.0113139 0.998647 163.005 
0.996505 0.0681451 0.0483083 70.7926 -0.0689516 0.997504 0.0152278 -4.32268 -0.04715 -0.0185055 0.998716 163.835 
0.996957 0.0648218 0.043291 70.8241 -0.0654025 0.997785 0.012132 -4.32913 -0.0424087 -0.0149264 0.998989 164.65 
0.997915 0.0526643 0.0373225 70.8631 -0.0527856 0.998603 0.00227126 -4.33427 -0.0371508 -0.00423662 0.999301 165.458 
0.998275 0.0503994 0.0301266 70.8893 -0.0503528 0.998729 -0.00230347 -4.33408 -0.0302044 0.000782535 0.999543 166.271 
0.998254 0.0542414 0.0233959 70.8954 -0.0542356 0.998528 -0.000884299 -4.34082 -0.0234094 -0.000386137 0.999726 167.094 
0.99851 0.0522061 0.0158772 70.9018 -0.0522998 0.998616 0.00554757 -4.35072 -0.0155656 -0.00636968 0.999859 167.925 
0.998868 0.0468281 0.00838168 70.912 -0.0469047 0.998857 0.00918744 -4.35635 -0.00794187 -0.00957018 0.999923 168.758 
0.999273 0.0380357 0.00277993 70.9171 -0.0380695 0.999186 0.0133393 -4.35377 -0.0022703 -0.0134354 0.999907 169.593 
0.99942 0.0338759 -0.00347516 70.915 -0.0338265 0.999338 0.0134135 -4.35799 0.00392725 -0.0132882 0.999904 170.424 
0.99948 0.0307035 -0.00984962 70.9037 -0.0306387 0.999508 0.00666028 -4.36516 0.0100493 -0.00635504 0.999929 171.251 
0.999614 0.0216593 -0.0174233 70.8948 -0.021722 0.999758 -0.00341474 -4.36899 0.0173451 0.00379189 0.999842 172.073 
0.999643 0.0115095 -0.0241222 70.8881 -0.0116916 0.999904 -0.00742326 -4.37424 0.0240344 0.00770264 0.999681 172.904 
0.999418 0.0152612 -0.0305101 70.8559 -0.0152655 0.999883 9.34865e-05 -4.38197 0.030508 0.00037232 0.999534 173.749 
0.99904 0.02591 -0.0353312 70.8044 -0.0254507 0.999586 0.0133894 -4.38651 0.0356635 -0.0124774 0.999286 174.602 
0.998728 0.0308729 -0.0398665 70.7562 -0.0300468 0.999325 0.0211552 -4.39206 0.0404927 -0.0199305 0.998981 175.45 
0.998589 0.0303174 -0.0435899 70.7118 -0.0295471 0.999398 0.0182096 -4.39119 0.0441157 -0.016896 0.998884 176.289 
0.998443 0.0319174 -0.0457491 70.6639 -0.0316084 0.999472 0.00746029 -4.38936 0.045963 -0.00600262 0.998925 177.119 
0.997902 0.042606 -0.0487422 70.6023 -0.0427383 0.999085 -0.0016738 -4.3906 0.0486263 0.00375344 0.99881 177.952 
0.997859 0.0409528 -0.0509868 70.553 -0.0412739 0.999134 -0.00526129 -4.39713 0.0507272 0.00735445 0.998685 178.794 
0.99794 0.0356169 -0.0533559 70.515 -0.0356888 0.999363 -0.000394783 -4.40609 0.0533078 0.00229818 0.998575 179.647 
0.997946 0.0358907 -0.053071 70.465 -0.0354935 0.999335 0.00840954 -4.41248 0.0533375 -0.00650859 0.998555 180.506 
0.997903 0.0377123 -0.0526129 70.4096 -0.0370259 0.999217 0.0139613 -4.41684 0.0530982 -0.011984 0.998517 181.362 
0.997814 0.037642 -0.0543203 70.3577 -0.0369792 0.999229 0.0131557 -4.4202 0.0547736 -0.0111182 0.998437 182.211 
0.997804 0.0343896 -0.0566168 70.3069 -0.0342115 0.999406 0.00411139 -4.42567 0.0567246 -0.00216541 0.998388 183.053 
0.997973 0.0236928 -0.0590564 70.268 -0.0241734 0.99968 -0.00743745 -4.4348 0.0588612 0.00884997 0.998227 183.891 
0.99804 0.0133137 -0.0611477 70.2286 -0.014043 0.999835 -0.0115112 -4.44518 0.0609843 0.0123473 0.998062 184.737 
0.997944 0.0159925 -0.0620616 70.1695 -0.0164517 0.999841 -0.00689542 -4.4579 0.0619414 0.00790226 0.998049 185.591 
0.997768 0.0219964 -0.0630439 70.1037 -0.0217932 0.999755 0.00390847 -4.47202 0.0631144 -0.00252582 0.998003 186.447 
0.997651 0.023033 -0.0645138 70.0433 -0.0225948 0.999716 0.00751401 -4.48657 0.0646686 -0.00603868 0.997889 187.295 
0.997612 0.0220311 -0.0654603 69.987 -0.0218293 0.999755 0.00379695 -4.49544 0.0655279 -0.00235893 0.997848 188.132 
0.997616 0.0222754 -0.0653158 69.9268 -0.0224823 0.999744 -0.00243383 -4.50186 0.0652449 0.00389647 0.997862 188.965 
0.997415 0.0289852 -0.0657453 69.8578 -0.0292328 0.999569 -0.00280738 -4.51072 0.0656356 0.00472204 0.997832 189.8 
0.997313 0.0317583 -0.0660225 69.793 -0.0318086 0.999494 0.000289725 -4.52379 0.0659983 0.00181113 0.997818 190.637 
0.997135 0.0355636 -0.0667572 69.7279 -0.0354081 0.999367 0.00351091 -4.53583 0.0668397 -0.00113711 0.997763 191.471 
0.997003 0.0390586 -0.0667828 69.6629 -0.0387232 0.99923 0.00630956 -4.54351 0.0669779 -0.0037046 0.997748 192.301 
