1 0 -0 0 -0 1 0 0 0 -0 1 -0 
1 -0.000520404 -0.000217252 -0.00623882 0.000520754 0.999999 0.00161373 -0.0211887 0.000216412 -0.00161384 0.999999 1.3337 
0.999998 -0.0016415 -0.000655473 -0.0119805 0.00164262 0.999997 0.00170958 -0.0431247 0.000652665 -0.00171066 0.999998 2.66984 
0.999995 -0.00298753 -0.000759339 -0.0166015 0.00298801 0.999995 0.000624413 -0.0626586 0.00075747 -0.000626679 1 4.0094 
0.999994 -0.00326156 -0.000608392 -0.0235246 0.00326198 0.999994 0.000689997 -0.0833168 0.000606138 -0.000691977 1 5.35373 
0.999993 -0.00376906 -0.000599154 -0.0304031 0.00377001 0.999992 0.00157874 -0.104943 0.000593199 -0.00158098 0.999999 6.69944 
0.999986 -0.00521908 -0.000486332 -0.035327 0.00522041 0.999983 0.00277125 -0.125213 0.00047186 -0.00277375 0.999996 8.04926 
0.999988 -0.00480827 -0.000709654 -0.0430828 0.00481059 0.999983 0.00330243 -0.145128 0.000693763 -0.00330581 0.999994 9.40117 
0.999991 -0.00397404 -0.00110271 -0.0516299 0.00397568 0.999991 0.00149309 -0.164768 0.00109677 -0.00149747 0.999998 10.7538 
0.999999 -0.00113745 -0.00114867 -0.0643882 0.00113664 0.999999 -0.000709354 -0.185644 0.00114947 0.000708047 0.999999 12.1081 
0.999997 0.00233299 -0.000962596 -0.0784273 -0.00233453 0.999996 -0.00160713 -0.208412 0.000958843 0.00160937 0.999998 13.4677 
0.999989 0.00469155 -0.000907085 -0.091649 -0.00469309 0.999988 -0.00170308 -0.233135 0.000899083 0.00170732 0.999998 14.8314 
0.999983 0.00570471 -0.000788443 -0.102134 -0.00570536 0.999983 -0.000830557 -0.256699 0.000783691 0.000835041 0.999999 16.1976 
0.999995 0.00326316 -0.000365589 -0.108403 -0.00326247 0.999993 0.00188489 -0.277889 0.000371737 -0.00188369 0.999998 17.5671 
1 -0.000857426 -0.000289723 -0.109908 0.000858489 0.999993 0.00369153 -0.299233 0.000286556 -0.00369178 0.999993 18.9377 
0.999995 -0.00318728 -0.000641724 -0.112528 0.00318816 0.999994 0.00138459 -0.319382 0.000637307 -0.00138663 0.999999 20.3063 
0.999991 -0.00424482 -0.000704674 -0.116966 0.0042444 0.999991 -0.000599719 -0.339591 0.000707213 0.000596723 1 21.6782 
0.999998 -0.00193135 -0.000138335 -0.127128 0.00193104 0.999996 -0.0021947 -0.3641 0.000142573 0.00219443 0.999998 23.0507 
0.999999 0.000829285 0.000677717 -0.139069 -0.000829153 1 -0.000195082 -0.384537 -0.000677879 0.00019452 1 24.4306 
0.999998 0.00127751 0.00120552 -0.147037 -0.00128161 0.999993 0.00341263 -0.405926 -0.00120115 -0.00341417 0.999993 25.8126 
0.999998 -0.00112403 0.00165758 -0.148434 0.00111507 0.999985 0.00539656 -0.42189 -0.00166362 -0.0053947 0.999984 27.1968 
0.999987 -0.00502172 0.00124154 -0.146895 0.0050173 0.999981 0.0035375 -0.439704 -0.00125928 -0.00353122 0.999993 28.5789 
0.999985 -0.00541514 0.0012122 -0.149409 0.00541359 0.999985 0.00127628 -0.458801 -0.0012191 -0.0012697 0.999998 29.9643 
0.999982 -0.00563796 0.00179916 -0.152651 0.00564021 0.999983 -0.00124994 -0.480567 -0.00179208 0.00126007 0.999998 31.3522 
0.999994 -0.00224224 0.00245428 -0.16156 0.00224709 0.999996 -0.0019721 -0.506367 -0.00244985 0.00197761 0.999995 32.7429 
0.999995 -0.00135828 0.00278279 -0.1671 0.00136986 0.99999 -0.00416328 -0.531928 -0.0027771 0.00416707 0.999987 34.1365 
0.999996 -0.000293774 0.00284762 -0.172721 0.000304028 0.999993 -0.00360125 -0.558593 -0.00284655 0.0036021 0.999989 35.5314 
0.999996 -0.000295864 0.00268907 -0.176964 0.000302323 0.999997 -0.00240198 -0.585146 -0.00268835 0.00240278 0.999993 36.9345 
0.999997 0.000901813 0.0023333 -0.182619 -0.000899813 0.999999 -0.000857789 -0.610502 -0.00233407 0.000855687 0.999997 38.3382 
0.99999 0.00368916 0.00238158 -0.191182 -0.00368784 0.999993 -0.000558743 -0.635393 -0.00238363 0.000549955 0.999997 39.7453 
0.999978 0.0060299 0.00262001 -0.199392 -0.00602747 0.999981 -0.000934669 -0.659942 -0.0026256 0.000918856 0.999996 41.1555 
0.999961 0.00841503 0.00259169 -0.208057 -0.00841378 0.999964 -0.000491828 -0.684237 -0.00259574 0.000470003 0.999997 42.5681 
0.999955 0.00917682 0.00230911 -0.214342 -0.00917585 0.999958 -0.000429694 -0.708612 -0.00231296 0.000408487 0.999997 43.9848 
0.999964 0.00828924 0.0018331 -0.21911 -0.00828828 0.999966 -0.000530402 -0.733482 -0.00183743 0.00051519 0.999998 45.4025 
0.99997 0.00762443 0.00116552 -0.224584 -0.0076233 0.99997 -0.000974919 -0.757786 -0.00117292 0.000966005 0.999999 46.8233 
0.999976 0.00697965 0.000251435 -0.231099 -0.00697946 0.999975 -0.00075037 -0.783098 -0.000256666 0.000748597 1 48.2478 
0.999973 0.00733508 -0.000675839 -0.240412 -0.00733481 0.999973 0.000405295 -0.807686 0.000678793 -0.000400327 1 49.6768 
0.999968 0.00780684 -0.00169325 -0.251816 -0.00780674 0.99997 6.55088e-05 -0.83231 0.00169371 -5.22879e-05 0.999999 51.1085 
0.999962 0.00819648 -0.00281582 -0.263972 -0.00819523 0.999966 0.000457342 -0.85541 0.00281947 -0.000434248 0.999996 52.5459 
0.999958 0.00828626 -0.00389644 -0.277829 -0.00828098 0.999965 0.00136849 -0.87903 0.00390764 -0.00133617 0.999991 53.9863 
0.999967 0.0067246 -0.00460594 -0.29049 -0.00671405 0.999975 0.00230284 -0.901818 0.00462131 -0.00227184 0.999987 55.4308 
0.999972 0.00547606 -0.00510673 -0.303145 -0.00546366 0.999982 0.00243735 -0.924343 0.00511999 -0.00240938 0.999984 56.8738 
0.99998 0.00305744 -0.00556405 -0.315147 -0.00304774 0.999994 0.00175096 -0.946568 0.00556937 -0.00173397 0.999983 58.3158 
0.999982 0.00203879 -0.00561313 -0.328458 -0.00202723 0.999996 0.00206435 -0.969905 0.00561731 -0.00205293 0.999982 59.7571 
0.999986 0.000765461 -0.00517119 -0.341585 -0.000751404 0.999996 0.00271962 -0.993326 0.00517325 -0.0027157 0.999983 61.197 
0.999989 -0.00029959 -0.00471187 -0.354299 0.000315272 0.999994 0.00332777 -1.01645 0.00471085 -0.00332922 0.999983 62.6341 
0.999989 -0.0019537 -0.00418584 -0.365785 0.00196601 0.999994 0.00293917 -1.04011 0.00418007 -0.00294737 0.999987 64.0674 
0.999986 -0.00361829 -0.00374931 -0.376419 0.00362635 0.999991 0.00214544 -1.06412 0.00374151 -0.002159 0.999991 65.4969 
0.999991 -0.00283579 -0.00310845 -0.38958 0.00284111 0.999995 0.00170858 -1.08891 0.00310359 -0.00171739 0.999994 66.9229 
0.999997 -0.00130153 -0.00229797 -0.403593 0.00130494 0.999998 0.00148406 -1.11426 0.00229603 -0.00148706 0.999996 68.3463 
0.999996 0.00202216 -0.00171084 -0.418969 -0.00201741 0.999994 0.00277303 -1.13903 0.00171644 -0.00276957 0.999995 69.7669 
0.999985 0.0053759 -0.000940472 -0.434265 -0.00537203 0.999977 0.00406801 -1.16242 0.00096232 -0.0040629 0.999991 71.1861 
0.999955 0.00952262 -0.000152092 -0.449764 -0.00952184 0.999944 0.00451333 -1.18493 0.000195062 -0.00451168 0.99999 72.5992 
0.999904 0.0138308 0.000499297 -0.465864 -0.0138327 0.999896 0.0041938 -1.2071 -0.000441242 -0.00420031 0.999991 74.0112 
0.999854 0.0170408 0.00119667 -0.47914 -0.017045 0.999848 0.00361325 -1.23012 -0.00113491 -0.00363312 0.999993 75.4153 
0.999819 0.0189473 0.00188582 -0.48977 -0.0189538 0.999814 0.00347614 -1.25304 -0.0018196 -0.00351125 0.999992 76.8171 
0.999814 0.0191386 0.00224058 -0.497691 -0.0191471 0.999809 0.00384687 -1.27591 -0.00216653 -0.00388905 0.99999 78.2162 
0.999832 0.0181605 0.00233349 -0.50301 -0.0181687 0.999829 0.00354884 -1.29889 -0.00226864 -0.00359064 0.999991 79.613 
0.999855 0.0168928 0.00216542 -0.506957 -0.0168986 0.999854 0.00268606 -1.32226 -0.00211972 -0.00272226 0.999994 81.0038 
0.999864 0.0163904 0.00181055 -0.511016 -0.0163952 0.999862 0.00266763 -1.34644 -0.00176657 -0.00269695 0.999995 82.3909 
0.999865 0.0163361 0.00153568 -0.517928 -0.0163404 0.999862 0.0028304 -1.36974 -0.00148923 -0.00285511 0.999995 83.7797 
0.999869 0.0161735 0.00100151 -0.525111 -0.0161758 0.999866 0.00236865 -1.39357 -0.000963066 -0.00238454 0.999997 85.166 
0.999867 0.01631 0.000265764 -0.533803 -0.0163106 0.999863 0.00271327 -1.41759 -0.000221474 -0.00271725 0.999996 86.5504 
0.999877 0.0156953 -0.000730824 -0.542888 -0.0156926 0.99987 0.00358509 -1.44114 0.000786999 -0.00357318 0.999993 87.9318 
0.999907 0.0135374 -0.00181645 -0.550981 -0.013529 0.999898 0.0045706 -1.4635 0.00187814 -0.0045456 0.999988 89.3124 
0.99993 0.0114679 -0.00298228 -0.560468 -0.0114528 0.999922 0.00503631 -1.48466 0.0030398 -0.0050018 0.999983 90.6882 
0.999948 0.00953604 -0.00370014 -0.570658 -0.0095173 0.999942 0.00504995 -1.50578 0.00374808 -0.00501447 0.99998 92.0619 
0.999958 0.00812644 -0.00418964 -0.582266 -0.00810718 0.999957 0.00459447 -1.5273 0.0042268 -0.00456032 0.999981 93.4314 
0.999965 0.00715119 -0.00441621 -0.595627 -0.0071327 0.999966 0.00418777 -1.5489 0.004446 -0.00415613 0.999981 94.7986 
0.99996 0.0076508 -0.0045342 -0.609811 -0.00763438 0.999964 0.00362676 -1.57145 0.00456179 -0.003592 0.999983 96.1643 
0.999963 0.00743111 -0.00442837 -0.623745 -0.00741742 0.999968 0.00309883 -1.59391 0.00445126 -0.00306586 0.999985 97.5256 
0.999955 0.0084089 -0.00430081 -0.639183 -0.00839864 0.999962 0.00239743 -1.61752 0.0043208 -0.0023612 0.999988 98.8829 
0.999945 0.00966698 -0.00400908 -0.655441 -0.00965602 0.99995 0.00274419 -1.64074 0.00403541 -0.00270533 0.999988 100.237 
0.99994 0.01029 -0.003761 -0.67031 -0.0102742 0.999938 0.00418366 -1.66301 0.00380382 -0.00414477 0.999984 101.589 
0.999928 0.0114543 -0.00366345 -0.686256 -0.0114339 0.999919 0.00553563 -1.68509 0.00372656 -0.00549334 0.999978 102.938 
0.999936 0.010734 -0.00355541 -0.699542 -0.0107192 0.999934 0.00413029 -1.70634 0.00359951 -0.00409192 0.999985 104.281 
0.999937 0.0107242 -0.00345262 -0.712887 -0.0107181 0.999941 0.00177117 -1.72754 0.00347141 -0.00173405 0.999992 105.62 
0.999943 0.0100509 -0.0035912 -0.726173 -0.0100488 0.999949 0.000597686 -1.75058 0.00359702 -0.000561565 0.999993 106.956 
0.999963 0.00783575 -0.00348693 -0.73712 -0.00782952 0.999968 0.00179745 -1.77377 0.00350091 -0.00177008 0.999992 108.295 
0.999981 0.00542837 -0.00283179 -0.747374 -0.00541761 0.999978 0.00379252 -1.79628 0.00285231 -0.0037771 0.999989 109.634 
0.99999 0.0038964 -0.00196908 -0.756509 -0.00388781 0.999983 0.00434611 -1.81759 0.00198598 -0.00433841 0.999989 110.97 
0.999995 0.00306537 -0.00120473 -0.765198 -0.0030618 0.999991 0.00295261 -1.83844 0.00121377 -0.00294891 0.999995 112.305 
0.999987 0.00515664 -0.000506113 -0.77637 -0.00515634 0.999987 0.000608805 -1.86069 0.000509246 -0.000606187 1 113.639 
0.999973 0.00727945 0.000679648 -0.787549 -0.00727841 0.999972 -0.00152906 -1.88432 -0.00069076 0.00152407 0.999999 114.974 
0.999944 0.0103466 0.00209506 -0.79902 -0.0103436 0.999945 -0.00143757 -1.90946 -0.00210982 0.00141582 0.999997 116.314 
0.999926 0.0115949 0.00355268 -0.806471 -0.0115967 0.999933 0.000505754 -1.93449 -0.00354657 -0.000546916 0.999994 117.654 
0.99992 0.0117283 0.00463823 -0.810358 -0.011741 0.999927 0.00271813 -1.95697 -0.00460602 -0.00277237 0.999986 118.997 
0.999925 0.0110119 0.0054341 -0.81101 -0.0110295 0.999934 0.00322967 -1.97774 -0.00539818 -0.00328936 0.99998 120.342 
0.999914 0.0114391 0.00645334 -0.811746 -0.0114562 0.999931 0.00262553 -1.9974 -0.00642286 -0.00269923 0.999976 121.69 
0.999881 0.0134093 0.00768907 -0.81377 -0.0134255 0.999908 0.00204993 -2.01753 -0.00766088 -0.00215292 0.999968 123.04 
0.99984 0.0154795 0.00891818 -0.815601 -0.0154954 0.999878 0.00170927 -2.0394 -0.00889064 -0.00184719 0.999959 124.39 
0.999818 0.0162185 0.0100544 -0.814497 -0.0162262 0.999868 0.000682356 -2.06164 -0.010042 -0.000845376 0.999949 125.741 
0.999788 0.0173537 0.0110377 -0.810857 -0.0173534 0.999849 -0.000118604 -2.08466 -0.0110381 -7.29627e-05 0.999939 127.094 
0.999791 0.0164692 0.0120758 -0.804471 -0.0164665 0.999864 -0.000324164 -2.10804 -0.0120795 0.000125251 0.999927 128.45 
0.999787 0.0160541 0.012955 -0.797046 -0.0160652 0.999871 0.000748065 -2.13172 -0.0129413 -0.00095603 0.999916 129.805 
0.999797 0.0147035 0.0138 -0.787958 -0.0147277 0.99989 0.00165039 -2.15504 -0.0137742 -0.0018533 0.999903 131.162 
0.999804 0.0138962 0.0140971 -0.777845 -0.0139254 0.999901 0.00197753 -2.17713 -0.0140682 -0.00217345 0.999899 132.517 
0.999833 0.0116397 0.0141003 -0.765433 -0.0116708 0.99993 0.00212492 -2.19848 -0.0140746 -0.00228912 0.999898 133.873 
0.999853 0.0100521 0.0138714 -0.754095 -0.0100928 0.999945 0.00286318 -2.2201 -0.0138419 -0.00300276 0.9999 135.228 
0.999875 0.00847 0.0133174 -0.743005 -0.0085041 0.999961 0.00250607 -2.24151 -0.0132957 -0.00261901 0.999908 136.583 
0.999901 0.00712108 0.0121493 -0.732409 -0.00715105 0.999971 0.00242538 -2.26195 -0.0121317 -0.00251202 0.999923 137.939 
0.999923 0.00567072 0.0110462 -0.723268 -0.00570787 0.999978 0.00333451 -2.28253 -0.011027 -0.0033973 0.999933 139.296 
0.999942 0.00407789 0.00997624 -0.714529 -0.00411321 0.999985 0.0035219 -2.30368 -0.00996173 -0.00356273 0.999944 140.652 
0.999955 0.00363332 0.00873228 -0.709441 -0.00366454 0.999987 0.00356163 -2.32399 -0.00871922 -0.00359347 0.999956 142.007 
0.999966 0.00324642 0.00755426 -0.705909 -0.00326934 0.99999 0.00302308 -2.34502 -0.00754437 -0.00304767 0.999967 143.363 
0.999974 0.00309571 0.00655431 -0.703465 -0.00311362 0.999991 0.00272421 -2.36639 -0.00654583 -0.00274455 0.999975 144.718 
0.999984 0.000725108 0.00561564 -0.701349 -0.00072719 1 0.000368681 -2.39047 -0.00561538 -0.000372758 0.999984 146.071 
0.999979 -0.00466036 0.00454568 -0.695103 0.00466064 0.999989 -5.11175e-05 -2.41298 -0.00454539 7.23022e-05 0.99999 147.427 
0.999917 -0.0123823 0.00345615 -0.68474 0.0123744 0.999921 0.00230531 -2.43594 -0.00348442 -0.00226235 0.999991 148.788 
0.999816 -0.0191213 0.00181269 -0.674691 0.0191143 0.99981 0.00381363 -2.45548 -0.00188527 -0.00377827 0.999991 150.146 
0.999749 -0.0223886 0.000754649 -0.670629 0.0223882 0.999749 0.000441881 -2.47708 -0.000764352 -0.000424875 1 151.5 
0.999761 -0.0218339 0.00105431 -0.673607 0.0218366 0.999758 -0.00260641 -2.50223 -0.000997146 0.00262881 0.999996 152.854 
0.999825 -0.018627 0.0019217 -0.680908 0.0186357 0.999816 -0.00461527 -2.53247 -0.00183538 0.00465027 0.999988 154.213 
0.999822 -0.018658 0.00261766 -0.684191 0.0186698 0.999815 -0.00457117 -2.56353 -0.00253189 0.00461923 0.999986 155.571 
0.999753 -0.0219945 0.00315158 -0.680293 0.0219978 0.999757 -0.00102017 -2.59206 -0.00312837 0.00108924 0.999995 156.935 
0.999624 -0.0272088 0.00352917 -0.672586 0.0272027 0.999628 0.00176465 -2.6176 -0.00357587 -0.00166798 0.999992 158.298 
0.999515 -0.0309409 0.00352349 -0.665877 0.0309302 0.999517 0.00305218 -2.63819 -0.00361623 -0.00294172 0.999989 159.658 
0.999464 -0.0325332 0.00356341 -0.663555 0.032523 0.999467 0.00290201 -2.65849 -0.00365593 -0.00278456 0.999989 161.017 
0.999519 -0.0306776 0.00450149 -0.664959 0.0306612 0.999523 0.00366229 -2.6791 -0.00461169 -0.00352251 0.999983 162.38 
0.999628 -0.026684 0.00567088 -0.669404 0.0266685 0.99964 0.00279214 -2.69984 -0.00574335 -0.00263986 0.99998 163.742 
0.999711 -0.0231161 0.00657842 -0.672717 0.0231123 0.999733 0.000648157 -2.72139 -0.00659165 -0.000495927 0.999978 165.105 
0.999768 -0.0202675 0.00735451 -0.674336 0.0202674 0.999795 9.23128e-05 -2.7427 -0.00735487 5.67656e-05 0.999973 166.47 
0.9998 -0.0184191 0.00779354 -0.674451 0.0184098 0.99983 0.00127363 -2.76506 -0.00781567 -0.0011299 0.999969 167.838 
0.999834 -0.0165476 0.00760529 -0.674037 0.0165414 0.999863 0.00088293 -2.78776 -0.00761886 -0.000756982 0.999971 169.204 
0.999869 -0.0144946 0.00716674 -0.674489 0.0145063 0.999894 -0.00159594 -2.81126 -0.00714284 0.0016997 0.999973 170.57 
0.999921 -0.0106572 0.00673284 -0.678224 0.0106871 0.999933 -0.00440871 -2.83719 -0.00668541 0.00448031 0.999968 171.936 
0.999963 -0.00548748 0.00662555 -0.685186 0.00552526 0.999969 -0.00569752 -2.86536 -0.00659408 0.00573391 0.999962 173.305 
0.999975 -0.000879066 0.00695751 -0.691555 0.000910602 0.999989 -0.00453076 -2.89441 -0.00695345 0.00453698 0.999966 174.682 
0.999969 0.00206213 0.00756491 -0.695329 -0.0020424 0.999994 -0.00261509 -2.92321 -0.00757026 0.00259956 0.999968 176.062 
0.999967 0.00285018 0.00760126 -0.69486 -0.00284741 0.999996 -0.000374761 -2.94798 -0.00760229 0.000353104 0.999971 177.449 
0.999977 -0.000364361 0.00681218 -0.688803 0.00036085 1 0.000516633 -2.97019 -0.00681237 -0.000514163 0.999977 178.838 
0.999984 -0.00251181 0.00512772 -0.685632 0.00250848 0.999997 0.00065664 -2.99205 -0.00512935 -0.000643767 0.999987 180.226 
0.999991 -0.00285614 0.00307877 -0.685062 0.00286726 0.999989 -0.00361145 -3.01707 -0.00306842 0.00362024 0.999989 181.616 
0.999998 -0.00110909 0.00161435 -0.691254 0.00112176 0.999968 -0.00786948 -3.04568 -0.00160558 0.00787128 0.999968 183.013 
0.999993 0.00368521 0.00097485 -0.704632 -0.00367682 0.999957 -0.00847137 -3.07922 -0.00100603 0.00846773 0.999964 184.414 
0.999974 0.00714011 0.000827785 -0.717679 -0.00713369 0.999946 -0.00750947 -3.11368 -0.000881359 0.00750337 0.999971 185.823 
0.999956 0.00933827 0.00107526 -0.728693 -0.00933381 0.999948 -0.00407726 -3.14368 -0.00111328 0.00406704 0.999991 187.24 
0.999948 0.010078 0.00142263 -0.737441 -0.0100749 0.999947 -0.00213903 -3.17145 -0.00144411 0.00212458 0.999997 188.657 
0.999953 0.00957252 0.00149532 -0.742574 -0.00957067 0.999953 -0.00123774 -3.19597 -0.0015071 0.00122337 0.999998 190.077 
0.999968 0.00786958 0.00145686 -0.746724 -0.00786867 0.999969 -0.00062593 -3.22135 -0.00146174 0.000614447 0.999999 191.5 
0.999985 0.00532 0.00157313 -0.749256 -0.00531991 0.999986 -5.99083e-05 -3.24679 -0.00157343 5.15385e-05 0.999999 192.924 
0.999995 0.00262403 0.00180891 -0.75022 -0.00262396 0.999997 -4.02713e-05 -3.27149 -0.00180901 3.55246e-05 0.999998 194.353 
0.999997 -0.000495396 0.00219108 -0.75057 0.000493162 0.999999 0.00102011 -3.29478 -0.00219159 -0.00101903 0.999997 195.786 
0.999985 -0.00483318 0.0026308 -0.749186 0.00482649 0.999985 0.00254362 -3.31665 -0.00264305 -0.00253088 0.999993 197.223 
0.999968 -0.00747681 0.00289633 -0.747235 0.00746979 0.999969 0.00242603 -3.33879 -0.00291438 -0.00240431 0.999993 198.66 
0.99998 -0.00546406 0.0030866 -0.750624 0.00547 0.999983 -0.00192007 -3.36306 -0.00307606 0.00193692 0.999993 200.096 
0.999992 0.00175679 0.00350156 -0.76163 -0.0017325 0.999975 -0.00692676 -3.39127 -0.00351364 0.00692064 0.99997 201.531 
0.999931 0.0107878 0.00475476 -0.777433 -0.0107547 0.999918 -0.00693401 -3.42284 -0.00482917 0.00688239 0.999965 202.974 
0.999808 0.0186551 0.00598743 -0.79211 -0.0186358 0.999821 -0.00325828 -3.45392 -0.00604714 0.00314607 0.999977 204.422 
0.999785 0.0196053 0.00677962 -0.79586 -0.0195981 0.999807 -0.00111953 -3.47938 -0.00680027 0.000986419 0.999976 205.873 
0.999824 0.0176747 0.00630956 -0.793048 -0.0176709 0.999844 -0.000655309 -3.50266 -0.00632016 0.000543698 0.99998 207.325 
0.999883 0.0144566 0.00509241 -0.787667 -0.0144533 0.999895 -0.000692791 -3.52761 -0.00510189 0.000619108 0.999987 208.78 
0.999914 0.0124464 0.00412152 -0.784844 -0.0124413 0.999922 -0.00127199 -3.55379 -0.00413703 0.0012206 0.999991 210.237 
0.999911 0.0128312 0.00355819 -0.786814 -0.0128249 0.999916 -0.00178065 -3.58055 -0.00358074 0.00173486 0.999992 211.698 
0.999893 0.0141902 0.00341458 -0.792222 -0.0141848 0.999898 -0.00158835 -3.60767 -0.00343677 0.00153974 0.999993 213.166 
0.999875 0.0154607 0.00333504 -0.798824 -0.0154584 0.99988 -0.000715559 -3.63375 -0.0033457 0.000663915 0.999994 214.639 
0.999886 0.0148161 0.0030449 -0.803445 -0.0148124 0.99989 -0.0012378 -3.66032 -0.00306291 0.00119256 0.999995 216.114 
0.999891 0.0145023 0.00266846 -0.807878 -0.0144964 0.999892 -0.00223204 -3.6867 -0.00270054 0.00219311 0.999994 217.589 
0.999903 0.013742 0.0023927 -0.811977 -0.0137359 0.999902 -0.00254196 -3.71425 -0.0024274 0.00250885 0.999994 219.072 
0.999898 0.0141131 0.00201708 -0.8181 -0.0141078 0.999897 -0.00262278 -3.74319 -0.00205389 0.00259406 0.999995 220.558 
0.999894 0.0144555 0.00173822 -0.825151 -0.0144505 0.999892 -0.00283715 -3.7724 -0.00177904 0.00281173 0.999994 222.047 
0.999894 0.0144628 0.00148824 -0.832557 -0.0144583 0.999891 -0.00300951 -3.80114 -0.0015316 0.00298767 0.999994 223.54 
0.999879 0.015496 0.00109017 -0.841488 -0.0154923 0.999874 -0.00334187 -3.8308 -0.00114181 0.00332458 0.999994 225.035 
0.999884 0.0152361 0.000725121 -0.848716 -0.0152335 0.999878 -0.00347069 -3.8598 -0.000777912 0.00345924 0.999994 226.536 
0.999876 0.0157156 0.000429101 -0.857287 -0.015714 0.999871 -0.00339823 -3.89013 -0.00048245 0.00339106 0.999994 228.042 
0.999888 0.0149906 0.000340987 -0.865172 -0.0149893 0.999882 -0.00345055 -3.92013 -0.000392673 0.00344505 0.999994 229.551 
0.999908 0.0135539 0.000377629 -0.872337 -0.0135524 0.999901 -0.00366479 -3.95073 -0.000427264 0.00365934 0.999993 231.062 
0.999922 0.0124805 0.000475215 -0.87941 -0.0124788 0.999916 -0.00342485 -3.98112 -0.000517919 0.00341865 0.999994 232.577 
0.999938 0.0111388 0.000649423 -0.885642 -0.0111371 0.999935 -0.00263737 -4.01187 -0.000678757 0.00262998 0.999996 234.097 
0.999937 0.0111736 0.000554666 -0.893974 -0.0111722 0.999935 -0.00243254 -4.04213 -0.00058181 0.00242619 0.999997 235.618 
0.999933 0.011579 0.000585096 -0.902396 -0.0115773 0.999929 -0.00271832 -4.07282 -0.000616529 0.00271136 0.999996 237.141 
0.999925 0.0122382 0.00084023 -0.910556 -0.0122353 0.999919 -0.00336329 -4.10344 -0.000881323 0.00335275 0.999994 238.664 
0.999907 0.0135507 0.00133143 -0.919635 -0.0135471 0.999905 -0.0026812 -4.13369 -0.00136763 0.00266292 0.999996 240.191 
0.999902 0.0138561 0.00205019 -0.927254 -0.0138549 0.999904 -0.000576769 -4.16272 -0.00205799 0.000548307 0.999998 241.721 
0.999904 0.0136409 0.0026138 -0.932174 -0.0136407 0.999907 -0.000103317 -4.19107 -0.00261497 6.76531e-05 0.999997 243.25 
0.999897 0.0139936 0.00312482 -0.937383 -0.0139882 0.999901 -0.00172853 -4.21843 -0.0031487 0.00168465 0.999994 244.78 
0.999891 0.0142846 0.00364826 -0.94252 -0.0142735 0.999893 -0.00306479 -4.2472 -0.00369165 0.00301238 0.999989 246.311 
0.999879 0.0150583 0.00398336 -0.947047 -0.015048 0.999883 -0.00258393 -4.27644 -0.0040218 0.00252368 0.999989 247.846 
0.999884 0.0147258 0.0039917 -0.951797 -0.0147198 0.99989 -0.00153078 -4.30493 -0.00401381 0.00147185 0.999991 249.383 
0.999882 0.0149437 0.00367398 -0.953641 -0.0149399 0.999888 -0.00106888 -4.335 -0.00368954 0.00101386 0.999993 250.923 
0.999877 0.015304 0.0034403 -0.958088 -0.0153004 0.999882 -0.00106094 -4.3626 -0.00345614 0.00100818 0.999994 252.462 
0.999853 0.016769 0.00359047 -0.963033 -0.0167663 0.999859 -0.000777057 -4.39052 -0.003603 0.000716744 0.999993 254.005 
0.999831 0.0179688 0.0038576 -0.969694 -0.0179658 0.999838 -0.000813741 -4.41731 -0.0038716 0.000744299 0.999992 255.549 
0.999828 0.0181595 0.00380768 -0.974893 -0.0181576 0.999835 -0.000537921 -4.44454 -0.00381682 0.00046869 0.999993 257.094 
0.999854 0.0166901 0.00375214 -0.97719 -0.0166888 0.999861 -0.000368213 -4.47082 -0.00375776 0.00030554 0.999993 258.643 
0.999884 0.014792 0.00372015 -0.979586 -0.0147936 0.99989 0.000397523 -4.49642 -0.00371386 -0.000452511 0.999993 260.192 
0.999917 0.0123378 0.00378889 -0.979758 -0.0123423 0.999923 0.0011631 -4.52246 -0.00377425 -0.00120977 0.999992 261.743 
0.999935 0.0108492 0.00348947 -0.980144 -0.0108509 0.999941 0.000451721 -4.54842 -0.00348436 -0.000489556 0.999994 263.292 
0.999947 0.00974477 0.00330681 -0.982487 -0.00974314 0.999952 -0.000508257 -4.57498 -0.0033116 0.000476011 0.999994 264.84 
0.999961 0.00792836 0.00385056 -0.98357 -0.00793316 0.999968 0.00123408 -4.60034 -0.00384065 -0.00126458 0.999992 266.393 
0.999974 0.00587131 0.00420362 -0.984043 -0.00588402 0.999978 0.0030175 -4.62452 -0.00418582 -0.00304216 0.999987 267.947 
0.999979 0.00487521 0.00427595 -0.985089 -0.00488448 0.999986 0.00216194 -4.64634 -0.00426535 -0.00218278 0.999989 269.496 
0.999979 0.00443104 0.00465618 -0.985077 -0.00443658 0.999989 0.00118019 -4.66966 -0.0046509 -0.00120083 0.999988 271.049 
0.999972 0.00519491 0.00535734 -0.987882 -0.00519982 0.999986 0.00090185 -4.69568 -0.00535258 -0.000929682 0.999985 272.601 
0.999956 0.0069393 0.0063742 -0.99119 -0.00694567 0.999975 0.000978453 -4.72202 -0.00636726 -0.00102268 0.999979 274.154 
0.999937 0.00847618 0.00731978 -0.993451 -0.00848118 0.999964 0.000652668 -4.74892 -0.00731399 -0.000714708 0.999973 275.71 
0.99992 0.00957014 0.00825652 -0.99307 -0.00957432 0.999954 0.000467347 -4.77687 -0.00825167 -0.000546361 0.999966 277.267 
0.999904 0.0104491 0.00911977 -0.991196 -0.0104515 0.999945 0.00020972 -4.80415 -0.00911708 -0.000305015 0.999958 278.828 
0.999893 0.0107682 0.00989158 -0.987235 -0.010764 0.999942 -0.000479161 -4.83169 -0.00989617 0.000372637 0.999951 280.386 
0.99989 0.0101868 0.0107887 -0.980848 -0.0101759 0.999948 -0.00106051 -4.85969 -0.0107989 0.000950609 0.999941 281.948 
0.999887 0.00951588 0.0116613 -0.970569 -0.00950878 0.999955 -0.000663866 -4.88835 -0.0116671 0.000552907 0.999932 283.51 
0.999888 0.00847448 0.0123295 -0.959779 -0.00847936 0.999964 0.000343916 -4.91659 -0.0123261 -0.000448423 0.999924 285.075 
0.999894 0.00732933 0.0125915 -0.946245 -0.00733795 0.999973 0.000638887 -4.94443 -0.0125865 -0.000731215 0.999921 286.638 
0.999898 0.00681854 0.0125566 -0.932753 -0.00679629 0.999975 -0.00181386 -4.97342 -0.0125686 0.00172834 0.99992 288.201 
0.999911 0.00539684 0.0122194 -0.920451 -0.00534875 0.999978 -0.00396469 -5.00268 -0.0122406 0.00389897 0.999917 289.763 
0.99992 0.00549588 0.0113701 -0.909173 -0.00545122 0.999977 -0.00395583 -5.03466 -0.0113916 0.00389353 0.999928 291.329 
0.999935 0.00428116 0.0105673 -0.899074 -0.00423969 0.999983 -0.00394353 -5.06505 -0.010584 0.00389847 0.999936 292.897 
0.999944 0.00442815 0.00959322 -0.890217 -0.00438447 0.99998 -0.00456888 -5.09614 -0.00961325 0.00452657 0.999944 294.47 
0.99995 0.00459317 0.00893548 -0.884051 -0.00454973 0.999978 -0.00487499 -5.12814 -0.00895767 0.00483409 0.999948 296.043 
0.999955 0.00459398 0.00828114 -0.878405 -0.00455794 0.99998 -0.00436556 -5.16221 -0.00830103 0.00432762 0.999956 297.621 
0.999964 0.0042521 0.00732289 -0.873122 -0.0042212 0.999982 -0.00422902 -5.19509 -0.00734074 0.00419795 0.999964 299.203 
0.999973 0.00368554 0.00630701 -0.869958 -0.00366757 0.999989 -0.00285782 -5.2268 -0.00631747 0.00283461 0.999976 300.789 
0.999968 0.00560552 0.00576096 -0.869843 -0.00559684 0.999983 -0.00152143 -5.25728 -0.00576939 0.00148913 0.999982 302.381 
0.999961 0.00599441 0.00647955 -0.868547 -0.00598515 0.999981 -0.00144813 -5.28572 -0.00648811 0.00140929 0.999978 303.978 
0.999952 0.00644777 0.007318 -0.866061 -0.0064353 0.999978 -0.00172697 -5.31486 -0.00732897 0.00167979 0.999972 305.578 
0.999958 0.00515041 0.00763177 -0.859599 -0.00513628 0.999985 -0.00187104 -5.34498 -0.00764129 0.00183177 0.999969 307.182 
0.999965 0.00315656 0.00777127 -0.851547 -0.00313474 0.999991 -0.00281813 -5.37578 -0.00778009 0.00279367 0.999966 308.79 
0.999966 0.00171981 0.00811381 -0.844205 -0.0016812 0.999987 -0.00476239 -5.40839 -0.00812189 0.00474858 0.999956 310.399 
0.999968 0.00126778 0.0079059 -0.837748 -0.00122236 0.999983 -0.00574745 -5.44216 -0.00791305 0.0057376 0.999952 312.017 
0.999982 0.00198728 0.00570409 -0.835903 -0.00194882 0.999975 -0.0067402 -5.47758 -0.00571734 0.00672896 0.999961 313.635 
0.999989 0.00304235 0.00358915 -0.838008 -0.00302069 0.999977 -0.00602599 -5.51285 -0.00360741 0.00601508 0.999975 315.26 
0.999986 0.0042309 0.00322949 -0.842243 -0.00422205 0.999987 -0.00274133 -5.54677 -0.00324105 0.00272765 0.999991 316.891 
0.999989 0.00278813 0.00374833 -0.843158 -0.00278935 0.999996 0.000321107 -5.57573 -0.00374742 -0.000331559 0.999993 318.528 
0.999991 0.00193822 0.00387607 -0.843364 -0.00194224 0.999998 0.00103273 -5.60141 -0.00387406 -0.00104025 0.999992 320.165 
0.999991 0.000974956 0.00412287 -0.841918 -0.000974082 1 -0.000214116 -5.62825 -0.00412308 0.000210098 0.999991 321.804 
0.99999 -1.03758e-05 0.00444764 -0.841306 1.15303e-05 1 -0.000259556 -5.65701 -0.00444763 0.000259605 0.99999 323.443 
0.999989 -2.63299e-05 0.00472886 -0.841852 2.59622e-05 1 7.78132e-05 -5.68736 -0.00472886 -7.76895e-05 0.999989 325.084 
0.999987 9.39623e-05 0.00519082 -0.840659 -9.4349e-05 1 7.42506e-05 -5.71777 -0.00519081 -7.47393e-05 0.999987 326.722 
0.999983 0.00166596 0.00563043 -0.841886 -0.00166111 0.999998 -0.000865154 -5.74992 -0.00563186 0.000855786 0.999984 328.357 
0.999977 0.00235538 0.00632518 -0.841402 -0.00234639 0.999996 -0.00142913 -5.78181 -0.00632852 0.00141426 0.999979 329.991 
0.999974 0.00107735 0.00710208 -0.837852 -0.0010812 0.999999 0.000538465 -5.81408 -0.0071015 -0.00054613 0.999975 331.627 
0.999974 0.000156859 0.00721837 -0.832875 -0.000167004 0.999999 0.00140485 -5.8446 -0.00721814 -0.00140602 0.999973 333.261 
0.999975 -0.000980703 0.00706126 -0.82636 0.000979379 1 0.000190882 -5.87283 -0.00706145 -0.000183962 0.999975 334.891 
0.999975 0.000438772 0.00707298 -0.82392 -0.000440771 1 0.000281052 -5.90357 -0.00707286 -0.000284162 0.999975 336.522 
0.999974 0.00216659 0.00684498 -0.824662 -0.00215496 0.999996 -0.00170626 -5.93451 -0.00684865 0.00169146 0.999975 338.149 
0.999973 0.00389315 0.00618225 -0.824534 -0.00386421 0.999982 -0.00468552 -5.96811 -0.00620037 0.00466151 0.99997 339.774 
0.999972 0.00518778 0.00535017 -0.825365 -0.00516542 0.999978 -0.00418515 -6.00456 -0.00537177 0.0041574 0.999977 341.399 
0.999972 0.00600809 0.00443902 -0.827715 -0.00600518 0.999982 -0.000667204 -6.03863 -0.00444295 0.000640528 0.99999 343.024 
0.999969 0.00716249 0.00339557 -0.831753 -0.00716977 0.999972 0.00213505 -6.06937 -0.00338019 -0.00215932 0.999992 344.647 
0.999969 0.00756712 0.00206531 -0.837484 -0.00756903 0.999971 0.00091986 -6.09671 -0.00205829 -0.000935464 0.999997 346.268 
0.999975 0.00701904 0.000270005 -0.844391 -0.00701887 0.999975 -0.000630134 -6.12481 -0.000274421 0.000628223 1 347.886 
0.999982 0.00577025 -0.00151977 -0.852819 -0.00576911 0.999983 0.00075536 -6.15537 0.0015241 -0.000746578 0.999999 349.505 
0.999988 0.00421238 -0.00251057 -0.861968 -0.00420912 0.99999 0.00130182 -6.18573 0.00251603 -0.00129124 0.999996 351.123 
0.999987 0.00403571 -0.0029629 -0.873881 -0.00403435 0.999992 0.000467033 -6.21389 0.00296476 -0.000455073 0.999996 352.739 
0.999989 0.00344264 -0.00326946 -0.886309 -0.00344409 0.999994 -0.000438512 -6.24313 0.00326793 0.000449767 0.999995 354.355 
0.999989 0.00319931 -0.00336853 -0.89889 -0.00320128 0.999995 -0.00057799 -6.27277 0.00336666 0.000588768 0.999994 355.967 
0.999991 0.00272808 -0.00335265 -0.911249 -0.00273051 0.999996 -0.000719316 -6.30444 0.00335067 0.000728463 0.999994 357.579 
0.999992 0.00219375 -0.00340823 -0.923625 -0.00219807 0.999997 -0.00126274 -6.33691 0.00340545 0.00127022 0.999993 359.188 
0.999992 0.00199063 -0.00353842 -0.936586 -0.00199732 0.999996 -0.00188761 -6.36989 0.00353465 0.00189466 0.999992 360.795 
0.999993 0.00139875 -0.00346331 -0.948535 -0.0014043 0.999998 -0.00160229 -6.40331 0.00346107 0.00160714 0.999993 362.405 
0.999993 0.00169564 -0.00343691 -0.961995 -0.00170401 0.999996 -0.00243458 -6.43532 0.00343276 0.00244042 0.999991 364.014 
0.999994 0.000206772 -0.00347832 -0.973705 -0.000219745 0.999993 -0.00372971 -6.46797 0.00347752 0.00373045 0.999987 365.624 
0.999993 -0.00123118 -0.00341217 -0.985157 0.00122473 0.999997 -0.00189113 -6.50107 0.00341449 0.00188693 0.999992 367.237 
0.99999 -0.00279321 -0.00350566 -0.995178 0.00278921 0.999995 -0.00114582 -6.53219 0.00350885 0.00113603 0.999993 368.851 
0.999989 -0.00318167 -0.00347638 -1.00636 0.00317409 0.999993 -0.00218638 -6.56229 0.00348331 0.00217532 0.999992 370.464 
0.999993 -0.00198749 -0.00318811 -1.02052 0.00197856 0.999994 -0.00280165 -6.59315 0.00319366 0.00279533 0.999991 372.078 
0.999996 -0.000236762 -0.00277563 -1.0347 0.000231329 0.999998 -0.00195774 -6.62529 0.00277609 0.00195709 0.999994 373.692 
0.999997 0.00111441 -0.0023309 -1.04845 -0.0011169 0.999999 -0.00106691 -6.65661 0.00232971 0.00106951 0.999997 375.308 
0.999997 0.00137658 -0.00189599 -1.06576 -0.00137919 0.999998 -0.00137774 -6.68447 0.00189409 0.00138035 0.999997 376.896 
0.999958 0.00516248 -0.00755945 -0.712936 -0.00518417 0.999982 -0.00285315 -6.8195 0.00754459 0.00289222 0.999967 379.706 
0.999959 0.00528502 -0.00740706 -0.733358 -0.00530754 0.999981 -0.00302429 -6.85264 0.00739094 0.00306348 0.999968 381.318 
0.999959 0.00577127 -0.0070446 -0.756915 -0.00579385 0.999978 -0.00318849 -6.88479 0.00702605 0.00322917 0.99997 382.93 
0.999951 0.00731394 -0.00665507 -0.78342 -0.00733502 0.999968 -0.00314893 -6.91594 0.00663183 0.00319759 0.999973 384.549 
0.99994 0.00909588 -0.0061593 -0.810902 -0.00911237 0.999955 -0.00265349 -6.94748 0.00613489 0.00270946 0.999978 386.167 
0.999931 0.0102786 -0.00577426 -0.83313 -0.0102979 0.999941 -0.00332327 -6.9802 0.00573976 0.0033825 0.999978 387.783 
0.999927 0.0107082 -0.00555132 -0.856217 -0.0107306 0.999934 -0.00402429 -7.00809 0.00550786 0.00408356 0.999976 389.459 
0.999929 0.0103957 -0.00575854 -0.872817 -0.0104186 0.999938 -0.00396353 -7.03696 0.00571698 0.00402324 0.999976 391.25 
0.999917 0.0116679 -0.00551072 -0.895336 -0.0116854 0.999927 -0.00314534 -7.06728 0.00547362 0.00320947 0.99998 392.941 
0.999907 0.0126377 -0.00517898 -0.915464 -0.0126522 0.999916 -0.00278982 -7.10171 0.00514329 0.00285509 0.999983 394.619 
0.999898 0.0134699 -0.00484202 -0.93555 -0.013486 0.999904 -0.00329984 -7.13445 0.00479711 0.0033648 0.999983 396.297 
0.999895 0.013736 -0.00459584 -0.955057 -0.0137502 0.999901 -0.00308157 -7.16669 0.00455305 0.00314444 0.999985 397.979 
