1 0 -0 0 -0 1 0 0 0 -0 1 -0 
0.999991 -0.00269703 -0.00331718 -0.00191549 0.0026899 0.999994 -0.00215241 -0.00467936 0.00332297 0.00214347 0.999992 0.671528 
0.999972 -0.00135236 -0.00737377 -0.0118832 0.00132488 0.999992 -0.00372916 -0.00741453 0.00737876 0.00371928 0.999966 1.36018 
0.999935 -0.00140107 -0.0112793 -0.0263109 0.0013422 0.999985 -0.00522505 -0.0107702 0.0112864 0.00520957 0.999923 2.0657 
0.999869 -0.000107916 -0.0162114 -0.0433101 1.42091e-05 0.999983 -0.0057803 -0.0178085 0.0162117 0.00577931 0.999852 2.78688 
0.999788 -0.00118517 -0.0205717 -0.0618222 0.00106301 0.999982 -0.00594822 -0.0276396 0.0205784 0.00592509 0.999771 3.52494 
0.999685 0.000562771 -0.025087 -0.0874715 -0.000743998 0.999974 -0.00721521 -0.0363179 0.0250823 0.0072316 0.999659 4.27644 
0.999545 0.00321971 -0.0299919 -0.118345 -0.0034553 0.999964 -0.00780672 -0.0457384 0.0299657 0.0079068 0.99952 5.04196 
0.999407 0.00355934 -0.0342541 -0.151259 -0.00377451 0.999974 -0.00621898 -0.0544041 0.0342311 0.00634458 0.999394 5.82304 
0.999248 0.00272714 -0.0386812 -0.18528 -0.00286696 0.99999 -0.00355949 -0.0632076 0.0386711 0.00366772 0.999245 6.61576 
0.999106 0.00238973 -0.0422002 -0.222137 -0.00242811 0.999997 -0.000858108 -0.0733648 0.042198 0.000959807 0.999109 7.41699 
0.998988 0.00387579 -0.0448129 -0.265654 -0.00394513 0.999991 -0.00145907 -0.0833755 0.0448068 0.00163439 0.998994 8.2237 
0.99889 0.00334829 -0.0469896 -0.30849 -0.00343077 0.999993 -0.00167468 -0.0903361 0.0469837 0.00183403 0.998894 9.03825 
0.998809 0.000379968 -0.0487917 -0.348557 -0.000490235 0.999997 -0.00224801 -0.0973182 0.0487907 0.00226925 0.998806 9.86133 
0.998708 0.000272945 -0.0508094 -0.39312 -0.000344839 0.999999 -0.0014062 -0.106081 0.050809 0.00142191 0.998707 10.6956 
0.998634 -0.00118284 -0.0522441 -0.438517 0.00109987 0.999998 -0.00161685 -0.116194 0.0522459 0.00155718 0.998633 11.5377 
0.998533 0.00114497 -0.0541268 -0.490395 -0.00135847 0.999991 -0.00390795 -0.126819 0.0541218 0.00397575 0.998526 12.3865 
0.99846 0.0015746 -0.055455 -0.543697 -0.0019391 0.999977 -0.00651967 -0.137458 0.0554435 0.00661716 0.99844 13.2436 
0.998347 0.00550374 -0.0572114 -0.601966 -0.0059807 0.999949 -0.00816901 -0.148455 0.0571635 0.00849767 0.998329 14.1086 
0.998282 0.00636768 -0.0582512 -0.659157 -0.00683239 0.999946 -0.00778214 -0.162054 0.0581985 0.00816677 0.998272 14.9843 
0.998207 0.00546161 -0.0596067 -0.715097 -0.00584734 0.999963 -0.00629871 -0.176542 0.0595701 0.00663596 0.998202 15.8687 
0.998118 0.00611473 -0.0610169 -0.773682 -0.00642031 0.999968 -0.00481336 -0.189197 0.0609856 0.00519605 0.998125 16.7576 
0.998059 0.00571232 -0.0620108 -0.832998 -0.00601749 0.999971 -0.00473562 -0.202934 0.0619819 0.00509958 0.998064 17.6501 
0.997955 0.00556819 -0.0636739 -0.893265 -0.0059356 0.999967 -0.00558258 -0.215882 0.0636407 0.0059491 0.997955 18.5457 
0.997896 0.00415994 -0.0646967 -0.953695 -0.00457981 0.999969 -0.00634294 -0.228527 0.0646684 0.00662589 0.997885 19.4479 
0.997858 0.00429915 -0.0652758 -1.01631 -0.00461247 0.999979 -0.00465002 -0.240728 0.0652544 0.00494114 0.997856 20.3563 
0.997856 0.00567103 -0.0652043 -1.08228 -0.00576312 0.999983 -0.00122427 -0.253542 0.0651963 0.00159742 0.997871 21.274 
0.997904 0.00668183 -0.0643587 -1.14736 -0.00653368 0.999975 0.00251225 -0.263886 0.0643739 -0.00208649 0.997924 22.1959 
0.99801 0.00557964 -0.0628145 -1.20798 -0.00525462 0.999972 0.00533823 -0.270475 0.0628426 -0.00499754 0.998011 23.1242 
0.998105 0.00579329 -0.0612594 -1.26806 -0.00542856 0.999967 0.00611858 -0.276756 0.0612928 -0.00577444 0.998103 24.0535 
0.998187 0.00604457 -0.0598851 -1.32816 -0.0058576 0.999977 0.00329716 -0.283547 0.0599037 -0.0029404 0.9982 24.9871 
0.998234 0.00685288 -0.0590068 -1.38771 -0.00695634 0.999975 -0.00154813 -0.289998 0.0589947 0.00195587 0.998256 25.923 
0.99831 0.00596215 -0.0578089 -1.44508 -0.00623186 0.999971 -0.00448635 -0.298489 0.0577804 0.00483902 0.998318 26.8661 
0.998363 0.00339954 -0.057096 -1.49986 -0.00360295 0.999988 -0.00346006 -0.309498 0.0570835 0.00366011 0.998363 27.818 
0.998354 0.00153429 -0.0573376 -1.55517 -0.00145018 0.999998 0.00150855 -0.320049 0.0573397 -0.00142291 0.998354 28.7772 
0.998305 -0.00223646 -0.0581542 -1.60957 0.00253051 0.999984 0.00498336 -0.331036 0.0581422 -0.00512207 0.998295 29.7403 
0.998198 -0.00969068 -0.0592115 -1.65857 0.00996747 0.999941 0.00438103 -0.339525 0.0591655 -0.00496332 0.998236 30.7001 
0.998087 -0.011891 -0.0606632 -1.71439 0.0119425 0.999929 0.000486594 -0.345696 0.0606531 -0.00121013 0.998158 31.6616 
0.998004 -0.0116899 -0.0620672 -1.77789 0.0115007 0.999928 -0.0034044 -0.355619 0.0621025 0.00268379 0.998066 32.6263 
0.997882 -0.0104207 -0.0642149 -1.84307 0.0101755 0.99994 -0.00414462 -0.366779 0.0642542 0.00348243 0.997927 33.5986 
0.997827 -0.0104696 -0.0650488 -1.90961 0.0103117 0.999943 -0.00276251 -0.37908 0.0650741 0.00208574 0.997878 34.5782 
0.997778 -0.00740243 -0.0662131 -1.98182 0.00742433 0.999972 8.46662e-05 -0.392856 0.0662106 -0.000576066 0.997806 35.5601 
0.997688 -0.00749662 -0.0675405 -2.05083 0.00761056 0.99997 0.00142994 -0.404027 0.0675278 -0.00194065 0.997716 36.5425 
0.997627 -0.00618545 -0.0685781 -2.12021 0.00647625 0.999971 0.0040189 -0.41236 0.0685512 -0.00445349 0.997638 37.5254 
0.997632 -0.00630536 -0.0684868 -2.18979 0.00680707 0.999952 0.00709468 -0.421247 0.0684387 -0.00754407 0.997627 38.5108 
0.997613 -0.000500205 -0.0690473 -2.26784 0.00115157 0.999955 0.00939419 -0.426495 0.0690395 -0.00945128 0.997569 39.4929 
0.997603 -0.000649386 -0.0691915 -2.34057 0.00126768 0.99996 0.00889252 -0.433438 0.0691829 -0.00895892 0.997564 40.4703 
0.997609 -0.000556736 -0.069111 -2.41041 0.00105683 0.999974 0.00719978 -0.436992 0.0691052 -0.00725561 0.997583 41.446 
0.997612 0.00167933 -0.0690505 -2.48594 -0.00133654 0.999987 0.00501028 -0.443966 0.069058 -0.00490603 0.997601 42.4184 
0.997542 0.00127237 -0.0700614 -2.55661 -0.000917497 0.999987 0.00509716 -0.452896 0.070067 -0.00502035 0.99753 43.3908 
0.997454 -0.000693661 -0.0713084 -2.62556 0.00114415 0.99998 0.00627685 -0.460298 0.0713026 -0.00634246 0.997435 44.3645 
0.997395 -0.000123578 -0.0721317 -2.70023 0.000655678 0.999973 0.00735314 -0.4695 0.0721288 -0.00738128 0.997368 45.3336 
0.997378 0.00230709 -0.0723379 -2.77792 -0.0020366 0.999991 0.00381278 -0.480712 0.072346 -0.00365546 0.997373 46.293 
0.99732 0.00282095 -0.0731117 -2.85514 -0.0028537 0.999996 -0.000343534 -0.489755 0.0731105 0.000551252 0.997324 47.2494 
0.997273 0.00367764 -0.0737047 -2.93074 -0.00380535 0.999991 -0.00159243 -0.500385 0.0736982 0.00186856 0.997279 48.206 
0.997268 0.00246803 -0.073824 -3.00343 -0.00232723 0.999995 0.0019932 -0.514162 0.0738286 -0.00181595 0.997269 49.1651 
0.997253 0.00056743 -0.0740713 -3.07437 -0.000188655 0.999987 0.00512055 -0.526152 0.0740732 -0.0050925 0.99724 50.12 
0.997236 -0.00129378 -0.0742889 -3.14648 0.00172852 0.999982 0.00578802 -0.53643 0.0742801 -0.00590043 0.99722 51.0675 
0.997215 -0.00444438 -0.0744488 -3.21662 0.0047974 0.999978 0.00456366 -0.546131 0.0744269 -0.00490811 0.997214 52.0101 
0.997167 -0.00714484 -0.0748816 -3.28604 0.00741031 0.999967 0.00326796 -0.555931 0.0748558 -0.0038136 0.997187 52.9482 
0.997073 -0.00872222 -0.0759542 -3.35814 0.00909006 0.999949 0.00449855 -0.564762 0.0759111 -0.00517581 0.997101 53.8872 
0.996954 -0.0117728 -0.0770975 -3.42862 0.0124736 0.999885 0.00861536 -0.571626 0.0769872 -0.0095508 0.996986 54.8256 
0.996895 -0.0126534 -0.0777204 -3.50003 0.0137514 0.999813 0.0136085 -0.576414 0.0775336 -0.014635 0.996882 55.7621 
0.996875 -0.010906 -0.0782383 -3.57845 0.0121844 0.9998 0.0158803 -0.579813 0.0780494 -0.016784 0.996808 56.6912 
0.996775 -0.00981474 -0.0796419 -3.65622 0.0108004 0.99987 0.011955 -0.584287 0.0795142 -0.0127766 0.996752 57.6066 
0.996685 -0.00830298 -0.0809314 -3.73416 0.00866891 0.999954 0.00417116 -0.588898 0.080893 -0.00485892 0.996711 58.5097 
0.996631 -0.00661116 -0.0817532 -3.81305 0.0065813 0.999978 -0.000634675 -0.597089 0.0817556 9.44948e-05 0.996652 59.405 
0.996567 -0.00168406 -0.0827725 -3.89762 0.00171466 0.999998 0.000298667 -0.608708 0.0827719 -0.000439569 0.996568 60.2961 
0.996494 0.00111834 -0.0836517 -3.98016 -0.000903589 0.999996 0.00260508 -0.623105 0.0836543 -0.00252036 0.996492 61.1752 
0.996394 0.0036744 -0.0847722 -4.05973 -0.00332855 0.999986 0.00422074 -0.637747 0.0847865 -0.00392335 0.996391 62.039 
0.9963 0.00437038 -0.0858269 -4.13857 -0.00404583 0.999984 0.00395507 -0.646493 0.0858429 -0.00359319 0.996302 62.8873 
0.996153 0.00610151 -0.0874143 -4.2181 -0.005703 0.999972 0.00480785 -0.656674 0.0874412 -0.00429083 0.99616 63.7247 
0.996032 0.00693207 -0.0887293 -4.29614 -0.00647443 0.999964 0.0054444 -0.669422 0.0887639 -0.00484832 0.996041 64.5475 
0.9959 0.00686046 -0.0902029 -4.37309 -0.00635178 0.999962 0.00592509 -0.680176 0.0902401 -0.00532785 0.995906 65.3585 
0.995788 0.00672893 -0.0914378 -4.4498 -0.00611678 0.999957 0.00697333 -0.687225 0.0914807 -0.00638466 0.995786 66.1568 
0.99565 0.00949031 -0.0926875 -4.53108 -0.00863227 0.999916 0.00965389 -0.693471 0.0927714 -0.00881179 0.995648 66.9432 
0.995524 0.0109749 -0.0938719 -4.61057 -0.00972179 0.999858 0.0137957 -0.699329 0.0940099 -0.0128214 0.995489 67.7167 
0.99533 0.0141629 -0.0954815 -4.69058 -0.012735 0.999798 0.0155475 -0.704088 0.0956824 -0.014259 0.99531 68.4717 
0.995163 0.0169707 -0.0967613 -4.77137 -0.0159356 0.999807 0.0114604 -0.711542 0.0969372 -0.00986297 0.995242 69.2043 
0.995041 0.0169268 -0.0980181 -4.84789 -0.0165919 0.999853 0.00423019 -0.720592 0.0980753 -0.0025829 0.995176 69.9134 
0.994911 0.0160303 -0.0994772 -4.91892 -0.0162705 0.999866 -0.00160356 -0.727655 0.0994382 0.00321394 0.995039 70.6058 
0.994859 0.0168876 -0.0998531 -4.99314 -0.0172537 0.999847 -0.0028033 -0.734052 0.0997905 0.00451172 0.994998 71.2821 
0.994741 0.0196768 -0.100516 -5.06821 -0.0196955 0.999806 0.000806029 -0.746178 0.100512 0.00117793 0.994935 71.9422 
0.994609 0.0199068 -0.101771 -5.13729 -0.0196839 0.999801 0.00319363 -0.763491 0.101814 -0.00117316 0.994803 72.58 
0.994566 0.0167894 -0.102743 -5.20179 -0.0168815 0.999857 -2.63975e-05 -0.77631 0.102728 0.0017607 0.994708 73.1952 
0.994678 0.00868379 -0.102665 -5.25572 -0.00926504 0.999944 -0.00518615 -0.789312 0.102614 0.00610975 0.994702 73.7926 
0.994811 0.00463574 -0.101635 -5.3104 -0.00567894 0.999934 -0.00997726 -0.800711 0.101582 0.0105027 0.994772 74.3736 
0.995113 0.00713581 -0.098483 -5.37047 -0.00817783 0.999915 -0.010181 -0.812415 0.0984019 0.0109367 0.995087 74.9425 
0.995466 0.0121155 -0.094344 -5.43226 -0.0128494 0.999892 -0.00717547 -0.824754 0.0942468 0.0083552 0.995514 75.4984 
0.995912 0.0105406 -0.0897094 -5.4787 -0.0109535 0.999932 -0.0041118 -0.83589 0.0896599 0.00507762 0.995959 76.0423 
0.996439 0.00685013 -0.0840376 -5.51434 -0.00686376 0.999976 0.000126682 -0.847619 0.0840365 0.000450583 0.996463 76.5751 
0.997113 0.00244843 -0.0758876 -5.54362 -0.0021781 0.999991 0.0036448 -0.861519 0.0758959 -0.00346899 0.99711 77.0959 
0.997859 0.00609825 -0.0651161 -5.5772 -0.0058831 0.999977 0.0034954 -0.869964 0.0651359 -0.00310483 0.997872 77.6007 
0.998688 0.011329 -0.0499438 -5.60651 -0.0111939 0.999933 0.00298511 -0.877119 0.0499743 -0.00242213 0.998748 78.0931 
0.999357 0.0163912 -0.0319044 -5.62095 -0.0162864 0.999861 0.00354225 -0.8827 0.0319581 -0.00302036 0.999485 78.5752 
0.999842 0.0147853 -0.00988097 -5.61214 -0.014746 0.999883 0.00403468 -0.887691 0.00993947 -0.00388834 0.999943 79.0452 
0.999803 0.0113089 0.0162977 -5.58534 -0.0113914 0.999923 0.00497745 -0.895001 -0.0162402 -0.00516212 0.999855 79.5024 
0.998898 0.0102368 0.0458002 -5.54567 -0.0105472 0.999923 0.00654159 -0.902146 -0.0457297 -0.00701745 0.998929 79.9513 
0.996838 0.00983744 0.0788447 -5.49133 -0.0105003 0.999913 0.00799688 -0.908748 -0.0787591 -0.00879949 0.996855 80.3928 
0.993162 0.00981514 0.116332 -5.4189 -0.0108791 0.999905 0.0085143 -0.914424 -0.116238 -0.00972167 0.993174 80.8259 
0.987383 0.0100706 0.158031 -5.32802 -0.011547 0.999898 0.00842706 -0.918249 -0.15793 -0.0101455 0.987398 81.2512 
0.979079 0.00982238 0.203244 -5.21745 -0.0117725 0.999896 0.00838798 -0.924231 -0.203141 -0.0106052 0.979092 81.6642 
0.967566 0.012014 0.252331 -5.08818 -0.0140694 0.999881 0.00634315 -0.933593 -0.252225 -0.00968758 0.96762 82.0628 
0.95208 0.0130025 0.305574 -4.93671 -0.014756 0.999885 0.00342904 -0.942177 -0.305494 -0.00777375 0.952162 82.4454 
0.932284 0.0133414 0.36148 -4.7619 -0.0147678 0.99989 0.00118355 -0.948774 -0.361425 -0.00644167 0.932379 82.812 
0.907967 0.0141278 0.418804 -4.56523 -0.0151481 0.999885 -0.000888735 -0.953245 -0.418768 -0.00553712 0.908076 83.162 
0.878889 0.0143761 0.476809 -4.34631 -0.0146709 0.999888 -0.00310486 -0.957602 -0.4768 -0.00426637 0.879001 83.4927 
0.845396 0.0128886 0.533985 -4.10524 -0.0118877 0.999915 -0.00531411 -0.966025 -0.534008 -0.00185533 0.845477 83.8008 
0.808478 0.0125298 0.588393 -3.84466 -0.0107687 0.999921 -0.00649669 -0.977779 -0.588428 -0.00108379 0.808549 84.0922 
0.768426 0.0112478 0.63984 -3.56621 -0.0099758 0.999935 -0.00559736 -0.98832 -0.639861 -0.00208176 0.768488 84.3684 
0.725418 0.0109185 0.688222 -3.27194 -0.0115783 0.999926 -0.0036596 -0.996144 -0.688211 -0.00531371 0.725491 84.6288 
0.679989 0.00991232 0.733155 -2.96147 -0.0108486 0.999935 -0.00345727 -1.00363 -0.733142 -0.00560283 0.680053 84.8653 
0.633231 0.00862265 0.773915 -2.63636 -0.00770382 0.999959 -0.00483774 -1.01252 -0.773925 -0.00289869 0.633271 85.0773 
0.58625 0.00602756 0.810108 -2.2972 -0.0022557 0.999981 -0.00580792 -1.0221 -0.810127 0.00157753 0.586252 85.2657 
0.539328 0.00809511 0.842057 -1.95414 -0.00427782 0.999967 -0.00687329 -1.03297 -0.842085 0.000104789 0.539345 85.4439 
0.491771 0.0109622 0.870656 -1.60498 -0.00822089 0.999935 -0.00794654 -1.04362 -0.870686 -0.00324969 0.491829 85.6101 
0.446136 0.0130819 0.89487 -1.24776 -0.00898424 0.999908 -0.0101383 -1.05356 -0.89492 -0.00351664 0.446212 85.754 
0.403805 0.0105029 0.914785 -0.878501 -0.00163233 0.999941 -0.0107601 -1.06 -0.914844 0.00285175 0.403798 85.8701 
0.364346 0.00297867 0.931259 -0.496673 0.0135265 0.999872 -0.00849023 -1.06352 -0.931165 0.01569 0.364259 85.9629 
0.329047 -0.000632482 0.944313 -0.113311 0.0178042 0.999826 -0.00553424 -1.06667 -0.944146 0.0186338 0.329001 86.0574 
0.295898 0.00346996 0.955213 0.268743 0.0152651 0.999849 -0.00836081 -1.07425 -0.955098 0.0170554 0.2958 86.1577 
0.264736 0.0111363 0.964257 0.652174 0.00446284 0.999908 -0.0127733 -1.08919 -0.964311 0.00768488 0.264662 86.2627 
0.236332 0.0154535 0.971549 1.04769 -0.000211746 0.999874 -0.0158525 -1.10721 -0.971672 0.00354073 0.236306 86.3514 
0.210687 0.017131 0.977403 1.45546 0.00113527 0.999841 -0.017769 -1.12279 -0.977553 0.0048533 0.210634 86.4202 
0.187364 0.0184913 0.982117 1.87377 0.00863828 0.999753 -0.0204713 -1.1337 -0.982253 0.0123194 0.187158 86.473 
0.167336 0.0248217 0.985587 2.29984 0.0157722 0.999488 -0.0278496 -1.13366 -0.985774 0.0202051 0.166858 86.5183 
0.147666 0.0316107 0.988532 2.73534 0.0179891 0.999238 -0.0346403 -1.13437 -0.988874 0.022898 0.146985 86.5688 
0.130026 0.0324077 0.990981 3.18747 0.0155423 0.999276 -0.0347183 -1.14879 -0.991389 0.0199164 0.129428 86.6243 
0.114551 0.0279706 0.993024 3.65671 0.0136629 0.999465 -0.0297282 -1.17283 -0.993323 0.016973 0.114107 86.6733 
0.100043 0.0247207 0.994676 4.13667 0.0140316 0.999557 -0.0262533 -1.19415 -0.994884 0.0165834 0.0996514 86.7141 
0.0868047 0.0222613 0.995977 4.63105 0.0164132 0.999583 -0.0237724 -1.2117 -0.99609 0.0184107 0.0864031 86.7472 
0.0752596 0.0214551 0.996933 5.1386 0.0202751 0.999529 -0.0230416 -1.22676 -0.996958 0.0219471 0.0747892 86.7741 
0.065146 0.022112 0.997631 5.6592 0.0234874 0.999444 -0.0236859 -1.24186 -0.997599 0.0249748 0.0645904 86.7986 
0.0572995 0.022661 0.9981 6.19582 0.0255387 0.999382 -0.0241562 -1.25754 -0.99803 0.0268743 0.0566854 86.8233 
0.0517468 0.023027 0.998395 6.75037 0.0272943 0.999328 -0.0244632 -1.27379 -0.998287 0.0285164 0.0510836 86.8469 
0.0462178 0.0241386 0.99864 7.32131 0.0285388 0.999268 -0.0254746 -1.2903 -0.998524 0.0296774 0.045495 86.8695 
0.0402541 0.0248439 0.998881 7.91094 0.0290563 0.999239 -0.0260238 -1.30747 -0.998767 0.0300713 0.0395016 86.8908 
0.0359523 0.0248946 0.999043 8.51724 0.0315152 0.999164 -0.0260317 -1.32599 -0.998856 0.032421 0.0351377 86.908 
0.0330628 0.0248802 0.999144 9.14183 0.0330386 0.999117 -0.0259729 -1.34501 -0.998907 0.033869 0.0322116 86.9248 
0.0299995 0.0244256 0.999251 9.78348 0.0338742 0.999102 -0.025439 -1.36464 -0.998976 0.034612 0.0291452 86.9431 
0.027598 0.0238874 0.999334 10.4421 0.0359137 0.999045 -0.0248723 -1.38443 -0.998974 0.0365762 0.0267137 86.959 
0.0269477 0.0235616 0.999359 11.1163 0.0403699 0.998881 -0.0246389 -1.40453 -0.998821 0.041008 0.0259664 86.9715 
0.0280307 0.0232069 0.999338 11.8063 0.0439092 0.998737 -0.0244246 -1.42557 -0.998642 0.0445648 0.0269763 86.9857 
0.0304978 0.0231409 0.999267 12.5116 0.0456914 0.998655 -0.0245212 -1.44642 -0.99849 0.0464058 0.0293995 87.0064 
0.034366 0.02307 0.999143 13.232 0.0481761 0.998533 -0.0247129 -1.46829 -0.998247 0.0489841 0.0332042 87.0303 
0.0387218 0.0226152 0.998994 13.9695 0.0485679 0.99852 -0.024487 -1.48919 -0.998069 0.0494672 0.0375661 87.0586 
0.0427572 0.0209945 0.998865 14.7227 0.0500355 0.99848 -0.0231282 -1.51049 -0.997832 0.0509676 0.0416417 87.0911 
0.0467568 0.0194425 0.998717 15.491 0.0499256 0.998516 -0.021776 -1.53223 -0.997658 0.0508797 0.0457167 87.13 
0.0508694 0.017343 0.998555 16.2735 0.046813 0.998709 -0.0197305 -1.55494 -0.997608 0.047749 0.0499918 87.1764 
0.054896 0.016298 0.998359 17.0674 0.0460134 0.998763 -0.0188347 -1.57601 -0.997431 0.0469718 0.0540782 87.2267 
0.0589241 0.0172551 0.998113 17.8653 0.0432414 0.998868 -0.0198209 -1.59942 -0.997325 0.0443277 0.0581112 87.2812 
0.0620801 0.0213469 0.997843 18.6653 0.0411661 0.998866 -0.0239299 -1.62638 -0.997222 0.0425629 0.0611309 87.3371 
0.063347 0.0266042 0.997637 19.468 0.0353425 0.998958 -0.0288836 -1.65396 -0.997366 0.0370887 0.0623407 87.3989 
0.0631734 0.0296876 0.997561 20.2768 0.0324632 0.998967 -0.0317853 -1.6851 -0.997474 0.034392 0.0621444 87.4577 
0.0632828 0.0291347 0.99757 21.0852 0.0301547 0.999062 -0.0310912 -1.71964 -0.99754 0.0320489 0.0623448 87.5144 
0.0632543 0.0273011 0.997624 21.8976 0.027331 0.999203 -0.0290772 -1.75637 -0.997623 0.0291053 0.0624578 87.5731 
0.0630953 0.026139 0.997665 22.707 0.0283486 0.999207 -0.0279723 -1.78864 -0.997605 0.0300473 0.0623043 87.627 
0.0635576 0.0254684 0.997653 23.5162 0.0258111 0.999298 -0.0271548 -1.82284 -0.997644 0.0274765 0.0628556 87.6839 
0.0636796 0.0257973 0.997637 24.3228 0.0242172 0.999332 -0.027387 -1.85707 -0.997677 0.025904 0.0630123 87.7416 
0.0637853 0.0263654 0.997615 25.1278 0.0213281 0.999387 -0.0277759 -1.89096 -0.997736 0.0230489 0.0631839 87.8 
0.0625998 0.0277026 0.997654 25.9297 0.0185514 0.99941 -0.0289154 -1.92459 -0.997866 0.020318 0.062049 87.8571 
0.059761 0.0272884 0.99784 26.7326 0.015571 0.999479 -0.0282658 -1.95766 -0.998091 0.0172266 0.059305 87.913 
0.0558483 0.025992 0.998101 27.5352 0.013115 0.999556 -0.0267637 -1.99039 -0.998353 0.0145848 0.0554826 87.965 
0.0509915 0.0235884 0.99842 28.3386 0.0111588 0.999645 -0.0241872 -2.02235 -0.998637 0.0123745 0.0507102 88.0119 
0.0447172 0.0215391 0.998767 29.1391 0.00899195 0.999718 -0.0219622 -2.05385 -0.998959 0.00996295 0.044511 88.0532 
0.0373412 0.0217343 0.999066 29.9336 0.00854479 0.99972 -0.0220679 -2.08509 -0.999266 0.00936085 0.037145 88.0855 
0.0286411 0.0227124 0.999332 30.7247 0.00830304 0.999702 -0.0229588 -2.11407 -0.999555 0.00895506 0.028444 88.1095 
0.0187071 0.0231104 0.999558 31.5145 0.00867519 0.999691 -0.0232759 -2.14204 -0.999787 0.00910677 0.0185008 88.1252 
0.00847215 0.0220893 0.99972 32.3029 0.00981449 0.999706 -0.0221722 -2.17145 -0.999916 0.00999958 0.00825287 88.1317 
-0.00232807 0.0211192 0.999774 33.089 0.00872468 0.999739 -0.0210982 -2.20085 -0.999959 0.0086736 -0.00251172 88.1323 
-0.0134188 0.02031 0.999704 33.8706 0.0100853 0.999746 -0.0201754 -2.22837 -0.999859 0.00981156 -0.0136202 88.1203 
-0.0244504 0.0206485 0.999488 34.6474 0.01027 0.999739 -0.0204025 -2.25675 -0.999648 0.0097659 -0.0246561 88.1018 
-0.0354856 0.021224 0.999145 35.42 0.010553 0.999727 -0.0208615 -2.28578 -0.999314 0.00980365 -0.0356999 88.0747 
-0.0461293 0.0222686 0.998687 36.1865 0.0101363 0.99971 -0.0218232 -2.31411 -0.998884 0.00911635 -0.0463417 88.0414 
-0.0564522 0.023306 0.998133 36.9459 0.0111243 0.99968 -0.022713 -2.34138 -0.998343 0.00982135 -0.0566934 87.9984 
-0.0658846 0.0240118 0.997538 37.699 0.0119262 0.999658 -0.0232752 -2.36923 -0.997756 0.0103634 -0.0661484 87.9468 
-0.0754975 0.0244661 0.996846 38.4438 0.0126071 0.999642 -0.0235799 -2.39903 -0.997066 0.0107871 -0.075779 87.889 
-0.0848259 0.0247617 0.996088 39.181 0.0133593 0.99963 -0.0237121 -2.4284 -0.996306 0.0112956 -0.0851252 87.8256 
-0.0933791 0.0242891 0.995334 39.9106 0.0144862 0.99963 -0.0230349 -2.4564 -0.995525 0.0122676 -0.0936963 87.7549 
-0.100643 0.0231342 0.994654 40.6333 0.0162447 0.999635 -0.0216064 -2.48464 -0.99479 0.0139833 -0.100982 87.6786 
-0.105824 0.0214765 0.994153 41.3475 0.0190509 0.999627 -0.0195669 -2.51164 -0.994202 0.0168689 -0.106194 87.5987 
-0.109605 0.0198823 0.993776 42.0501 0.0220363 0.999603 -0.0175685 -2.53711 -0.993731 0.0199735 -0.109999 87.517 
-0.112387 0.0187606 0.993487 42.7447 0.0235815 0.999591 -0.0162082 -2.56106 -0.993385 0.0216063 -0.112783 87.4389 
-0.114075 0.0178443 0.993312 43.4222 0.023845 0.9996 -0.0152188 -2.58483 -0.993186 0.0219494 -0.114455 87.3606 
-0.114864 0.0182415 0.993214 44.0843 0.0246144 0.999577 -0.0155118 -2.60827 -0.993076 0.0226657 -0.115264 87.2847 
-0.113858 0.0192571 0.99331 44.732 0.0254403 0.999541 -0.0164618 -2.63122 -0.993171 0.0233959 -0.114296 87.2087 
-0.110912 0.020855 0.993611 45.3623 0.0263962 0.999489 -0.0180319 -2.65408 -0.99348 0.0242276 -0.111406 87.1394 
-0.105711 0.0213639 0.994167 45.9787 0.0264716 0.999475 -0.0186632 -2.67591 -0.994045 0.0243443 -0.106221 87.077 
-0.0976773 0.0220735 0.994973 46.576 0.0260082 0.999469 -0.01962 -2.6987 -0.994878 0.023961 -0.0981995 87.0241 
-0.0865039 0.0219909 0.996009 47.1535 0.0249456 0.999491 -0.0199012 -2.72223 -0.995939 0.0231245 -0.0870085 86.9817 
-0.0727637 0.0222781 0.9971 47.7121 0.0241871 0.999496 -0.0205666 -2.74542 -0.997056 0.0226205 -0.0732658 86.9509 
-0.0555091 0.0236108 0.998179 48.254 0.0233282 0.999478 -0.0223442 -2.76799 -0.998186 0.0220454 -0.056031 86.9328 
-0.0341848 0.0261301 0.999074 48.7844 0.0217218 0.999441 -0.0253964 -2.79102 -0.999179 0.0208335 -0.0347333 86.9284 
-0.00955491 0.0291145 0.99953 49.312 0.0197626 0.999386 -0.0289214 -2.81495 -0.999759 0.0194769 -0.0101244 86.9406 
0.0187761 0.0308557 0.999347 49.837 0.0179266 0.999353 -0.0311927 -2.83843 -0.999663 0.0185006 0.0182108 86.9696 
0.0519679 0.0303806 0.998187 50.3627 0.0158056 0.999387 -0.0312401 -2.86017 -0.998524 0.0174004 0.0514559 87.0171 
0.0900844 0.0279902 0.995541 50.8838 0.0147136 0.999458 -0.0294318 -2.88172 -0.995825 0.0172994 0.0896238 87.0844 
0.13221 0.0241757 0.990927 51.3996 0.0124006 0.999584 -0.0260414 -2.90627 -0.991144 0.015731 0.131855 87.1765 
0.177358 0.019812 0.983947 51.9085 0.0098131 0.999712 -0.0218983 -2.92972 -0.984098 0.0135394 0.177112 87.2959 
0.225635 0.0165688 0.974071 52.4057 0.00532993 0.999819 -0.0182414 -2.95013 -0.974197 0.00930762 0.225506 87.443 
0.276958 0.0150738 0.960764 52.8897 0.00167415 0.999868 -0.0161699 -2.96867 -0.960881 0.00608684 0.276896 87.6181 
0.331561 0.0147924 0.943318 53.3597 0.000915217 0.999872 -0.0160009 -2.98519 -0.943433 0.00616862 0.331505 87.8182 
0.389429 0.0153179 0.920929 53.8093 0.00313518 0.999834 -0.0179561 -3.00182 -0.921051 0.00987989 0.389316 88.043 
0.449092 0.0185793 0.893292 54.2353 0.00407231 0.999731 -0.0228404 -3.02068 -0.893476 0.0138952 0.448896 88.2954 
0.508739 0.0216513 0.860649 54.6362 0.0055079 0.999581 -0.0284022 -3.03996 -0.860903 0.0191896 0.508406 88.57 
0.566955 0.0257384 0.823347 55.0138 0.00161606 0.999475 -0.0323571 -3.05615 -0.823747 0.0196756 0.566615 88.8762 
0.62278 0.0281508 0.781891 55.3639 -0.00168569 0.999398 -0.0346392 -3.07376 -0.782395 0.0202546 0.622453 89.2081 
0.675624 0.0287396 0.736686 55.6918 -0.00300593 0.999339 -0.0362295 -3.09193 -0.73724 0.0222631 0.675264 89.5601 
0.724662 0.026337 0.688601 55.9941 -0.00291732 0.999378 -0.0351533 -3.11316 -0.689098 0.0234654 0.724288 89.9314 
0.769832 0.0228659 0.637836 56.2721 -0.0049872 0.999543 -0.0298135 -3.1309 -0.638227 0.0197704 0.769595 90.3289 
0.811092 0.017669 0.584651 56.5233 -0.00537229 0.999727 -0.0227601 -3.14653 -0.584893 0.0153196 0.810966 90.7468 
0.847616 0.0148377 0.530402 56.7454 -0.0073055 0.999841 -0.0162953 -3.16106 -0.530559 0.00993733 0.84759 91.1791 
0.878839 0.0111565 0.476988 56.9469 -0.00781396 0.999929 -0.00899085 -3.1729 -0.477054 0.00417435 0.878864 91.6245 
0.904456 0.0116294 0.426408 57.1163 -0.0111846 0.999931 -0.00354716 -3.18526 -0.42642 -0.00156097 0.904524 92.0772 
0.924621 0.013426 0.380653 57.2645 -0.0145053 0.999895 -3.33022e-05 -3.197 -0.380613 -0.00549068 0.924718 92.5376 
0.939896 0.0192612 0.340918 57.3917 -0.0214467 0.999767 0.00264262 -3.20463 -0.340787 -0.00979535 0.940089 93.0098 
0.951779 0.0234955 0.305884 57.5085 -0.0251756 0.999682 0.00154827 -3.2057 -0.30575 -0.00917442 0.952068 93.4877 
0.96107 0.025385 0.275137 57.6236 -0.0268735 0.999637 0.00164124 -3.20641 -0.274996 -0.00897125 0.961404 93.9745 
0.967218 0.0198616 0.253168 57.745 -0.0209624 0.999779 0.00165111 -3.20957 -0.25308 -0.006904 0.967421 94.4663 
0.971209 0.0168419 0.237632 57.858 -0.0179117 0.999837 0.00234322 -3.21756 -0.237554 -0.00653215 0.971352 94.9648 
0.974125 0.0210534 0.225029 57.9574 -0.0220696 0.999754 0.00200113 -3.22119 -0.224931 -0.00691565 0.97435 95.4725 
0.976144 0.026629 0.215485 58.0513 -0.0278127 0.99961 0.00246243 -3.22047 -0.215335 -0.0083969 0.976504 95.9882 
0.977195 0.0342838 0.209556 58.1463 -0.0352906 0.999377 0.00106608 -3.22096 -0.209389 -0.00843713 0.977796 96.5177 
0.977596 0.040117 0.206631 58.2439 -0.0404762 0.999177 -0.00249059 -3.22709 -0.206561 -0.00592887 0.978416 97.0476 
0.977711 0.0414435 0.205825 58.3531 -0.0413139 0.999134 -0.00492914 -3.23864 -0.205851 -0.00368416 0.978576 97.587 
0.977254 0.0400052 0.208262 58.4717 -0.0390915 0.999199 -0.00850262 -3.24824 -0.208436 0.000167923 0.978036 98.1363 
0.976442 0.0387105 0.212277 58.5936 -0.0363681 0.999227 -0.0149294 -3.25442 -0.212691 0.00685758 0.977095 98.6919 
0.975528 0.038937 0.216401 58.7227 -0.0354981 0.999174 -0.0197574 -3.26164 -0.216991 0.0115921 0.976105 99.2669 
0.97435 0.0438596 0.220723 58.8462 -0.0406097 0.99899 -0.0192424 -3.27347 -0.221344 0.0097853 0.975147 99.8459 
0.972907 0.0469088 0.22639 58.9766 -0.0446126 0.998888 -0.0152515 -3.28632 -0.226854 0.00473846 0.973917 100.448 
0.971897 0.0439868 0.231259 59.1191 -0.0426887 0.999032 -0.0106165 -3.29998 -0.231502 0.000445994 0.972834 101.054 
0.971168 0.0396291 0.23508 59.2755 -0.0395503 0.999205 -0.0050519 -3.31192 -0.235094 -0.00439126 0.971963 101.68 
0.970375 0.0370761 0.238743 59.4307 -0.0380799 0.999275 -0.000408094 -3.32195 -0.238585 -0.0086953 0.971083 102.309 
0.969805 0.0325495 0.241699 59.591 -0.0335988 0.999435 0.000220212 -3.32827 -0.241555 -0.00833435 0.970351 102.945 
0.969836 0.0291529 0.242007 59.756 -0.0293301 0.999566 -0.00287103 -3.3371 -0.241986 -0.00431366 0.97027 103.588 
0.969959 0.0285532 0.241588 59.9185 -0.0269647 0.999588 -0.00987962 -3.34694 -0.24177 0.00306849 0.970329 104.24 
0.970089 0.0309248 0.240774 60.078 -0.027763 0.999478 -0.0165137 -3.35689 -0.241159 0.00933513 0.970441 104.906 
0.970639 0.0339527 0.238132 60.2383 -0.0299745 0.999344 -0.0203082 -3.36553 -0.238665 0.012574 0.971021 105.588 
0.971278 0.0322918 0.235745 60.4054 -0.0293376 0.999441 -0.0160291 -3.37752 -0.236131 0.00865255 0.971683 106.289 
0.971731 0.0281765 0.234403 60.5776 -0.0269709 0.999601 -0.00834799 -3.39253 -0.234545 0.00178993 0.972104 107.004 
0.972302 0.0285416 0.231979 60.7453 -0.0287495 0.999584 -0.00248538 -3.40884 -0.231954 -0.00425274 0.972718 107.729 
0.972609 0.0319304 0.230242 60.9074 -0.0320599 0.999481 -0.00317973 -3.42086 -0.230224 -0.0042889 0.973128 108.46 
0.972902 0.0376226 0.228138 61.0662 -0.0368091 0.999292 -0.0078214 -3.43019 -0.228271 -0.000788102 0.973597 109.198 
0.973781 0.0384931 0.224206 61.2328 -0.0364666 0.999248 -0.0131741 -3.43969 -0.224544 0.00465266 0.974453 109.946 
0.974731 0.0372777 0.22025 61.402 -0.0345884 0.999273 -0.0160557 -3.45248 -0.220688 0.00803188 0.975311 110.706 
0.975666 0.0350075 0.216448 61.5719 -0.0326345 0.999362 -0.014529 -3.46815 -0.216818 0.00711177 0.976186 111.482 
0.976531 0.0311336 0.213115 61.7439 -0.02915 0.999498 -0.0124446 -3.48606 -0.213396 0.00594026 0.976948 112.268 
0.976936 0.0301458 0.211394 61.9127 -0.0287599 0.99954 -0.00962839 -3.50348 -0.211587 0.00332665 0.977354 113.064 
0.977299 0.0268502 0.210158 62.086 -0.0258881 0.999638 -0.00732847 -3.51663 -0.210279 0.00172151 0.97764 113.868 
0.977523 0.0217412 0.209703 62.2626 -0.0209154 0.999762 -0.00615484 -3.52933 -0.209787 0.00163046 0.977746 114.677 
0.977642 0.0224927 0.209071 62.4334 -0.0220355 0.999747 -0.00451569 -3.54273 -0.20912 -0.000192262 0.97789 115.493 
0.977393 0.0279544 0.209573 62.597 -0.0272073 0.999609 -0.00644775 -3.55639 -0.209671 0.000600076 0.977772 116.313 
0.977115 0.0335824 0.210043 62.7619 -0.0322569 0.999432 -0.00973409 -3.57053 -0.21025 0.00273599 0.977644 117.137 
0.976601 0.0424416 0.210832 62.9273 -0.0409723 0.999096 -0.0113341 -3.58431 -0.211122 0.00243059 0.977457 117.969 
0.975673 0.0483847 0.213827 63.0947 -0.0471758 0.998829 -0.0107561 -3.60113 -0.214097 0.000407022 0.976812 118.808 
0.974886 0.0508324 0.216826 63.2697 -0.0501356 0.998704 -0.00871694 -3.62054 -0.216988 -0.00237269 0.976171 119.652 
0.974287 0.0514383 0.219359 63.453 -0.0505669 0.998675 -0.00958899 -3.63803 -0.219562 -0.00174989 0.975597 120.495 
0.97393 0.0500196 0.221264 63.6397 -0.0484857 0.998747 -0.0123621 -3.65506 -0.221605 0.0013117 0.975136 121.337 
0.973969 0.0436993 0.222428 63.8383 -0.042332 0.999044 -0.0109134 -3.6744 -0.222692 0.00121348 0.974888 122.18 
0.974171 0.0370881 0.222746 64.0379 -0.0352149 0.999303 -0.0123773 -3.69715 -0.22305 0.00421364 0.974798 123.022 
0.973885 0.03649 0.224088 64.2299 -0.0346142 0.999325 -0.012295 -3.72024 -0.224386 0.00421725 0.974491 123.866 
0.973398 0.0391394 0.225755 64.4189 -0.0379896 0.999234 -0.0094367 -3.73819 -0.225951 0.000609311 0.974138 124.712 
0.973009 0.0412684 0.227047 64.6052 -0.041497 0.999132 -0.00376844 -3.75299 -0.227005 -0.00575502 0.973877 125.561 
0.972606 0.0447467 0.228111 64.7924 -0.0460658 0.998938 0.00045891 -3.77155 -0.227849 -0.0109545 0.973635 126.404 
0.972384 0.0441057 0.22918 64.982 -0.043896 0.999018 -0.00601542 -3.78974 -0.22922 -0.00421076 0.973366 127.233 
0.972655 0.0399268 0.228797 65.1783 -0.0362352 0.999137 -0.0203146 -3.81115 -0.229411 0.0114686 0.973262 128.048 
0.972919 0.037801 0.228034 65.3755 -0.0319594 0.999061 -0.029257 -3.83345 -0.228926 0.0211769 0.973214 128.867 
0.973157 0.0349397 0.227473 65.5692 -0.0311472 0.99931 -0.0202415 -3.85241 -0.228023 0.012613 0.973574 129.706 
0.973559 0.0284659 0.226654 65.7646 -0.0293634 0.999569 0.000588533 -3.8748 -0.226539 -0.00722831 0.973975 130.554 
0.973834 0.0250389 0.225879 65.9569 -0.0293527 0.999445 0.0157592 -3.89632 -0.225359 -0.021977 0.974028 131.394 
0.973859 0.0296727 0.225208 66.134 -0.0327871 0.999411 0.0101009 -3.90659 -0.224776 -0.0172208 0.974258 132.211 
0.973999 0.0380356 0.223336 66.3044 -0.0376599 0.999273 -0.00594274 -3.91262 -0.223399 -0.00262259 0.974723 133.017 
0.974278 0.0382394 0.222081 66.4832 -0.0360775 0.999254 -0.0137849 -3.92067 -0.222442 0.00541824 0.974931 133.826 
0.974889 0.0341843 0.220053 66.667 -0.031776 0.99939 -0.0144758 -3.94307 -0.220414 0.00711987 0.97538 134.641 
0.975497 0.0339071 0.217385 66.8438 -0.0318897 0.99941 -0.0127828 -3.9706 -0.21769 0.0055372 0.976002 135.459 
0.976316 0.0335107 0.213737 67.0146 -0.0312184 0.999413 -0.0140922 -3.98791 -0.214084 0.0070859 0.97679 136.274 
0.977323 0.03459 0.208911 67.1827 -0.0320113 0.999364 -0.0157133 -4.00826 -0.209322 0.00866949 0.977808 137.085 
0.977736 0.0396945 0.206049 67.3382 -0.0372598 0.999183 -0.0156846 -4.03345 -0.206503 0.00765803 0.978416 137.897 
0.977889 0.0457863 0.204051 67.4885 -0.0434306 0.998928 -0.0160105 -4.05299 -0.204566 0.00679444 0.978829 138.707 
0.978185 0.0471968 0.202301 67.645 -0.0452846 0.998875 -0.0140729 -4.07588 -0.202738 0.00460481 0.979222 139.516 
0.978507 0.0450856 0.201226 67.8054 -0.0441444 0.998983 -0.00916472 -4.09765 -0.201434 8.47529e-05 0.979502 140.325 
0.978857 0.0436939 0.199824 67.9641 -0.0427291 0.999045 -0.00914028 -4.11834 -0.200032 0.000408734 0.979789 141.128 
0.979456 0.042078 0.197218 68.1214 -0.0404911 0.999107 -0.0120739 -4.13999 -0.19755 0.00384025 0.980285 141.925 
0.980613 0.0373548 0.192362 68.2799 -0.0349615 0.999263 -0.0158218 -4.16091 -0.192811 0.00878982 0.981196 142.719 
0.981961 0.0346006 0.185891 68.4314 -0.0320321 0.999346 -0.0168041 -4.17983 -0.186351 0.0105465 0.982427 143.515 
0.983191 0.03285 0.179599 68.5732 -0.0313123 0.999445 -0.0113907 -4.19945 -0.179874 0.00557559 0.983674 144.319 
0.984329 0.030226 0.173734 68.7094 -0.0301705 0.99954 -0.00296067 -4.21705 -0.173744 -0.00232739 0.984788 145.126 
0.985056 0.0272047 0.170074 68.8468 -0.0287166 0.999567 0.00643542 -4.22838 -0.169826 -0.0112232 0.98541 145.933 
0.985518 0.0338883 0.166148 68.9653 -0.0359007 0.999314 0.0091226 -4.23762 -0.165725 -0.0149553 0.986059 146.735 
0.986203 0.0367433 0.161414 69.0828 -0.03798 0.999268 0.00458177 -4.24673 -0.161127 -0.010649 0.986876 147.531 
0.987367 0.0373773 0.153981 69.2027 -0.0369574 0.999301 -0.0055895 -4.25555 -0.154083 -0.000171872 0.988058 148.323 
0.988465 0.0342078 0.147534 69.3207 -0.0329344 0.999396 -0.0110668 -4.26157 -0.147823 0.00608021 0.988995 149.123 
0.989453 0.0333607 0.140963 69.4306 -0.0322778 0.999429 -0.00996264 -4.27465 -0.141215 0.0053076 0.989965 149.936 
0.99025 0.0399944 0.133436 69.5238 -0.0394856 0.999199 -0.00645762 -4.29329 -0.133588 0.00112585 0.991036 150.755 
0.991057 0.0454701 0.125454 69.6073 -0.0448416 0.998963 -0.00783037 -4.31022 -0.12568 0.00213476 0.992068 151.573 
0.992163 0.0481509 0.115297 69.6919 -0.0468994 0.998808 -0.013544 -4.32584 -0.115811 0.00803051 0.993239 152.388 
0.993175 0.0467777 0.106842 69.7748 -0.0453423 0.998846 -0.0158258 -4.34171 -0.10746 0.0108733 0.99415 153.209 
0.994004 0.0467955 0.0988205 69.8496 -0.045741 0.99887 -0.0129109 -4.35846 -0.099313 0.00831336 0.995022 154.037 
0.994601 0.0494209 0.0912544 69.9117 -0.0491067 0.998777 -0.00568699 -4.37708 -0.0914238 0.00117509 0.995811 154.873 
0.995128 0.0528194 0.0832513 69.9655 -0.0530156 0.998594 0.000145267 -4.39009 -0.0831265 -0.00455817 0.996529 155.708 
0.995774 0.0517872 0.0758466 70.0204 -0.0522078 0.99863 0.00357233 -4.40001 -0.0755576 -0.00751702 0.997113 156.54 
0.99618 0.0526075 0.0697018 70.0702 -0.0531361 0.998571 0.00574955 -4.4075 -0.0692997 -0.00943126 0.997551 157.371 
0.996512 0.0517147 0.0654891 70.1178 -0.0520875 0.998635 0.00399725 -4.41663 -0.0651929 -0.00739448 0.997845 158.198 
0.996545 0.0565828 0.0608037 70.1547 -0.0566022 0.998396 -0.00140514 -4.42636 -0.0607856 -0.00204133 0.998149 159.021 
0.99641 0.0625948 0.0570073 70.1838 -0.062237 0.998029 -0.00803316 -4.43795 -0.0573978 0.00445636 0.998341 159.844 
0.996496 0.0638649 0.0540151 70.2167 -0.0633994 0.997935 -0.0102891 -4.44881 -0.0545607 0.00682854 0.998487 160.668 
0.996544 0.0655239 0.0510646 70.2502 -0.0653947 0.997851 -0.00419762 -4.46059 -0.0512299 0.000843751 0.998687 161.503 
0.996489 0.0676108 0.0493812 70.2769 -0.068001 0.997666 0.00626336 -4.46886 -0.0488425 -0.00959934 0.99876 162.341 
0.996551 0.0688695 0.0462859 70.3041 -0.0695654 0.997485 0.013594 -4.47774 -0.0452333 -0.016767 0.998836 163.175 
0.996996 0.065531 0.0412767 70.3335 -0.0660159 0.997763 0.0104952 -4.48538 -0.0404966 -0.0131886 0.999093 163.994 
0.997953 0.0533154 0.035315 70.3707 -0.0533711 0.998575 0.000636109 -4.49154 -0.0352307 -0.00251961 0.999376 164.806 
0.9983 0.051046 0.0281293 70.3951 -0.0509551 0.998693 -0.0039387 -4.4924 -0.0282936 0.00249868 0.999597 165.623 
0.998263 0.0548993 0.0213988 70.3994 -0.0548576 0.998491 -0.00253292 -4.5003 -0.0215056 0.00135463 0.999768 166.449 
0.998505 0.052861 0.0138914 70.404 -0.0529199 0.998591 0.00390723 -4.51157 -0.0136653 -0.00463652 0.999896 167.282 
0.998851 0.0474902 0.00639163 70.4124 -0.0475379 0.998841 0.007529 -4.51825 -0.00602667 -0.0078242 0.999951 168.117 
0.999249 0.0387453 0.000762107 70.4165 -0.0387516 0.99918 0.0116962 -4.51738 -0.000308309 -0.0117169 0.999931 168.952 
0.999388 0.0345587 -0.00549026 70.4127 -0.0344923 0.999336 0.0117689 -4.52279 0.00589333 -0.0115723 0.999916 169.785 
0.999437 0.0313813 -0.0118856 70.4002 -0.0313233 0.999497 0.00504191 -4.53158 0.0120379 -0.00466678 0.999917 170.612 
0.999562 0.0222921 -0.0194798 70.3897 -0.0223938 0.999737 -0.00501894 -4.53687 0.0193628 0.00545297 0.999798 171.436 
0.999583 0.0121274 -0.0261916 70.3812 -0.0123671 0.999883 -0.00900991 -4.54345 0.0260792 0.00933007 0.999616 172.268 
0.999343 0.015873 -0.0325843 70.3474 -0.0159297 0.999872 -0.00148214 -4.55243 0.0325566 0.00200023 0.999468 173.114 
0.998948 0.0265518 -0.0373885 70.294 -0.0261262 0.999589 0.0118261 -4.55828 0.0376871 -0.0108368 0.999231 173.967 
0.998623 0.0315599 -0.0419085 70.2438 -0.0307601 0.999335 0.019596 -4.56524 0.0424991 -0.0182799 0.998929 174.816 
0.998477 0.0309857 -0.0456392 70.1976 -0.0302532 0.999404 0.0166547 -4.56565 0.046128 -0.0152486 0.998819 175.655 
0.998325 0.0325845 -0.0478028 70.1481 -0.0323385 0.99946 0.00590937 -4.56506 0.0479696 -0.00435359 0.998839 176.485 
0.997772 0.0432547 -0.0507967 70.0847 -0.0434742 0.999049 -0.00322371 -4.5677 0.050609 0.00542488 0.998704 177.318 
0.997727 0.0415739 -0.0530301 70.0335 -0.0419933 0.999095 -0.00681822 -4.57547 0.0526987 0.00902963 0.99857 178.159 
0.997807 0.0362764 -0.0553729 69.9933 -0.0364401 0.999334 -0.00194947 -4.58576 0.0552653 0.00396299 0.998464 179.011 
0.997814 0.0365293 -0.0550746 69.9417 -0.0362059 0.999321 0.00685782 -4.59347 0.0552877 -0.00484881 0.998459 179.87 
0.99777 0.0383633 -0.0546164 69.8843 -0.0377394 0.999211 0.0124083 -4.59909 0.0550493 -0.0103194 0.99843 180.726 
0.997679 0.0382842 -0.0563094 69.8306 -0.0376878 0.999222 0.0116147 -4.60391 0.0567103 -0.00946555 0.998346 181.575 
0.997667 0.034986 -0.0586163 69.7784 -0.0348956 0.999388 0.00256623 -4.61055 0.0586702 -0.000514793 0.998277 182.415 
0.997839 0.0242694 -0.0610675 69.7383 -0.0248631 0.999651 -0.00898002 -4.62108 0.0608282 0.0104789 0.998093 183.253 
0.997906 0.0138648 -0.0631759 69.6977 -0.0147173 0.999807 -0.0130488 -4.63272 0.0629827 0.0139512 0.997917 184.098 
0.997808 0.0165523 -0.0640786 69.6369 -0.0171271 0.999818 -0.00843074 -4.64669 0.0639273 0.00950974 0.997909 184.951 
0.997625 0.0226042 -0.0650721 69.5696 -0.0224979 0.999744 0.00236526 -4.66234 0.0651089 -0.000895653 0.997878 185.806 
0.997503 0.0236714 -0.066532 69.5074 -0.0233253 0.99971 0.00597263 -4.67824 0.0666541 -0.00440584 0.997766 186.653 
0.997463 0.0226449 -0.0674901 69.4493 -0.0225446 0.999743 0.00224629 -4.68842 0.0675236 -0.000719052 0.997717 187.489 
0.997469 0.0228553 -0.0673276 69.387 -0.0231763 0.999723 -0.00399087 -4.69618 0.0672177 0.00554117 0.997723 188.321 
0.997265 0.0295353 -0.0677566 69.3164 -0.0299 0.999543 -0.00437424 -4.70635 0.0675965 0.0063882 0.997692 189.154 
0.997157 0.0323256 -0.0680714 69.2504 -0.0324887 0.999471 -0.00129006 -4.72067 0.0679937 0.00349794 0.99768 189.989 
0.996974 0.0361533 -0.0688207 69.1835 -0.036106 0.999346 0.00193186 -4.73387 0.0688455 0.000558821 0.997627 190.823 
0.996837 0.0396591 -0.0688676 69.1169 -0.0394283 0.999211 0.00470798 -4.74274 0.069 -0.00197776 0.997615 191.652 
