1 0 -0 0 -0 1 0 0 0 -0 1 -0 
0.999048 -0.000463107 0.0436227 0.0451143 0.000571049 0.999997 -0.00246201 -0.022034 -0.0436214 0.00248457 0.999045 1.06372 
0.996052 -0.00475577 0.0886406 0.142721 0.00542219 0.999959 -0.0072789 -0.0474086 -0.0886023 0.00773079 0.996037 2.12718 
0.990966 -0.00415272 0.13405 0.283508 0.00569482 0.999922 -0.0111225 -0.0743195 -0.133994 0.0117854 0.990912 3.19093 
0.983666 -0.00190989 0.179995 0.471295 0.00442208 0.999898 -0.0135568 -0.104597 -0.179951 0.0141313 0.983574 4.25257 
0.974171 -0.00440308 0.225769 0.713904 0.00763824 0.99988 -0.013458 -0.138867 -0.225683 0.0148349 0.974088 5.30702 
0.962598 -0.00514463 0.270884 1.00759 0.0094593 0.999848 -0.0146249 -0.175313 -0.270767 0.0166403 0.962501 6.35615 
0.949178 -0.00775838 0.314643 1.35242 0.0138604 0.999757 -0.0171608 -0.213373 -0.314434 0.0206497 0.949055 7.3848 
0.934118 -0.00966083 0.356833 1.74895 0.0175604 0.999667 -0.0189049 -0.250148 -0.356532 0.0239255 0.933977 8.40269 
0.916894 -0.00969358 0.399014 2.1887 0.019083 0.999626 -0.019566 -0.288144 -0.398675 0.0255543 0.916736 9.40611 
0.897415 -0.0102442 0.441068 2.67467 0.0203165 0.999629 -0.0181194 -0.327136 -0.440719 0.0252216 0.897291 10.39 
0.875615 -0.0100732 0.482905 3.20122 0.0209489 0.999634 -0.0171332 -0.368319 -0.482555 0.0251184 0.875505 11.3467 
0.85176 -0.0102896 0.523831 3.77442 0.0218432 0.999635 -0.0158816 -0.406501 -0.523477 0.0249695 0.851674 12.283 
0.826284 -0.0106737 0.563152 4.3921 0.0236353 0.999597 -0.0157331 -0.446084 -0.562757 0.0263103 0.826204 13.1882 
0.799053 -0.0124178 0.601132 5.05347 0.0270549 0.999517 -0.0153152 -0.481308 -0.600652 0.0285012 0.799003 14.0673 
0.770481 -0.011474 0.63736 5.75514 0.0278728 0.999488 -0.0157011 -0.520112 -0.636854 0.0298624 0.770406 14.9151 
0.740034 -0.0146712 0.672409 6.50805 0.0328507 0.999357 -0.0143497 -0.551922 -0.671766 0.0327084 0.740041 15.7373 
0.708125 -0.0136718 0.705955 7.30985 0.0330894 0.999357 -0.0138372 -0.585039 -0.705311 0.0331581 0.708122 16.5393 
0.674144 -0.0123955 0.738496 8.14913 0.0343519 0.999303 -0.0145854 -0.620787 -0.737801 0.0352013 0.6741 17.3058 
0.638792 -0.013533 0.769261 9.03228 0.0389771 0.999131 -0.0147895 -0.652349 -0.768392 0.039431 0.638764 18.031 
0.602447 -0.0117039 0.798073 9.95437 0.039026 0.999128 -0.0148074 -0.685665 -0.797205 0.0400663 0.602378 18.7225 
0.565011 -0.0104873 0.825017 10.916 0.0420225 0.998987 -0.0160802 -0.720889 -0.824012 0.0437547 0.56488 19.369 
0.526514 -0.00884357 0.85012 11.9101 0.0467678 0.998733 -0.0185757 -0.754539 -0.848879 0.0495386 0.526261 19.976 
0.487855 -0.00777017 0.87289 12.9409 0.0484953 0.998657 -0.0182141 -0.784035 -0.871577 0.0512169 0.487577 20.5488 
0.449614 -0.00946105 0.893173 14.0026 0.0535906 0.998428 -0.016401 -0.816973 -0.891614 0.0552398 0.449415 21.0742 
0.412756 -0.00996873 0.910787 15.0903 0.0574467 0.998234 -0.0151082 -0.849122 -0.909028 0.0585578 0.4126 21.5543 
0.377558 -0.00743318 0.925956 16.1991 0.058979 0.99813 -0.016036 -0.878425 -0.924106 0.0606665 0.37729 22.0039 
0.344343 -0.00809634 0.938809 17.3443 0.0596366 0.998132 -0.013266 -0.903013 -0.936948 0.0605554 0.344183 22.4146 
0.311094 -0.00963629 0.95033 18.5175 0.0620608 0.99802 -0.010196 -0.930415 -0.948351 0.0621501 0.311077 22.7917 
0.278203 -0.00937914 0.960477 19.7254 0.0628214 0.997989 -0.00845081 -0.94674 -0.958466 0.0626895 0.278232 23.1497 
0.245942 -0.00618533 0.969265 20.9365 0.0603113 0.99814 -0.00893381 -0.96505 -0.967406 0.0606548 0.245857 23.4656 
0.215062 -0.00442987 0.97659 22.1698 0.0602545 0.998145 -0.00874147 -0.981431 -0.97474 0.0607239 0.21493 23.7388 
0.184569 -0.00412463 0.982811 23.4218 0.062365 0.998025 -0.00752349 -0.998917 -0.980839 0.0626816 0.184462 23.9794 
0.15398 -0.00425674 0.988065 24.7015 0.0640846 0.997928 -0.00568771 -1.0159 -0.985994 0.0641956 0.153934 24.1798 
0.123492 -0.00477402 0.992334 26.0032 0.0628485 0.998019 -0.00301984 -1.03082 -0.990353 0.0627396 0.123547 24.3562 
0.0941265 -0.00508102 0.995547 27.3288 0.0634485 0.997985 -0.000905433 -1.04745 -0.993536 0.0632512 0.0942592 24.4825 
0.0669751 -0.00460677 0.997744 28.6692 0.06639 0.997794 0.000150469 -1.05 -0.995543 0.0662301 0.0671331 24.5723 
0.0418293 -0.00412108 0.999116 30.0309 0.0705716 0.997506 0.00115987 -1.06281 -0.996629 0.0704607 0.0420158 24.6221 
0.0190353 -0.00358112 0.999812 31.4082 0.0748559 0.997192 0.00214656 -1.06594 -0.997013 0.074801 0.0192499 24.6487 
-0.00121259 -0.0037094 0.999992 32.8091 0.0806502 0.996735 0.00379512 -1.0743 -0.996742 0.0806542 -0.000909472 24.632 
-0.0188189 -0.00425788 0.999814 34.225 0.0850134 0.996363 0.00584334 -1.0753 -0.996202 0.0851075 -0.0183885 24.5965 
-0.0343668 -0.00407585 0.999401 35.6493 0.0881517 0.996082 0.00709362 -1.07184 -0.995514 0.0883427 -0.0338728 24.5436 
-0.0487036 -0.00462546 0.998803 37.0841 0.0904161 0.995863 0.00902072 -1.06964 -0.994712 0.0907472 -0.0480839 24.4664 
-0.0619614 -0.00558564 0.998063 38.5098 0.0906857 0.995817 0.011203 -1.0657 -0.99395 0.0912042 -0.0611957 24.3775 
-0.0741391 -0.00533867 0.997234 39.9338 0.0905176 0.995822 0.0120606 -1.06039 -0.993131 0.0911613 -0.0733461 24.2729 
-0.0852951 -0.00236181 0.996353 41.3728 0.0907552 0.995822 0.0101299 -1.05183 -0.992214 0.0912883 -0.0847243 24.1491 
-0.0953787 0.0011337 0.99544 42.8241 0.0911661 0.995807 0.00760102 -1.04438 -0.991258 0.0914754 -0.0950821 24.0052 
-0.10467 0.00384276 0.9945 44.2903 0.0924332 0.995702 0.00588113 -1.03645 -0.990202 0.0925404 -0.104576 23.8458 
-0.1121 0.00504287 0.993684 45.7665 0.0922145 0.995725 0.0053497 -1.02822 -0.989409 0.0922318 -0.112086 23.6789 
-0.117821 0.00578158 0.993018 47.2674 0.0919919 0.995747 0.00511734 -1.02348 -0.988765 0.0919526 -0.117852 23.4986 
-0.122893 0.00751587 0.992391 48.7877 0.0931379 0.995645 0.00399321 -1.01787 -0.98804 0.09292 -0.123058 23.3087 
-0.127387 0.00927461 0.99181 50.3155 0.0922563 0.995732 0.002538 -1.01315 -0.987553 0.0918241 -0.127699 23.1128 
-0.131382 0.0102395 0.991279 51.8514 0.0927953 0.995683 0.00201384 -1.0112 -0.986979 0.0922506 -0.131765 22.9088 
-0.13425 0.00930695 0.990904 53.407 0.0926026 0.995698 0.00319403 -1.00751 -0.986611 0.092189 -0.134534 22.6957 
-0.136539 0.0074807 0.990606 54.9801 0.0933367 0.99562 0.00534638 -1.00338 -0.986228 0.0931899 -0.136639 22.4766 
-0.13874 0.00638066 0.990308 56.5791 0.0932303 0.995622 0.00664644 -0.996694 -0.985931 0.0932489 -0.138727 22.2538 
-0.14075 0.00730944 0.990018 58.2021 0.095869 0.995374 0.0062806 -0.989757 -0.985393 0.095796 -0.140799 22.0194 
-0.141732 0.00715496 0.989879 59.8469 0.0955572 0.995403 0.00648705 -0.980436 -0.985282 0.0955095 -0.141764 21.7846 
-0.142315 0.00856487 0.989784 61.5071 0.0974565 0.995225 0.00540072 -0.973732 -0.985012 0.0972296 -0.14247 21.5435 
-0.142345 0.00889427 0.989777 63.1843 0.0972916 0.995243 0.00504859 -0.967469 -0.985024 0.0970157 -0.142533 21.3001 
-0.141597 0.010307 0.989871 64.8833 0.097121 0.995266 0.00352961 -0.965853 -0.985149 0.096637 -0.141928 21.0524 
-0.140399 0.0101988 0.990042 66.598 0.0976097 0.995218 0.00359 -0.963825 -0.985272 0.0971418 -0.140723 20.8051 
-0.139064 0.00913802 0.990241 68.3174 0.0966814 0.995306 0.00439262 -0.962651 -0.985553 0.0963487 -0.139294 20.5636 
-0.137872 0.0100013 0.9904 70.0581 0.0977709 0.995203 0.00356078 -0.960997 -0.985613 0.0973231 -0.138189 20.3192 
-0.136782 0.0107596 0.990543 71.814 0.0976064 0.995222 0.00266784 -0.956982 -0.985781 0.0970482 -0.137179 20.0759 
-0.135907 0.0113928 0.990656 73.5854 0.0986293 0.995122 0.00208672 -0.956603 -0.9858 0.0979913 -0.136368 19.8322 
-0.134882 0.0113438 0.990797 75.3796 0.0983824 0.995147 0.00199972 -0.956272 -0.985965 0.0977467 -0.135344 19.588 
-0.134057 0.00974125 0.990926 77.1903 0.0999984 0.994981 0.00374711 -0.956677 -0.985915 0.0995933 -0.134358 19.3397 
-0.133427 0.00792938 0.991027 79.0108 0.101687 0.9948 0.0057311 -0.954493 -0.985828 0.101539 -0.13354 19.0917 
-0.132711 0.00899786 0.991114 80.8342 0.103075 0.994662 0.00477172 -0.956774 -0.985781 0.102792 -0.13293 18.8492 
-0.13194 0.0108995 0.991198 82.6751 0.10506 0.994461 0.00304937 -0.955538 -0.985674 0.104538 -0.132354 18.5993 
-0.131283 0.0105365 0.991289 84.524 0.104284 0.994542 0.00323993 -0.960723 -0.985845 0.1038 -0.131666 18.3549 
-0.131204 0.0103537 0.991301 86.3794 0.104707 0.994497 0.00347145 -0.965896 -0.98581 0.104251 -0.131566 18.1114 
-0.131034 0.00926828 0.991335 88.252 0.104416 0.994524 0.00450352 -0.967734 -0.985864 0.104101 -0.131284 17.8643 
-0.130876 0.00953471 0.991353 90.1325 0.105928 0.994364 0.00442071 -0.967241 -0.985723 0.105591 -0.131149 17.6131 
-0.130827 0.00933074 0.991361 92.0296 0.106953 0.994253 0.0047564 -0.967135 -0.985619 0.106652 -0.131073 17.3583 
-0.130928 0.0104184 0.991337 93.9283 0.107327 0.994217 0.00372624 -0.96669 -0.985565 0.106885 -0.131289 17.1065 
-0.131484 0.011175 0.991255 95.8337 0.106799 0.994276 0.00295716 -0.968806 -0.985549 0.106254 -0.131925 16.8516 
-0.132545 0.0118972 0.991106 97.749 0.106081 0.994355 0.00225048 -0.973799 -0.985484 0.105435 -0.133059 16.5936 
-0.133792 0.0125572 0.99093 99.6718 0.105383 0.99443 0.00162697 -0.979779 -0.98539 0.104645 -0.13437 16.3349 
-0.134762 0.0117564 0.990808 101.597 0.104354 0.994537 0.00239275 -0.985948 -0.985368 0.103717 -0.135253 16.0754 
-0.135809 0.0114714 0.990669 103.535 0.104262 0.994546 0.0027767 -0.991396 -0.985234 0.103666 -0.136264 15.8137 
-0.136261 0.0104757 0.990618 105.486 0.101885 0.99479 0.00349466 -0.995298 -0.98542 0.101405 -0.136619 15.5507 
-0.137892 0.0114534 0.990381 107.443 0.101716 0.99481 0.00265747 -0.998371 -0.98521 0.101104 -0.138342 15.2794 
-0.140559 0.0123284 0.989996 109.414 0.100514 0.994934 0.00188102 -1.00071 -0.984957 0.0997728 -0.141086 15.0047 
-0.144599 0.0132822 0.989401 111.396 0.101059 0.994879 0.00141388 -1.00654 -0.984316 0.100193 -0.145201 14.7218 
-0.149259 0.0123726 0.988721 113.38 0.099109 0.995073 0.0025096 -1.01491 -0.983819 0.0983657 -0.14975 14.4327 
-0.154172 0.0116176 0.987976 115.369 0.0975623 0.995223 0.00352162 -1.02317 -0.983215 0.0969321 -0.154569 14.1339 
-0.158729 0.012402 0.987244 117.359 0.0962472 0.995353 0.00297079 -1.03129 -0.98262 0.095491 -0.159185 13.8219 
-0.163409 0.0142309 0.986456 119.352 0.0968034 0.995302 0.00167714 -1.04065 -0.981798 0.0957664 -0.164019 13.4995 
-0.168026 0.0160245 0.985652 121.354 0.0965472 0.995328 0.000276774 -1.05129 -0.981043 0.0952085 -0.168788 13.1638 
-0.172835 0.0163055 0.984816 123.354 0.0952316 0.995455 0.000231464 -1.06458 -0.980336 0.0938256 -0.173603 12.8243 
-0.177852 0.0160481 0.983926 125.353 0.0933442 0.995634 0.000633579 -1.07814 -0.97962 0.0919565 -0.178574 12.475 
-0.183315 0.0154596 0.982933 127.366 0.0916172 0.995793 0.0014245 -1.09013 -0.978776 0.0903146 -0.18396 12.1107 
-0.18889 0.0149523 0.981884 129.385 0.0908925 0.995858 0.00232032 -1.1005 -0.977783 0.0896843 -0.189467 11.7355 
-0.194386 0.0147547 0.980814 131.406 0.0910483 0.995842 0.00306402 -1.11035 -0.97669 0.0898971 -0.194921 11.346 
-0.199906 0.0164022 0.979678 133.427 0.0917002 0.995785 0.00203975 -1.12082 -0.975515 0.0902444 -0.200567 10.944 
-0.205604 0.0174156 0.97848 135.452 0.0912533 0.995827 0.00145035 -1.13159 -0.974371 0.0895877 -0.206335 10.5309 
-0.211547 0.0174504 0.977212 137.49 0.0917477 0.99578 0.00207954 -1.14141 -0.973052 0.0900969 -0.212255 10.1003 
-0.217069 0.0173625 0.976002 139.529 0.0910191 0.995846 0.00252764 -1.15369 -0.971904 0.0893835 -0.217747 9.65717 
-0.22256 0.0181791 0.97475 141.573 0.0905208 0.995892 0.00209477 -1.16548 -0.970708 0.0887013 -0.223291 9.20399 
-0.227909 0.0188648 0.9735 143.64 0.0897202 0.995966 0.00170451 -1.1745 -0.96954 0.087731 -0.228682 8.73461 
-0.23336 0.0184044 0.972216 145.759 0.0906436 0.995879 0.00290477 -1.17968 -0.968156 0.088803 -0.234067 8.25934 
-0.237586 0.018477 0.971191 147.808 0.0928967 0.995669 0.00378298 -1.18664 -0.966914 0.0911192 -0.238273 7.77213 
-0.24106 0.0192394 0.970319 149.825 0.0940143 0.995564 0.0036164 -1.19283 -0.965946 0.0920956 -0.2418 7.27882 
-0.24426 0.0198056 0.969508 151.849 0.0944524 0.995523 0.00345944 -1.202 -0.965099 0.0924173 -0.245037 6.77478 
-0.24761 0.0195894 0.968662 153.88 0.0935764 0.995605 0.00378573 -1.21005 -0.96433 0.0915812 -0.248355 6.26241 
-0.251661 0.019969 0.967609 155.917 0.0922317 0.995732 0.00343879 -1.22033 -0.963411 0.0901097 -0.252429 5.74387 
-0.256121 0.0204903 0.966428 157.954 0.0911767 0.99583 0.00304971 -1.23215 -0.962335 0.0888968 -0.256921 5.21583 
-0.260623 0.0200615 0.965232 160.001 0.0903653 0.995902 0.00370061 -1.24133 -0.961202 0.0881879 -0.261368 4.67447 
-0.265287 0.0205544 0.96395 162.049 0.0906327 0.995877 0.00370767 -1.253 -0.9599 0.088349 -0.266056 4.12402 
-0.269952 0.0209438 0.962646 164.09 0.0902441 0.995913 0.00363936 -1.26954 -0.958635 0.0878556 -0.270739 3.56415 
-0.274596 0.0207216 0.961337 166.131 0.0894929 0.995979 0.0040944 -1.2813 -0.957386 0.0871571 -0.275346 2.99334 
-0.278974 0.0199457 0.960091 168.169 0.0891554 0.996004 0.00521411 -1.29037 -0.956151 0.0870519 -0.279638 2.41317 
-0.283235 0.0198802 0.958844 170.209 0.089659 0.995955 0.00583494 -1.30016 -0.95485 0.0876217 -0.283872 1.82388 
-0.287354 0.0206362 0.957602 172.251 0.0907907 0.995853 0.00578375 -1.30848 -0.953512 0.0886033 -0.288036 1.22327 
-0.290977 0.0218608 0.95648 174.29 0.0910966 0.99583 0.00495293 -1.31254 -0.952383 0.0885733 -0.291755 0.613043 
-0.294688 0.0232711 0.95531 176.329 0.0909587 0.995847 0.00379971 -1.32353 -0.951255 0.0880135 -0.295581 0.00163613 
-0.298112 0.0244429 0.954218 178.365 0.0918143 0.995771 0.00317682 -1.32917 -0.950105 0.0885579 -0.299095 -0.625665 
-0.301514 0.0251571 0.95313 180.405 0.0915084 0.995801 0.00266444 -1.34034 -0.94906 0.0880227 -0.30255 -1.25902 
-0.30508 0.025107 0.951996 182.446 0.0916922 0.995783 0.00312226 -1.35194 -0.947902 0.0882431 -0.306096 -1.90223 
-0.309097 0.0251591 0.950698 184.483 0.0913276 0.995815 0.00333993 -1.36199 -0.946635 0.0878573 -0.310101 -2.55324 
-0.312855 0.0259435 0.949447 186.524 0.0934566 0.995617 0.0035901 -1.37092 -0.945192 0.0898552 -0.313908 -3.21665 
-0.316063 0.0261912 0.948377 188.567 0.0954884 0.995421 0.00433276 -1.37909 -0.943921 0.0919283 -0.317117 -3.89091 
-0.318737 0.0257886 0.947492 190.617 0.0963337 0.995335 0.005316 -1.3862 -0.942935 0.0929698 -0.319734 -4.57473 
-0.321644 0.0252377 0.946524 192.674 0.0959252 0.99537 0.00605678 -1.39138 -0.941989 0.0927436 -0.322576 -5.26552 
-0.324447 0.0258406 0.945551 194.731 0.0951765 0.995445 0.00545376 -1.39765 -0.941103 0.0917637 -0.325428 -5.96478 
-0.327371 0.0277464 0.944488 196.783 0.094407 0.995528 0.00347686 -1.40447 -0.940168 0.0903045 -0.328526 -6.66679 
-0.330605 0.0295321 0.943307 198.836 0.0939038 0.99558 0.00174231 -1.41407 -0.939086 0.0891561 -0.331917 -7.37653 
-0.333923 0.0304509 0.942109 200.895 0.0929801 0.995668 0.000773993 -1.42777 -0.938003 0.0878558 -0.335307 -8.0934 
-0.337314 0.0311757 0.940876 202.957 0.0912316 0.99583 -0.000289112 -1.44208 -0.936961 0.08574 -0.338752 -8.8199 
-0.341202 0.0314049 0.939465 205.017 0.0919356 0.995765 0.000102946 -1.46046 -0.935483 0.0864055 -0.342644 -9.55364 
-0.344806 0.0304253 0.938181 207.077 0.0914439 0.995809 0.00131381 -1.47826 -0.934209 0.0862439 -0.346143 -10.3002 
-0.348518 0.0297515 0.93683 209.152 0.0912221 0.995828 0.00231123 -1.49214 -0.932852 0.0862651 -0.349778 -11.0615 
-0.352452 0.0296164 0.935361 211.227 0.0912516 0.995824 0.00285356 -1.50495 -0.93137 0.086359 -0.353682 -11.8326 
-0.356132 0.029705 0.933963 213.303 0.0902973 0.995911 0.00275623 -1.51762 -0.930062 0.085316 -0.357358 -12.6125 
-0.359827 0.0302888 0.932527 215.378 0.0895636 0.995979 0.00220953 -1.53261 -0.92871 0.0843155 -0.361093 -13.4006 
-0.362998 0.0309495 0.931276 217.45 0.0897054 0.995967 0.00186648 -1.54915 -0.927462 0.084218 -0.364311 -14.1974 
-0.365844 0.0315801 0.93014 219.524 0.0904571 0.995899 0.00176595 -1.56621 -0.92627 0.0847838 -0.367201 -15.004 
-0.368388 0.0313223 0.929144 221.6 0.0915527 0.995796 0.00272972 -1.58203 -0.925153 0.0860712 -0.369707 -15.8208 
-0.370978 0.0308465 0.928129 223.678 0.0928054 0.995676 0.00400339 -1.59423 -0.923993 0.0876206 -0.372237 -16.6458 
-0.37353 0.0316184 0.927079 225.75 0.0940587 0.995559 0.00394335 -1.60621 -0.922837 0.0886728 -0.374845 -17.4767 
-0.376076 0.0323817 0.926023 227.823 0.0938979 0.995576 0.00331987 -1.61861 -0.921819 0.0882001 -0.377453 -18.3124 
-0.378677 0.0325528 0.924956 229.892 0.0933633 0.995627 0.00318299 -1.63384 -0.920808 0.0875623 -0.38006 -19.152 
-0.381476 0.0337521 0.923762 231.963 0.0930517 0.995659 0.00204746 -1.65105 -0.919683 0.0867388 -0.38296 -19.9995 
-0.384355 0.0348595 0.922527 234.032 0.0928723 0.995677 0.00107009 -1.67092 -0.918502 0.0860885 -0.385931 -20.8523 
-0.386867 0.0347676 0.92148 236.097 0.0905927 0.995888 0.000458688 -1.69178 -0.917675 0.0836568 -0.388426 -21.7096 
-0.389899 0.0356957 0.920165 238.161 0.0914149 0.995813 0.000104727 -1.71449 -0.916309 0.0841577 -0.39153 -22.5752 
-0.39248 0.0352777 0.919084 240.225 0.0929311 0.995671 0.00146726 -1.73683 -0.915054 0.0859873 -0.394059 -23.45 
-0.395055 0.0344087 0.918013 242.273 0.0933915 0.995625 0.00287206 -1.75519 -0.913898 0.0868692 -0.39654 -24.322 
-0.398119 0.03393 0.916706 244.32 0.0923988 0.995717 0.00327374 -1.76989 -0.912668 0.0860058 -0.399549 -25.1998 
-0.401234 0.0342436 0.915335 246.362 0.091106 0.995838 0.00268074 -1.78556 -0.911434 0.0844682 -0.402683 -26.0836 
-0.404679 0.0335501 0.913843 248.403 0.0895478 0.995978 0.00308915 -1.80072 -0.910064 0.0830828 -0.406056 -26.9747 
-0.408163 0.0329319 0.912315 250.448 0.0887212 0.996049 0.0037388 -1.81638 -0.908588 0.0824677 -0.409472 -27.8776 
-0.411719 0.0331774 0.910707 252.488 0.0882261 0.996094 0.0035978 -1.83172 -0.90703 0.0818294 -0.413038 -28.7879 
-0.41541 0.0328713 0.90904 254.527 0.0876136 0.996146 0.00401623 -1.84627 -0.905405 0.0813126 -0.416689 -29.7085 
-0.419412 0.0323131 0.907221 256.563 0.0866198 0.996231 0.00456134 -1.86044 -0.903654 0.0804964 -0.42063 -30.6336 
-0.423313 0.0322246 0.90541 258.595 0.0857871 0.996303 0.00464906 -1.8751 -0.901913 0.0796405 -0.424513 -31.567 
-0.427215 0.0329744 0.903549 260.624 0.0858568 0.996298 0.00423553 -1.89105 -0.900065 0.0793853 -0.428465 -32.5137 
-0.430674 0.03337 0.90189 262.65 0.0862467 0.996264 0.00432303 -1.90636 -0.898377 0.0796469 -0.431943 -33.4694 
-0.434387 0.0332579 0.900112 264.674 0.0860131 0.996283 0.00469802 -1.92156 -0.89661 0.0794622 -0.435633 -34.4338 
-0.438034 0.033531 0.898333 266.7 0.0847121 0.996397 0.00411505 -1.93542 -0.894958 0.0779022 -0.439297 -35.4087 
-0.441702 0.0338755 0.896522 268.725 0.085281 0.996347 0.00436907 -1.94777 -0.8931 0.0783861 -0.442977 -36.3953 
-0.445089 0.0344639 0.894823 270.75 0.0858698 0.996297 0.00433989 -1.95924 -0.89136 0.0787699 -0.4464 -37.3921 
-0.448521 0.035629 0.893062 272.767 0.0871764 0.996185 0.00403927 -1.97199 -0.889511 0.0796656 -0.449915 -38.3952 
-0.451779 0.037581 0.891338 274.785 0.0892979 0.996 0.00326719 -1.98619 -0.88765 0.0810706 -0.453327 -39.4096 
-0.454603 0.0383535 0.889868 276.799 0.0905359 0.995888 0.00332865 -2.00031 -0.886081 0.0820782 -0.456205 -40.4303 
-0.457433 0.040427 0.888325 278.82 0.0923198 0.995727 0.00222426 -2.01371 -0.884439 0.0830274 -0.45921 -41.462 
-0.460016 0.0428818 0.886875 280.844 0.0940303 0.995569 0.000635489 -2.02636 -0.882918 0.0836854 -0.462009 -42.5052 
-0.4629 0.0435288 0.885341 282.875 0.0950595 0.995471 0.000758315 -2.03887 -0.881298 0.0845111 -0.464942 -43.559 
-0.466176 0.0444888 0.883573 284.915 0.0951905 0.995459 0.00010039 -2.04994 -0.879556 0.0841546 -0.468294 -44.6236 
-0.469519 0.0444208 0.881804 286.957 0.0943196 0.995542 7.03866e-05 -2.06186 -0.87787 0.0832045 -0.471615 -45.6968 
-0.472948 0.0457128 0.879904 289.006 0.0952705 0.995451 -0.000507971 -2.07371 -0.875925 0.0835886 -0.475152 -46.7857 
-0.476196 0.0460054 0.878135 291.058 0.0944284 0.995531 -0.000949 -2.08852 -0.874254 0.082469 -0.478413 -47.8829 
-0.479072 0.0457155 0.876584 293.117 0.0927072 0.995693 -0.00126077 -2.10477 -0.872866 0.0806617 -0.481246 -48.9908 
-0.481778 0.046271 0.875071 295.202 0.094183 0.995555 -0.000788543 -2.12036 -0.871217 0.0820369 -0.483994 -50.1267 
-0.484079 0.046274 0.8738 297.303 0.0955421 0.995425 0.00021469 -2.13445 -0.869793 0.0835887 -0.486285 -51.2797 
-0.486445 0.0464252 0.872477 299.437 0.0964742 0.995335 0.000826112 -2.14707 -0.868369 0.0845733 -0.488655 -52.4555 
-0.489275 0.0448327 0.870977 300.341 0.0938541 0.995585 0.00147613 -2.16253 -0.867065 0.0824669 -0.491322 -52.9046 
-0.492048 0.0440104 0.869455 302.435 0.0932613 0.995639 0.0023815 -2.17244 -0.865558 0.0822583 -0.494007 -54.0692 
-0.496149 0.0422078 0.867211 303.017 0.0908918 0.995855 0.00353199 -2.17959 -0.863467 0.0805748 -0.497928 -54.3263 
-0.499278 0.0394876 0.865542 303.701 0.0878573 0.996119 0.00523475 -2.21434 -0.861976 0.0786578 -0.500809 -54.7143 
-0.502032 0.0364534 0.86408 304.237 0.0834641 0.99649 0.0064533 -2.27337 -0.860812 0.0753594 -0.503313 -55.0419 
-0.504076 0.0358952 0.862913 304.798 0.0797984 0.996798 0.00515022 -2.32648 -0.859965 0.0714552 -0.505326 -55.3923 
-0.507196 0.0324349 0.86122 305.363 0.0763536 0.997053 0.00741616 -2.41127 -0.858442 0.0695187 -0.508178 -55.7544 
-0.512922 0.0279541 0.85798 306 0.0704505 0.997469 0.00961834 -2.45042 -0.855539 0.0653786 -0.513594 -56.0571 
-0.519243 0.0235761 0.854302 306.728 0.0655769 0.997771 0.012322 -2.49017 -0.852107 0.0624205 -0.519632 -56.4283 
-0.524928 0.0206101 0.850897 307.484 0.0625593 0.997937 0.0144219 -2.52637 -0.848845 0.0608019 -0.525134 -56.8453 
-0.530103 0.0195282 0.847708 308.31 0.0624668 0.997918 0.0160743 -2.57294 -0.845629 0.0614747 -0.530219 -57.3245 
-0.535433 0.0194028 0.844355 309.184 0.0635448 0.997828 0.0173663 -2.60662 -0.842184 0.0629528 -0.535503 -57.8199 
-0.539436 0.019328 0.841804 310.167 0.0645625 0.997743 0.0184639 -2.64762 -0.839547 0.0643091 -0.539467 -58.4397 
-0.543267 0.0180851 0.839365 311.149 0.0650111 0.997672 0.0205815 -2.69024 -0.837039 0.0657492 -0.543178 -59.0701 
-0.547223 0.0157206 0.836839 312.26 0.0645364 0.99764 0.0234601 -2.71242 -0.834495 0.0668445 -0.546946 -59.7822 
-0.551207 0.0133329 0.834262 313.244 0.0633254 0.997657 0.0258956 -2.73961 -0.831962 0.0671038 -0.55076 -60.4267 
-0.555102 0.0132795 0.831677 314.35 0.0631468 0.99766 0.0262175 -2.73363 -0.829382 0.0670711 -0.554641 -61.132 
-0.559147 0.0129982 0.828967 316.43 0.0629852 0.997653 0.026841 -2.69126 -0.826672 0.0672207 -0.558654 -62.5098 
-0.563125 0.0133138 0.826264 318.505 0.0643458 0.997541 0.0277801 -2.6485 -0.823862 0.0688103 -0.562597 -63.9012 
-0.567659 0.0130017 0.823161 319.522 0.0653155 0.997435 0.0292877 -2.63234 -0.820669 0.0703906 -0.567052 -64.567 
-0.571438 0.0125712 0.820549 320.571 0.0646402 0.997466 0.0297344 -2.6085 -0.818095 0.0700318 -0.570803 -65.2675 
-0.574766 0.0121439 0.818227 321.603 0.0649846 0.997409 0.0308453 -2.58041 -0.815733 0.070901 -0.574067 -65.9741 
-0.577624 0.0119784 0.816215 322.61 0.0658784 0.997315 0.0319851 -2.55153 -0.81364 0.0722463 -0.576862 -66.6703 
-0.580465 0.011402 0.814205 323.632 0.0637575 0.997469 0.0314858 -2.52627 -0.811785 0.0701881 -0.579722 -67.369 
-0.583501 0.0107927 0.812041 324.643 0.0606864 0.997695 0.0303467 -2.50224 -0.809842 0.0669872 -0.582811 -68.0639 
-0.586786 0.0102223 0.809677 325.706 0.0575888 0.997915 0.0291367 -2.47862 -0.807692 0.0637254 -0.586151 -68.7976 
-0.589824 0.00749966 0.807497 326.781 0.0551864 0.997993 0.0310412 -2.45465 -0.805644 0.0628717 -0.589054 -69.5483 
-0.593198 0.00691456 0.805027 327.827 0.0558166 0.99791 0.0325582 -2.42844 -0.803119 0.0642473 -0.592344 -70.2865 
-0.596124 0.00718268 0.802861 328.893 0.0553142 0.997951 0.0321428 -2.40124 -0.800985 0.0635707 -0.5953 -71.048 
-0.599103 0.00592896 0.80065 330.929 0.0531966 0.998058 0.0324146 -2.34842 -0.798903 0.0620115 -0.598255 -72.5442 
-0.602334 0.00223258 0.798241 332.963 0.050906 0.998068 0.0356211 -2.29423 -0.796619 0.0620911 -0.601284 -74.0428 
-0.605469 -0.000156492 0.795869 335.006 0.0483882 0.998143 0.0370083 -2.22903 -0.794397 0.0609181 -0.604337 -75.5641 
-0.608557 -0.000914394 0.793509 337.04 0.0471756 0.998189 0.0373301 -2.16063 -0.792106 0.0601518 -0.607412 -77.0897 
-0.611144 -0.00070458 0.791519 339.066 0.0467955 0.998218 0.03702 -2.09376 -0.790135 0.0596641 -0.610022 -78.6255 
-0.613962 -0.00129837 0.789334 341.09 0.0465841 0.998196 0.0378761 -2.02997 -0.78796 0.0600249 -0.612794 -80.1659 
-0.616823 -0.00208995 0.787099 343.125 0.0460314 0.998189 0.0387236 -1.96508 -0.785755 0.0601169 -0.61561 -81.7302 
-0.619544 -0.00355868 0.784954 345.151 0.0428215 0.998347 0.038324 -1.8979 -0.783793 0.0573563 -0.618368 -83.2978 
-0.622427 -0.00724935 0.782644 347.174 0.0327132 0.998842 0.0352683 -1.83622 -0.781994 0.0475548 -0.62147 -84.8612 
-0.62567 -0.00482664 0.780073 349.19 0.0249917 0.999344 0.0262284 -1.78689 -0.779687 0.0359057 -0.625139 -86.4273 
-0.628393 0.00544932 0.777877 351.195 0.0349912 0.999161 0.0212675 -1.75341 -0.777109 0.0405832 -0.628057 -88.0248 
-0.629481 0.00650362 0.776989 353.208 0.0422798 0.99877 0.0258932 -1.72181 -0.775865 0.0491502 -0.628982 -89.6462 
-0.631666 -0.00270725 0.775236 355.235 0.0410759 0.998472 0.0369557 -1.66618 -0.774151 0.0551872 -0.63059 -91.2739 
-0.634601 -0.0132018 0.772727 357.276 0.0349536 0.998341 0.0457618 -1.58225 -0.772049 0.0560501 -0.633086 -92.9115 
-0.63765 -0.0193369 0.770084 359.288 0.0289297 0.998379 0.049024 -1.4877 -0.769783 0.0535385 -0.636057 -94.5331 
-0.640428 -0.0197047 0.767765 361.282 0.0278211 0.99842 0.0488312 -1.39381 -0.767514 0.0526329 -0.638868 -96.1599 
-0.643037 -0.0145056 0.765698 363.262 0.0332062 0.998352 0.0467998 -1.3071 -0.765115 0.0555199 -0.641496 -97.7982 
-0.645308 -0.00795989 0.763881 365.258 0.0377521 0.998392 0.0422957 -1.22568 -0.762989 0.0561319 -0.64397 -99.4622 
-0.647798 -0.00507945 0.761796 367.255 0.0387502 0.998464 0.039609 -1.15079 -0.760826 0.0551784 -0.646606 -101.137 
-0.650699 -0.00512281 0.759318 369.255 0.0385115 0.998468 0.0397387 -1.07693 -0.758359 0.0551005 -0.649505 -102.822 
-0.653606 -0.00568406 0.756813 371.243 0.0392212 0.998374 0.0413709 -0.999712 -0.755818 0.0567234 -0.652321 -104.509 
-0.656092 -0.006491 0.754653 373.234 0.039481 0.998298 0.0429113 -0.919784 -0.753647 0.0579482 -0.65472 -106.209 
-0.658051 -0.00600867 0.75295 375.228 0.040042 0.998274 0.0429617 -0.837887 -0.751908 0.0584206 -0.656674 -107.924 
-0.659429 -0.00592649 0.751744 377.219 0.0401007 0.998268 0.0430463 -0.757258 -0.750697 0.0585314 -0.658049 -109.646 
-0.660967 -0.00518273 0.750397 378.764 0.0409713 0.998235 0.042983 -0.695936 -0.749296 0.0591551 -0.659588 -111.005 
-0.662535 -0.00560176 0.74901 379.774 0.0424082 0.998087 0.0449767 -0.655436 -0.747829 0.0615628 -0.66103 -111.934 
-0.663689 -0.00592525 0.747985 380.774 0.0443846 0.997895 0.0472876 -0.605372 -0.74669 0.0645833 -0.662029 -112.864 
-0.664998 -0.00611381 0.74682 381.766 0.0461185 0.997722 0.0492336 -0.549421 -0.74542 0.0671824 -0.663201 -113.791 
-0.666393 -0.00568999 0.745579 382.758 0.044886 0.997851 0.047734 -0.488609 -0.744249 0.0652756 -0.664705 -114.717 
-0.667823 -0.00533271 0.744301 383.736 0.0411478 0.998181 0.0440715 -0.436401 -0.743182 0.0600583 -0.666388 -115.637 
-0.669124 -0.00591013 0.743127 384.713 0.0382857 0.998366 0.0424132 -0.393065 -0.742163 0.0568309 -0.667805 -116.562 
-0.670189 -0.00655621 0.742162 385.683 0.0378423 0.998358 0.0429919 -0.355588 -0.741225 0.0568978 -0.668841 -117.496 
-0.670992 -0.00787614 0.741423 386.654 0.0356051 0.998448 0.0428294 -0.321253 -0.740609 0.0551366 -0.66967 -118.433 
-0.671779 -0.00899049 0.740697 387.624 0.0328173 0.998583 0.0418844 -0.289356 -0.740025 0.0524447 -0.670532 -119.37 
-0.672468 -0.0095369 0.740065 388.589 0.0320235 0.998606 0.0419672 -0.259834 -0.739433 0.0519211 -0.671225 -120.308 
-0.67291 -0.0108065 0.739646 389.57 0.0327224 0.99848 0.0443582 -0.228211 -0.739 0.054052 -0.671533 -121.258 
-0.672923 -0.0118699 0.739617 390.594 0.0353526 0.998213 0.0481848 -0.188279 -0.738867 0.0585721 -0.671301 -122.225 
-0.672117 -0.012801 0.740335 392.558 0.0400273 0.99776 0.0535911 -0.0849021 -0.739363 0.065653 -0.670099 -124.004 
-0.670764 -0.0133882 0.74155 394.516 0.0438709 0.99737 0.05769 0.0322064 -0.740372 0.0712289 -0.668412 -125.776 
-0.669111 -0.0159009 0.742992 396.471 0.0381846 0.997715 0.05574 0.15149 -0.742181 0.0656671 -0.666975 -127.525 
-0.66821 -0.0167418 0.743784 398.431 0.0310125 0.998251 0.0503309 0.261882 -0.743326 0.0566983 -0.666522 -129.265 
-0.666511 -0.0188691 0.745256 400.396 0.026304 0.998462 0.0488047 0.359537 -0.745031 0.0521321 -0.66499 -131.002 
-0.664012 -0.0189227 0.747482 402.362 0.0248465 0.998569 0.0473509 0.453523 -0.747309 0.0500139 -0.662592 -132.737 
-0.661267 -0.0181693 0.749931 404.338 0.0269741 0.998484 0.0479762 0.548909 -0.749665 0.0519537 -0.659775 -134.477 
-0.65846 -0.0182669 0.752394 406.317 0.0275886 0.998448 0.0483849 0.646988 -0.75211 0.052617 -0.656934 -136.207 
-0.65615 -0.0174077 0.754429 408.311 0.0253999 0.998658 0.0451341 0.740894 -0.754203 0.0487772 -0.654828 -137.931 
-0.654571 -0.0223373 0.755671 410.313 0.0185757 0.998786 0.0456142 0.829516 -0.755773 0.0438948 -0.653361 -139.645 
-0.653595 -0.0285513 0.756306 412.327 0.0100745 0.998871 0.0464147 0.918067 -0.756778 0.0379558 -0.65257 -141.354 
-0.653017 -0.0319203 0.75667 414.339 0.00311315 0.99899 0.0448293 1.00767 -0.757337 0.0316299 -0.652258 -143.06 
-0.652335 -0.0324664 0.757235 416.348 0.00141987 0.999028 0.0440565 1.09485 -0.757929 0.0298148 -0.651655 -144.767 
-0.651268 -0.0322297 0.758163 418.36 0.00366793 0.998952 0.0456166 1.18118 -0.758839 0.0324895 -0.650468 -146.482 
-0.649955 -0.0330446 0.759254 420.368 0.00545803 0.998826 0.0481436 1.27326 -0.759953 0.0354352 -0.649011 -148.191 
-0.648587 -0.0352923 0.760322 422.383 0.00386994 0.998759 0.0496612 1.37095 -0.761131 0.035152 -0.647645 -149.894 
-0.647601 -0.0357119 0.761142 424.401 0.00164138 0.998833 0.0482606 1.46946 -0.761978 0.0325029 -0.646787 -151.593 
-0.646679 -0.0347623 0.761969 426.423 0.000584261 0.998938 0.0460691 1.56465 -0.762762 0.0302371 -0.645972 -153.29 
-0.645614 -0.0331945 0.762942 428.444 0.0015583 0.998996 0.0447835 1.65378 -0.763662 0.0301017 -0.644914 -154.986 
-0.644446 -0.0325004 0.763959 430.469 0.00377801 0.998949 0.0456843 1.74091 -0.764641 0.0323273 -0.643646 -156.684 
-0.64321 -0.032639 0.764994 432.495 0.00541906 0.998872 0.0471739 1.83009 -0.76567 0.0344883 -0.642308 -158.38 
-0.64235 -0.0328158 0.765709 433.699 0.005317 0.998868 0.0472687 1.88447 -0.766393 0.0344343 -0.641448 -159.385 
-0.641311 -0.0337533 0.766538 434.197 0.0042756 0.998859 0.0475604 1.90717 -0.767269 0.0337784 -0.640436 -159.81 
-0.64065 -0.0342356 0.767069 434.671 0.00475988 0.998809 0.048554 1.93619 -0.767818 0.0347573 -0.639724 -160.218 
-0.639852 -0.034712 0.767714 435.159 0.00475939 0.998781 0.0491264 1.96644 -0.768483 0.0350875 -0.638907 -160.635 
-0.639314 -0.0338874 0.768199 435.418 0.00400216 0.998868 0.0473935 1.98575 -0.768936 0.0333738 -0.638454 -160.854 
-0.639014 -0.0326447 0.768502 435.559 0.00400135 0.998944 0.0457606 1.99462 -0.769185 0.0323167 -0.638209 -160.972 
-0.638513 -0.0328428 0.76891 435.863 0.00431654 0.99892 0.0462518 2.00602 -0.769599 0.0328514 -0.637682 -161.218 
-0.638267 -0.0344208 0.769045 435.814 0.00318436 0.998873 0.0473502 2.00327 -0.769808 0.032671 -0.637438 -161.173 
-0.63836 -0.0355718 0.768916 436.102 0.00176394 0.998861 0.0476741 2.01746 -0.769736 0.0317895 -0.63757 -161.403 
-0.638499 -0.0359771 0.768781 436.597 0.0010868 0.998864 0.047647 2.04331 -0.769622 0.0312581 -0.637734 -161.807 
-0.638643 -0.0353839 0.768689 436.639 0.001166 0.998897 0.0469494 2.04858 -0.769502 0.0308802 -0.637898 -161.851 
-0.638807 -0.0346343 0.768587 436.914 0.00177804 0.998917 0.0464913 2.06154 -0.769365 0.0310656 -0.638054 -162.081 
-0.639039 -0.0358806 0.768337 437.331 0.00149357 0.998852 0.0478877 2.08207 -0.769173 0.0317496 -0.638251 -162.43 
-0.639158 -0.037508 0.76816 437.785 0.000620989 0.998785 0.0492857 2.10562 -0.769075 0.0319784 -0.638358 -162.808 
-0.63943 -0.0377954 0.76792 438.209 0.000187505 0.998783 0.0493141 2.12868 -0.76885 0.0316769 -0.638644 -163.156 
-0.639745 -0.0379517 0.767649 438.431 -0.000612351 0.998805 0.0488694 2.14179 -0.768587 0.0307939 -0.639004 -163.333 
-0.640001 -0.0369383 0.767486 438.669 -0.00036074 0.998858 0.0477732 2.15491 -0.768374 0.030298 -0.639283 -163.525 
-0.640062 -0.0361592 0.767472 439.066 0.000613334 0.998868 0.0475729 2.17584 -0.768323 0.0309203 -0.639315 -163.855 
-0.640137 -0.0364135 0.767398 439.324 0.000407864 0.99886 0.0477368 2.18618 -0.768261 0.030871 -0.639392 -164.063 
-0.640316 -0.0361021 0.767263 439.625 -7.16685e-06 0.998895 0.0469951 2.19887 -0.768112 0.0300862 -0.639608 -164.309 
-0.640262 -0.036106 0.767307 440.218 -0.00103705 0.998934 0.04614 2.22473 -0.768156 0.028746 -0.639617 -164.798 
-0.640197 -0.0370112 0.767319 440.404 -0.00166508 0.998903 0.0467923 2.22808 -0.768209 0.0286786 -0.639557 -164.948 
-0.639965 -0.0381341 0.767457 440.613 -0.00205471 0.998849 0.0479184 2.23452 -0.768401 0.0290892 -0.639307 -165.117 
-0.639715 -0.0393762 0.767603 440.828 -0.0023409 0.998782 0.0492843 2.24457 -0.768609 0.029731 -0.639028 -165.295 
-0.639617 -0.0383474 0.767737 440.953 -0.0019336 0.998832 0.0482794 2.25177 -0.768691 0.0293958 -0.638944 -165.398 
-0.639749 -0.0371445 0.767685 441.06 -0.000567376 0.998854 0.0478568 2.25597 -0.768583 0.0301808 -0.639037 -165.488 
-0.639656 -0.0370726 0.767766 441.176 0.000161704 0.99883 0.0483645 2.26105 -0.768661 0.0310608 -0.638902 -165.59 
-0.639545 -0.0377738 0.767825 441.351 -0.000353668 0.998806 0.0488425 2.27105 -0.768753 0.0309655 -0.638795 -165.743 
-0.639569 -0.0382151 0.767783 441.548 -0.00130141 0.998816 0.0486302 2.28203 -0.768733 0.0301032 -0.638861 -165.909 
-0.639712 -0.0379952 0.767675 441.861 -0.00179224 0.998848 0.0479433 2.29608 -0.768613 0.0292941 -0.639043 -166.169 
-0.639677 -0.0394008 0.767633 442.019 -0.00254288 0.998788 0.0491464 2.30147 -0.768639 0.0294859 -0.639002 -166.298 
-0.639848 -0.04101 0.767406 442.185 -0.00294239 0.998699 0.050917 2.31069 -0.768496 0.0303211 -0.639136 -166.434 
-0.640534 -0.0419239 0.766785 442.3 -0.00380775 0.99867 0.0514214 2.32114 -0.767921 0.0300175 -0.639841 -166.524 
-0.641299 -0.0406323 0.766215 442.541 -0.00435177 0.998773 0.0493226 2.33627 -0.767279 0.0282961 -0.640689 -166.722 
-0.641735 -0.0384371 0.765962 442.999 -0.00451133 0.998915 0.0463474 2.35822 -0.766913 0.0262873 -0.641213 -167.105 
-0.641647 -0.0378405 0.766066 443.481 -0.00417873 0.99894 0.0458435 2.37481 -0.766989 0.0262142 -0.641125 -167.516 
-0.641735 -0.0396182 0.765903 443.777 -0.0036917 0.998813 0.0485728 2.38406 -0.766918 0.0283434 -0.641119 -167.771 
-0.642134 -0.0404772 0.765523 443.979 -0.00297438 0.998729 0.050313 2.39463 -0.766586 0.0300308 -0.641439 -167.946 
-0.642211 -0.0398307 0.765492 444.193 -0.00253282 0.998754 0.049843 2.41073 -0.766524 0.0300708 -0.641511 -168.134 
-0.64243 -0.0389015 0.765356 444.58 -0.00219521 0.9988 0.0489244 2.43108 -0.766341 0.0297504 -0.641745 -168.463 
-0.642889 -0.0380354 0.765014 444.817 -0.00173796 0.998836 0.0482002 2.44071 -0.765957 0.0296578 -0.642207 -168.664 
-0.642885 -0.0380964 0.765014 445.037 -0.000920102 0.9988 0.0489653 2.44446 -0.765962 0.0307752 -0.642149 -168.858 
-0.642865 -0.0386233 0.765005 445.291 -0.000231664 0.998738 0.0502292 2.45334 -0.765979 0.0321134 -0.642063 -169.087 
-0.642725 -0.0394416 0.765081 445.563 -0.000574596 0.998698 0.0510024 2.4665 -0.766097 0.0323409 -0.641911 -169.33 
-0.642891 -0.0390015 0.764964 445.485 -0.000211102 0.998712 0.0507417 2.46303 -0.765957 0.0324599 -0.642071 -169.284 
-0.642699 -0.0384647 0.765152 445.55 0.000898569 0.9987 0.05096 2.46565 -0.766118 0.0334395 -0.64183 -169.36 
-0.642528 -0.0390839 0.765265 445.734 0.00128031 0.998642 0.052078 2.47444 -0.766261 0.0344413 -0.641605 -169.525 
-0.64215 -0.0406983 0.765498 446.1 -0.000385295 0.998607 0.0527685 2.49637 -0.766579 0.0335903 -0.641271 -169.845 
-0.641807 -0.0421784 0.765706 446.549 -0.00194986 0.998573 0.0533714 2.52116 -0.766864 0.0327611 -0.640973 -170.224 
-0.6414 -0.0413649 0.766091 447.028 -0.00197997 0.998631 0.0522631 2.54771 -0.767204 0.0320047 -0.640604 -170.63 
-0.64089 -0.0395946 0.766611 447.499 -0.000102223 0.998673 0.0514949 2.57306 -0.767633 0.0329242 -0.640044 -171.037 
-0.640578 -0.0384892 0.766928 447.87 0.00124659 0.99869 0.0511617 2.58774 -0.767892 0.0337291 -0.639691 -171.345 
-0.639903 -0.0388672 0.767472 448.351 0.00173336 0.998645 0.0520198 2.61275 -0.768454 0.0346179 -0.638968 -171.757 
-0.639287 -0.03953 0.767952 448.82 0.00212147 0.998583 0.0531678 2.64127 -0.768965 0.0356186 -0.638297 -172.158 
-0.638812 -0.0385212 0.768398 449.297 0.00254773 0.998634 0.0521815 2.66899 -0.769358 0.0352918 -0.637842 -172.559 
-0.638231 -0.0386568 0.768874 449.758 0.00198685 0.998652 0.0518587 2.69256 -0.769842 0.0346255 -0.637294 -172.939 
-0.637738 -0.0387385 0.769279 450.219 0.00161808 0.998665 0.051631 2.71458 -0.770252 0.0341718 -0.636824 -173.316 
-0.63739 -0.0395011 0.769528 450.689 0.00108334 0.998638 0.0521589 2.73852 -0.77054 0.0340793 -0.636479 -173.694 
-0.637336 -0.0398074 0.769557 450.912 0.000661952 0.998636 0.0522053 2.75147 -0.770585 0.0337817 -0.636441 -173.87 
-0.636941 -0.0408121 0.769832 451.438 -0.000521759 0.99862 0.0525094 2.77885 -0.770912 0.0330437 -0.636083 -174.299 
-0.636676 -0.041661 0.770005 451.929 -0.00210423 0.99863 0.0522908 2.80419 -0.771128 0.031672 -0.635891 -174.693 
-0.63707 -0.0409743 0.769716 452.268 -0.00265584 0.998697 0.0509654 2.82084 -0.770801 0.0304243 -0.636349 -174.965 
-0.63703 -0.0408758 0.769754 452.353 -0.00179312 0.998669 0.0515478 2.82371 -0.770837 0.0314573 -0.636256 -175.04 
-0.637133 -0.0420194 0.769608 452.806 -0.00160213 0.998583 0.0531947 2.84947 -0.770752 0.0326591 -0.636297 -175.409 
-0.637247 -0.0435122 0.76943 453.284 -0.00296134 0.998536 0.0540158 2.87884 -0.770654 0.0321429 -0.636443 -175.795 
-0.63751 -0.0429166 0.769246 453.766 -0.00370647 0.998607 0.052641 2.9088 -0.770433 0.030708 -0.636781 -176.185 
-0.637739 -0.0409739 0.769162 454.237 -0.00316887 0.998715 0.050575 2.93608 -0.770246 0.0298163 -0.63705 -176.572 
-0.637676 -0.0395536 0.769289 454.667 -0.00267424 0.998788 0.0491367 2.95638 -0.7703 0.029276 -0.637009 -176.928 
-0.637776 -0.0393829 0.769215 455.124 -0.00215763 0.998779 0.0493475 2.97531 -0.770219 0.0298129 -0.637082 -177.305 
-0.637908 -0.0402109 0.769062 455.599 -0.0020723 0.998722 0.0505 2.99641 -0.770109 0.0306206 -0.637176 -177.695 
-0.637865 -0.0408187 0.769066 456.064 -0.0017858 0.99867 0.0515239 3.01922 -0.770146 0.0314919 -0.63709 -178.081 
-0.637639 -0.0414078 0.769221 456.264 -0.00193348 0.998637 0.0521547 3.02945 -0.770333 0.0317686 -0.63685 -178.251 
-0.63757 -0.0410012 0.769301 456.74 -0.00221329 0.998676 0.0513918 3.0572 -0.770389 0.0310632 -0.636817 -178.642 
-0.637418 -0.0407464 0.76944 457.21 -0.0026841 0.998712 0.0506642 3.08093 -0.770513 0.030229 -0.636707 -179.026 
-0.637134 -0.0409468 0.769665 457.636 -0.00251161 0.998693 0.0510522 3.10149 -0.770749 0.030594 -0.636404 -179.384 
-0.636776 -0.0412666 0.769943 458.071 -0.00239932 0.998668 0.0515412 3.12477 -0.771045 0.0309729 -0.636027 -179.749 
-0.636533 -0.041915 0.770109 458.518 -0.00295826 0.998647 0.0519085 3.14888 -0.771244 0.0307633 -0.635796 -180.124 
-0.636078 -0.0421802 0.770471 458.989 -0.00333867 0.998646 0.0519155 3.17355 -0.771618 0.0304499 -0.635357 -180.515 
-0.635881 -0.0411857 0.770687 459.463 -0.0034261 0.998716 0.0505448 3.19814 -0.771779 0.0295001 -0.635206 -180.904 
-0.635406 -0.0414944 0.771063 459.919 -0.00343428 0.998697 0.0509144 3.22047 -0.772171 0.0297033 -0.634721 -181.279 
-0.635072 -0.0416893 0.771327 460.237 -0.00288964 0.998664 0.0515974 3.23826 -0.772448 0.0305392 -0.634344 -181.543 
-0.634791 -0.0419723 0.771543 460.233 -0.00271789 0.998639 0.0520902 3.23999 -0.772679 0.0309695 -0.634041 -181.545 
-0.634578 -0.0409784 0.771772 459.198 -0.00262718 0.998702 0.0508674 3.18849 -0.772855 0.0302518 -0.633862 -180.71 
