1 0 -0 0 -0 1 0 0 0 -0 1 -0 
0.999999 0.00080145 0.00150925 -0.00629523 -0.000794483 0.999989 -0.00461107 -0.00287642 -0.00151293 0.00460986 0.999988 0.95925 
0.999996 -0.0013747 0.00229283 -0.00586165 0.00138716 0.999984 -0.00544217 -0.00198333 -0.00228531 0.00544533 0.999983 1.91859 
0.999993 -0.00293421 0.00235103 -0.00626465 0.00293767 0.999995 -0.00147145 -0.0026659 -0.0023467 0.00147834 0.999996 2.87877 
0.999985 -0.00529902 0.00167661 -0.00512993 0.00529137 0.999976 0.00453481 -0.00444615 -0.0017006 -0.00452587 0.999988 3.8375 
0.99996 -0.0089238 0.000339139 -0.00317943 0.00892219 0.99995 0.00449129 -0.00151827 -0.000379201 -0.00448809 0.99999 4.78504 
0.999934 -0.0114905 -0.000646431 -0.00397035 0.0114916 0.999933 0.00166537 0.00116572 0.000627251 -0.00167269 0.999998 5.72491 
0.999927 -0.0120437 -0.00133215 -0.00851335 0.0120413 0.999926 -0.00178461 0.00183934 0.00135355 0.00176844 0.999998 6.65991 
0.999929 -0.0116973 -0.0021019 -0.0152297 0.0116923 0.999929 -0.00235963 0.00158866 0.00212935 0.00233489 0.999995 7.59348 
0.999931 -0.0113092 -0.00307524 -0.0228439 0.0113076 0.999936 -0.000534099 0.00105003 0.00308108 0.000499289 0.999995 8.52678 
0.999931 -0.0111166 -0.00377564 -0.0309216 0.0111258 0.999935 0.00243634 0.000247714 0.00374831 -0.00247818 0.99999 9.45698 
0.999925 -0.011316 -0.00464989 -0.0391825 0.0113341 0.999928 0.00388104 0.00189214 0.00460564 -0.00393345 0.999982 10.3834 
0.999905 -0.0127219 -0.00522718 -0.0466122 0.0127463 0.999908 0.00464819 0.00601342 0.00516756 -0.00471438 0.999976 11.307 
0.999899 -0.0128791 -0.0060211 -0.0560021 0.0129069 0.999906 0.00460331 0.00906885 0.00596125 -0.00468056 0.999971 12.2266 
0.999891 -0.0131737 -0.00672503 -0.0664093 0.0131952 0.999908 0.00316399 0.0115982 0.00668273 -0.00325239 0.999972 13.1423 
0.999874 -0.0136182 -0.00812816 -0.0777865 0.0136278 0.999907 0.00112434 0.0144773 0.00811209 -0.00123497 0.999966 14.0537 
0.999842 -0.0149441 -0.00963856 -0.0888227 0.0149428 0.999888 -0.000204612 0.0163884 0.00964055 6.0553e-05 0.999954 14.9633 
0.999831 -0.0145261 -0.0112425 -0.10332 0.0145172 0.999894 -0.000874849 0.016286 0.011254 0.000711492 0.999936 15.8699 
0.999831 -0.0132398 -0.0127507 -0.121266 0.0132185 0.999911 -0.00175237 0.0144899 0.0127727 0.00158353 0.999917 16.7734 
0.999827 -0.0117939 -0.0143486 -0.14047 0.0117699 0.999929 -0.00175805 0.0134348 0.0143683 0.00158886 0.999896 17.6747 
0.9998 -0.0122574 -0.0158224 -0.158669 0.0122437 0.999925 -0.000963386 0.0128267 0.015833 0.000769469 0.999874 18.5732 
0.999782 -0.0117518 -0.0172361 -0.178692 0.0117594 0.999931 0.000342276 0.0115104 0.0172308 -0.000544888 0.999851 19.4675 
0.999762 -0.0113876 -0.0185914 -0.200521 0.0114069 0.999935 0.000928665 0.01115 0.0185796 -0.00114051 0.999827 20.3567 
0.99972 -0.0124117 -0.0201229 -0.221058 0.0124294 0.999922 0.000752832 0.0112944 0.020112 -0.00100274 0.999797 21.2397 
0.999685 -0.0125234 -0.0217523 -0.243908 0.0125334 0.999921 0.000323185 0.0113829 0.0217465 -0.000595713 0.999763 22.1164 
0.999664 -0.0123749 -0.0227911 -0.268789 0.0123938 0.999923 0.000686707 0.011856 0.0227809 -0.000968944 0.99974 22.9874 
0.99964 -0.0122183 -0.0238725 -0.29332 0.0122845 0.999921 0.00262975 0.0134361 0.0238385 -0.00292206 0.999712 23.8532 
0.999609 -0.0133024 -0.0246111 -0.317414 0.0134388 0.999895 0.00538482 0.015376 0.0245369 -0.00571346 0.999683 24.7113 
0.999595 -0.0130938 -0.0252607 -0.342962 0.0132734 0.999888 0.00695577 0.0169273 0.0251668 -0.00728825 0.999657 25.5581 
0.999588 -0.0124113 -0.0258866 -0.370426 0.0125659 0.999904 0.00581894 0.0190963 0.0258119 -0.00614183 0.999648 26.3918 
0.999585 -0.0108503 -0.0266939 -0.399084 0.0109395 0.999935 0.00319839 0.0218657 0.0266575 -0.00348908 0.999639 27.2148 
0.999569 -0.010464 -0.0274233 -0.426343 0.0105083 0.999944 0.00146981 0.0246908 0.0274064 -0.00175735 0.999623 28.0282 
0.999551 -0.00963335 -0.0283811 -0.454517 0.0096682 0.999953 0.00109111 0.0256561 0.0283692 -0.00136502 0.999597 28.8335 
0.999515 -0.00985522 -0.0295569 -0.482312 0.00987865 0.999951 0.000646973 0.0235109 0.029549 -0.000938641 0.999563 29.6306 
0.999457 -0.00957162 -0.0315174 -0.512144 0.00957171 0.999954 -0.000147867 0.0211413 0.0315174 -0.000153889 0.999503 30.4181 
0.999396 -0.00942026 -0.0334595 -0.542584 0.00941673 0.999956 -0.000263115 0.0218581 0.0334605 -5.21235e-05 0.99944 31.1981 
0.99933 -0.00935736 -0.0353974 -0.575009 0.00939193 0.999956 0.00081028 0.0239112 0.0353882 -0.00114219 0.999373 31.9691 
0.999253 -0.00969237 -0.0374044 -0.607066 0.00981741 0.999947 0.00316054 0.0238542 0.0373717 -0.00352539 0.999295 32.7302 
0.999188 -0.00869069 -0.03935 -0.641741 0.00888273 0.999949 0.00470794 0.0237042 0.0393071 -0.00505365 0.999214 33.4813 
0.999122 -0.00738416 -0.0412329 -0.678514 0.00759489 0.999959 0.0049565 0.0245529 0.0411946 -0.00526531 0.999137 34.2193 
0.999061 -0.00481931 -0.0430594 -0.717754 0.00500372 0.999979 0.00417608 0.0257708 0.0430383 -0.00438762 0.999064 34.9459 
0.998989 -0.00314574 -0.0448484 -0.756897 0.00330501 0.999988 0.00347748 0.0280622 0.044837 -0.00362219 0.998988 35.6638 
0.998919 -0.00282515 -0.0463951 -0.795197 0.00304185 0.999985 0.00460082 0.0311071 0.0463814 -0.00473698 0.998913 36.375 
0.99887 -0.00147393 -0.0475052 -0.833873 0.0017821 0.999978 0.00644541 0.0345397 0.0474946 -0.00652279 0.99885 37.0779 
0.99887 0.0013693 -0.0475102 -0.87517 -0.00103548 0.999975 0.00705023 0.0350553 0.0475186 -0.00699306 0.998846 37.7669 
0.998911 0.00454816 -0.0464345 -0.914702 -0.00432021 0.999978 0.0050084 0.0351954 0.0464562 -0.00480234 0.998909 38.4422 
0.998979 0.00619789 -0.04475 -0.950517 -0.00612097 0.99998 0.00185564 0.0374724 0.0447606 -0.00157983 0.998996 39.1028 
0.99907 0.00677581 -0.0425918 -0.981742 -0.00678512 0.999977 -7.40357e-05 0.0419177 0.0425903 0.000362957 0.999093 39.7579 
0.99919 0.00791891 -0.0394652 -1.01161 -0.0078976 0.999969 0.000695789 0.044672 0.0394695 -0.000383545 0.999221 40.4085 
0.999262 0.0126486 -0.0362645 -1.04324 -0.0125314 0.999916 0.00345732 0.0435799 0.0363052 -0.00300033 0.999336 41.0518 
0.999329 0.0169643 -0.0324673 -1.07255 -0.0167448 0.999835 0.00702183 0.0427533 0.0325811 -0.00647346 0.999448 41.683 
0.999362 0.0219718 -0.0281713 -1.09824 -0.0217553 0.999732 0.00796654 0.0451351 0.0283387 -0.00734858 0.999571 42.2954 
0.999409 0.0257082 -0.0228374 -1.11833 -0.0255271 0.999641 0.00818578 0.0498372 0.0230396 -0.00759797 0.999706 42.8902 
0.999421 0.0294521 -0.0170541 -1.13379 -0.029282 0.99952 0.0101424 0.0551446 0.0173446 -0.00963718 0.999803 43.47 
0.999359 0.0342218 -0.0105194 -1.14667 -0.0341022 0.999354 0.0113464 0.0581245 0.0109008 -0.0109803 0.99988 44.0301 
0.999291 0.0374921 -0.0034505 -1.15435 -0.0374521 0.999238 0.0110032 0.0596202 0.00386041 -0.0108662 0.999934 44.5684 
0.999158 0.0408592 0.00379312 -1.15638 -0.040899 0.999102 0.0110807 0.0609318 -0.00333697 -0.0112265 0.999931 45.088 
0.998913 0.0452306 0.0112872 -1.15608 -0.045351 0.998914 0.0106438 0.0636819 -0.0107935 -0.0111441 0.99988 45.5863 
0.998595 0.049536 0.0188404 -1.1524 -0.0496921 0.998733 0.00791201 0.0662415 -0.0184246 -0.00883711 0.999791 46.0605 
0.998319 0.0513975 0.0267941 -1.14166 -0.0515432 0.998659 0.00477416 0.0680278 -0.0265128 -0.00614718 0.99963 46.5122 
0.998053 0.0518681 0.0346344 -1.12588 -0.0520565 0.998634 0.00455932 0.0687133 -0.0343506 -0.00635338 0.99939 46.9449 
0.997785 0.0511426 0.0425409 -1.10426 -0.051442 0.998658 0.00597317 0.0688468 -0.0421783 -0.00814833 0.999077 47.3548 
0.997325 0.0528101 0.050536 -1.08359 -0.0532146 0.998561 0.00669221 0.069808 -0.0501098 -0.00936356 0.9987 47.7405 
0.996671 0.0559351 0.0593168 -1.06405 -0.0564387 0.998383 0.00684713 0.0707949 -0.0588378 -0.0101721 0.998216 48.1011 
0.995834 0.0606785 0.0680642 -1.04484 -0.0612469 0.998103 0.00629233 0.069997 -0.0675533 -0.0104348 0.997661 48.4362 
0.994944 0.064429 0.0770451 -1.02209 -0.06511 0.997858 0.00635709 0.0685822 -0.0764705 -0.0113413 0.997007 48.7463 
0.994223 0.0637863 0.0863286 -0.99044 -0.064629 0.997885 0.00699967 0.0670806 -0.0856995 -0.0125386 0.996242 49.0335 
0.993319 0.0625394 0.0969887 -0.954278 -0.0633192 0.997981 0.00497991 0.0719317 -0.0964814 -0.0110879 0.995273 49.3136 
0.991465 0.0613754 0.115021 -1.15558 -0.0617434 0.998092 -0.000363657 0.105638 -0.114824 -0.00674123 0.993363 49.8611 
0.989584 0.0622032 0.129823 -1.17344 -0.0620781 0.998059 -0.0050146 0.126721 -0.129883 -0.00309678 0.991525 50.2082 
0.987297 0.0639203 0.145461 -1.13339 -0.0635398 0.997953 -0.00726534 0.124665 -0.145628 -0.00206951 0.989337 50.4867 
0.984661 0.0655248 0.16171 -1.08235 -0.0649887 0.997849 -0.00860822 0.122378 -0.161926 -0.00203315 0.986801 50.7624 
0.981697 0.0660609 0.178624 -1.02385 -0.065344 0.997814 -0.00990043 0.120892 -0.178887 -0.00195277 0.983868 51.0319 
0.978309 0.0651873 0.196628 -0.956539 -0.0642632 0.997871 -0.011083 0.118666 -0.196932 -0.00179329 0.980416 51.2952 
0.974302 0.0641578 0.215914 -0.883909 -0.0631669 0.997937 -0.0114941 0.116499 -0.216206 -0.00243988 0.976345 51.5552 
0.969611 0.0644035 0.236024 -0.806693 -0.0631697 0.997921 -0.0127934 0.114086 -0.236358 -0.00250493 0.971663 51.8122 
0.964107 0.0664783 0.257056 -0.725962 -0.0647902 0.997786 -0.0150412 0.111297 -0.257486 -0.00215332 0.96628 52.0672 
0.9577 0.0677771 0.279673 -0.636862 -0.0655961 0.997699 -0.0171619 0.106685 -0.280193 -0.00190957 0.959942 52.3199 
0.950182 0.0689573 0.303972 -0.538761 -0.0665482 0.997616 -0.0182911 0.100503 -0.304508 -0.00284894 0.952505 52.5726 
0.941411 0.0717881 0.329532 -0.435067 -0.0693347 0.997409 -0.0192079 0.0932328 -0.330056 -0.00476543 0.943949 52.8245 
0.931299 0.0738895 0.356682 -0.322536 -0.0713304 0.997245 -0.0203431 0.0850295 -0.357202 -0.00649672 0.934004 53.073 
0.919888 0.0746023 0.385019 -0.198515 -0.0717963 0.997184 -0.0216809 0.0751311 -0.385552 -0.00769899 0.922654 53.3172 
0.906979 0.0727644 0.414843 -0.0599398 -0.0691345 0.997324 -0.0237827 0.0651081 -0.415463 -0.00710958 0.909582 53.5527 
0.891831 0.0700376 0.446914 0.0909868 -0.0650705 0.997529 -0.0264763 0.0555821 -0.447664 -0.00546847 0.894185 53.7833 
0.87423 0.0694188 0.480523 0.250606 -0.062324 0.997583 -0.030728 0.0461554 -0.481495 -0.00308479 0.876444 54.0097 
0.854448 0.0713198 0.514618 0.421624 -0.0616649 0.997453 -0.0358492 0.0369097 -0.515864 -0.00110258 0.85667 54.2372 
0.832365 0.0732854 0.549362 0.608014 -0.0611581 0.997311 -0.0403786 0.026704 -0.550844 1.17682e-05 0.834608 54.4664 
0.807531 0.0762003 0.584882 0.810428 -0.0621871 0.997092 -0.0440444 0.0147916 -0.586537 -0.000804891 0.809922 54.6985 
0.779899 0.0800883 0.620761 1.03104 -0.0649471 0.996781 -0.0470042 0.000159631 -0.622527 -0.00365812 0.78259 54.9358 
0.749758 0.0843407 0.656315 1.27337 -0.0684354 0.996409 -0.049866 -0.0161312 -0.658164 -0.00752781 0.752837 55.1759 
0.716597 0.0854585 0.692232 1.54289 -0.0681019 0.996296 -0.0524972 -0.0341614 -0.694155 -0.00952297 0.719763 55.4103 
0.679952 0.0829135 0.728554 1.84101 -0.0643199 0.996501 -0.0533783 -0.0557385 -0.730431 -0.0105659 0.682905 55.6389 
0.640776 0.0815583 0.763383 2.16541 -0.0613904 0.9966 -0.0549443 -0.076327 -0.765269 -0.0116573 0.643605 55.8638 
0.598481 0.081153 0.797016 2.51693 -0.0593269 0.996614 -0.0569276 -0.0964933 -0.798937 -0.0132144 0.601269 56.0819 
0.552445 0.0808434 0.82962 2.89285 -0.0555739 0.996643 -0.0601126 -0.119079 -0.831695 -0.0128963 0.555083 56.2902 
0.504362 0.0797603 0.859801 3.29839 -0.0523815 0.996717 -0.0617343 -0.144908 -0.861902 -0.0139012 0.506884 56.4872 
0.455687 0.0778015 0.886734 3.72989 -0.0504609 0.996829 -0.0615296 -0.171968 -0.888709 -0.0167072 0.458168 56.6729 
0.40596 0.0756298 0.910756 4.18711 -0.0502394 0.99691 -0.0603904 -0.198043 -0.912509 -0.0212397 0.408505 56.8472 
0.355775 0.0753681 0.931528 4.6634 -0.053115 0.996762 -0.0603601 -0.221894 -0.933061 -0.0280034 0.358626 57.0068 
0.306478 0.0756924 0.948863 5.15897 -0.050901 0.99671 -0.0630685 -0.246472 -0.950516 -0.028969 0.309323 57.1408 
0.259526 0.0724296 0.963016 5.67798 -0.0397244 0.99714 -0.0642906 -0.279971 -0.964919 -0.0215702 0.261661 57.2378 
0.21565 0.066547 0.9742 6.21882 -0.0264416 0.997707 -0.0622996 -0.313177 -0.976113 -0.0123245 0.216915 57.309 
0.173621 0.0656654 0.982621 6.77083 -0.0172607 0.997824 -0.0636316 -0.34211 -0.984661 -0.00591293 0.174377 57.3667 
0.13517 0.0672421 0.988538 7.33622 -0.0139092 0.997725 -0.0659651 -0.368021 -0.990725 -0.00483328 0.135798 57.4211 
0.102583 0.0680439 0.992394 7.91468 -0.0049924 0.99768 -0.0678903 -0.403175 -0.994712 0.00200997 0.102685 57.453 
0.0736836 0.0663648 0.995071 8.508 0.00230591 0.997769 -0.0667155 -0.442354 -0.997279 0.00721038 0.0733662 57.4724 
0.0486765 0.0647252 0.996715 9.11642 0.00934794 0.997825 -0.0652537 -0.477835 -0.998771 0.0124936 0.0479656 57.4827 
0.0288256 0.0638867 0.997541 9.73489 0.0140427 0.997831 -0.0643111 -0.506723 -0.999486 0.015862 0.0278659 57.4838 
0.0130112 0.0657313 0.997753 10.3634 0.0167551 0.997683 -0.0659452 -0.538875 -0.999775 0.0175755 0.0118797 57.4811 
-0.000382037 0.0654074 0.997859 11.0007 0.0175163 0.997706 -0.0653907 -0.576202 -0.999847 0.0174538 -0.00152686 57.4736 
-0.0121131 0.0662822 0.997727 11.6491 0.0181883 0.99765 -0.0660562 -0.6154 -0.999761 0.0173468 -0.0132902 57.4643 
-0.021038 0.0692976 0.997374 12.3051 0.0230084 0.997364 -0.0688116 -0.651374 -0.999514 0.0215003 -0.022577 57.4398 
-0.0274337 0.0713373 0.997075 12.972 0.0273626 0.99713 -0.0705884 -0.687812 -0.999249 0.0253461 -0.029307 57.4116 
-0.0320746 0.0706527 0.996985 13.6529 0.0278258 0.997175 -0.069771 -0.726651 -0.999098 0.025504 -0.0339499 57.3873 
-0.0356625 0.0678994 0.997055 14.3479 0.0254905 0.997426 -0.067013 -0.766154 -0.999039 0.0230256 -0.0373015 57.3672 
-0.0381408 0.0610047 0.997408 15.0605 0.0234999 0.997913 -0.0601369 -0.80551 -0.998996 0.0211453 -0.0394948 57.344 
-0.039344 0.0553868 0.99769 15.7825 0.0247555 0.99821 -0.0544395 -0.842609 -0.998919 0.0225564 -0.0406447 57.3146 
-0.0397792 0.0528264 0.997811 16.5118 0.0273802 0.998284 -0.0517598 -0.880343 -0.998833 0.0252613 -0.0411574 57.2817 
-0.0394285 0.05512 0.997701 17.2425 0.0307316 0.998072 -0.053926 -0.918444 -0.99875 0.0285347 -0.0410464 57.2474 
-0.038676 0.0625335 0.997293 17.9775 0.0317315 0.997613 -0.061323 -0.95395 -0.998748 0.0292739 -0.0405679 57.2194 
-0.0364497 0.0705542 0.996842 18.7199 0.0324843 0.997061 -0.0693819 -0.990346 -0.998807 0.0298528 -0.0386345 57.1946 
-0.0343001 0.0713273 0.996863 19.4795 0.0331811 0.996981 -0.0701941 -1.02852 -0.998861 0.0306693 -0.0365633 57.1695 
-0.032204 0.0669425 0.997237 20.2525 0.0325411 0.997296 -0.0658956 -1.07274 -0.998951 0.0303291 -0.0342953 57.1482 
-0.0296651 0.0604229 0.997732 21.0288 0.0320441 0.997716 -0.0594691 -1.12136 -0.999046 0.0302073 -0.0315335 57.1282 
-0.0269068 0.0587502 0.99791 21.7993 0.0301986 0.997864 -0.0579332 -1.16782 -0.999182 0.0285767 -0.0286235 57.114 
-0.0235887 0.0642461 0.997655 22.5584 0.0380004 0.997269 -0.0633227 -1.21146 -0.998999 0.0364176 -0.0259656 57.0879 
-0.0202106 0.0698897 0.99735 23.3177 0.0396199 0.996826 -0.0690501 -1.25418 -0.99901 0.0381194 -0.0229155 57.0699 
-0.0178934 0.070494 0.997352 24.0854 0.0336185 0.99699 -0.0698653 -1.2974 -0.999275 0.0322793 -0.0202095 57.0692 
-0.0146317 0.0669307 0.99765 24.8565 0.0291826 0.997361 -0.0664833 -1.34428 -0.999467 0.0281413 -0.0165463 57.071 
-0.00987752 0.0633122 0.997945 25.628 0.0332464 0.997463 -0.0629525 -1.39698 -0.999398 0.0325562 -0.0119574 57.0592 
-0.00631574 0.0644592 0.9979 26.3935 0.0379699 0.997216 -0.0641747 -1.44476 -0.999259 0.0374849 -0.00874567 57.048 
-0.00346781 0.0690945 0.997604 27.1562 0.0376741 0.996911 -0.0689155 -1.49024 -0.999284 0.0373448 -0.00606017 57.0484 
0.000194589 0.0698803 0.997555 27.922 0.034064 0.996976 -0.0698464 -1.53471 -0.99942 0.0339943 -0.0021864 57.057 
0.00384261 0.06939 0.997582 28.69 0.0332832 0.997028 -0.0694797 -1.58407 -0.999439 0.0334697 0.00152167 57.0652 
0.00748529 0.0662633 0.997774 29.4584 0.0373516 0.997087 -0.0664979 -1.63437 -0.999274 0.0377663 0.00498844 57.0674 
0.0111256 0.0668821 0.997699 30.2234 0.0418903 0.996854 -0.0672926 -1.68441 -0.99906 0.0425426 0.00828893 57.0692 
0.0146869 0.0678072 0.99759 30.9881 0.0446954 0.996656 -0.0684017 -1.73178 -0.998893 0.0455923 0.0116071 57.0774 
0.017332 0.0677714 0.99755 31.7537 0.0451363 0.99663 -0.0684931 -1.77867 -0.99883 0.0462129 0.0142146 57.0927 
0.0208522 0.0663486 0.997579 32.5211 0.0465128 0.996651 -0.0672591 -1.82634 -0.9987 0.0478026 0.0176963 57.1082 
0.0246183 0.0653174 0.997561 33.2871 0.0485333 0.996609 -0.0664528 -1.87723 -0.998518 0.0500509 0.0213647 57.124 
0.0274661 0.0657269 0.99746 34.0532 0.0468121 0.996657 -0.066963 -1.92232 -0.998526 0.0485324 0.0242974 57.1484 
0.0305408 0.067494 0.997252 34.8187 0.0440345 0.996658 -0.0688023 -1.96927 -0.998563 0.0460148 0.0274666 57.1775 
0.0332848 0.0675537 0.99716 35.5862 0.0457108 0.996566 -0.0690393 -2.01768 -0.9984 0.047879 0.0300826 57.2041 
0.0360122 0.0673026 0.997082 36.3569 0.0434559 0.99668 -0.068845 -2.06603 -0.998406 0.0458084 0.032968 57.2359 
0.0382585 0.0676535 0.996975 37.128 0.0417783 0.996725 -0.0692397 -2.11441 -0.998394 0.0443009 0.0353068 57.2722 
0.0410543 0.0677098 0.99686 37.9027 0.0387486 0.996843 -0.0693045 -2.16534 -0.998405 0.0414721 0.038301 57.3111 
0.044351 0.0697071 0.996581 38.6784 0.0373225 0.996751 -0.07138 -2.2155 -0.998319 0.0403607 0.0416052 57.35 
0.0476447 0.0732287 0.996176 39.454 0.0362297 0.996526 -0.0749871 -2.26709 -0.998207 0.0396639 0.0448262 57.3915 
0.0510753 0.0753627 0.995847 40.2344 0.0363653 0.996347 -0.0772656 -2.32179 -0.998033 0.0401607 0.0481481 57.4335 
0.0539007 0.0776875 0.99552 41.0185 0.0301852 0.996387 -0.0793895 -2.37408 -0.99809 0.0343291 0.0513609 57.4876 
0.0565222 0.0769028 0.995435 41.8075 0.026452 0.996564 -0.078492 -2.42929 -0.998051 0.0307678 0.0542938 57.5434 
0.0601966 0.0774875 0.995174 42.599 0.028524 0.996442 -0.0793115 -2.48842 -0.997779 0.0331607 0.0577721 57.5932 
0.0640779 0.0786147 0.994844 43.3921 0.0277701 0.996366 -0.0805237 -2.54833 -0.997558 0.0327867 0.0616619 57.6466 
0.067702 0.0795551 0.994529 44.1902 0.0238303 0.996403 -0.0813272 -2.60439 -0.997421 0.0292059 0.0655626 57.7114 
0.0718603 0.077633 0.994389 44.9935 0.0228324 0.996577 -0.0794539 -2.66127 -0.997153 0.0284139 0.0698417 57.7756 
0.0767331 0.0774801 0.994037 45.7983 0.0233738 0.996562 -0.0794812 -2.72482 -0.996778 0.0293333 0.0746583 57.8384 
0.0816693 0.0810926 0.993355 46.5999 0.0198619 0.996354 -0.0829704 -2.78597 -0.996462 0.0265061 0.0797609 57.914 
0.0877535 0.089692 0.992096 47.3994 0.0181313 0.995629 -0.0916152 -2.849 -0.995977 0.0260275 0.0857437 57.9927 
0.0950694 0.0945157 0.990974 48.2043 0.0165209 0.995196 -0.0965033 -2.91453 -0.995334 0.0255463 0.0930512 58.0754 
0.102287 0.0975215 0.989963 49.0137 0.0122479 0.994984 -0.0992816 -2.98475 -0.99468 0.0222802 0.10058 58.1705 
0.109314 0.0957662 0.989383 49.829 0.00839988 0.995224 -0.0972596 -3.05979 -0.993972 0.0189425 0.107987 58.2727 
0.116915 0.0941337 0.988671 50.6469 0.00835189 0.995369 -0.0957591 -3.13313 -0.993107 0.019453 0.115588 58.3753 
0.124279 0.090766 0.988087 51.4656 0.00786978 0.995686 -0.0924538 -3.20395 -0.992216 0.0192661 0.123028 58.4841 
0.131737 0.0853837 0.987601 52.2858 0.00587003 0.996199 -0.0869101 -3.27222 -0.991267 0.0172465 0.130735 58.6013 
0.138864 0.0779635 0.987238 53.103 0.00336256 0.996853 -0.0791959 -3.33746 -0.990306 0.0143171 0.138165 58.7264 
0.1464 0.0752575 0.986359 53.9105 0.00330675 0.997059 -0.0765648 -3.40488 -0.98922 0.0144708 0.145721 58.8525 
0.153567 0.0771039 0.985125 54.706 0.00310134 0.996909 -0.0785096 -3.46721 -0.988133 0.0151117 0.152853 58.9808 
0.159388 0.0838073 0.983652 55.4904 0.0035949 0.996334 -0.0854704 -3.52812 -0.98721 0.017159 0.158502 59.1136 
0.164453 0.08735 0.98251 56.2699 0.00213794 0.996037 -0.0889105 -3.59109 -0.986383 0.0167221 0.163614 59.2504 
0.169399 0.0903396 0.981398 57.0439 0.000718754 0.995778 -0.0917874 -3.66032 -0.985547 0.0162541 0.168619 59.3926 
0.174685 0.0898352 0.980518 57.8125 -0.0017945 0.995857 -0.0909208 -3.7292 -0.984623 0.0141229 0.174122 59.5381 
0.180007 0.0869662 0.979813 58.5785 0.00217425 0.996047 -0.0888064 -3.7952 -0.983663 0.0181161 0.179106 59.6781 
0.184548 0.0802762 0.979539 59.3393 0.00286414 0.996611 -0.0822148 -3.85738 -0.982819 0.0179782 0.183693 59.8238 
0.187724 0.0741087 0.979422 60.0925 0.000950886 0.997135 -0.0756313 -3.92046 -0.982221 0.0151291 0.187116 59.9759 
0.190854 0.0707698 0.979064 60.8322 -0.00284008 0.997433 -0.071544 -3.97864 -0.981614 0.0108738 0.190565 60.1321 
0.194075 0.0708196 0.978427 61.5606 -0.0044324 0.997444 -0.0713169 -4.03365 -0.980977 0.00950403 0.193893 60.2833 
0.196211 0.0729731 0.977843 62.2774 -0.00634808 0.997301 -0.0731514 -4.08616 -0.980541 0.00814568 0.196145 60.4346 
0.197602 0.077277 0.977232 62.9817 -0.0105027 0.996998 -0.0767164 -4.14059 -0.980226 0.00489581 0.197821 60.5888 
0.199573 0.0813477 0.976501 63.6758 -0.0117727 0.996675 -0.0806223 -4.19695 -0.979812 0.00459396 0.199867 60.739 
0.201644 0.0867861 0.975606 64.36 -0.0124162 0.996213 -0.086053 -4.25252 -0.97938 0.00523878 0.201958 60.8869 
0.203288 0.0888186 0.975082 65.0381 -0.0116556 0.996026 -0.0882964 -4.30813 -0.97905 0.0065845 0.203516 61.0325 
0.204571 0.088717 0.974823 65.709 -0.0141951 0.996048 -0.0876698 -4.36498 -0.978749 0.00409699 0.205022 61.1829 
0.205186 0.0857448 0.97496 66.3732 -0.0141708 0.996311 -0.0846403 -4.42349 -0.97862 0.003551 0.205644 61.3278 
0.205849 0.0831933 0.975041 67.0279 -0.0141977 0.996529 -0.0820293 -4.48103 -0.978481 0.00304231 0.206316 61.4707 
0.205684 0.0819986 0.975177 67.6724 -0.0132868 0.996626 -0.0809996 -4.53381 -0.978528 0.00370334 0.206079 61.609 
0.20423 0.0812712 0.975544 68.307 -0.0136141 0.996687 -0.0801826 -4.58648 -0.978828 0.00309455 0.20466 61.747 
0.202575 0.0821573 0.975814 68.93 -0.0147951 0.996617 -0.0808374 -4.63894 -0.979155 0.00193832 0.203105 61.8818 
0.200345 0.0849114 0.976039 69.5403 -0.0156207 0.996387 -0.0834752 -4.69225 -0.979601 0.00147747 0.200947 62.0124 
0.198114 0.0887521 0.976153 70.1412 -0.0138743 0.996046 -0.087745 -4.74555 -0.980081 0.00384011 0.198562 62.136 
0.196455 0.0893079 0.976437 70.7375 -0.0116309 0.995986 -0.0887557 -4.79551 -0.980444 0.00607958 0.196705 62.2541 
0.194176 0.0883064 0.976984 71.3273 -0.0124855 0.996082 -0.0875511 -4.84257 -0.980887 0.00480226 0.194518 62.3746 
0.191687 0.085371 0.977736 71.9097 -0.0127574 0.996342 -0.0844945 -4.89243 -0.981373 0.00372311 0.192075 62.4921 
0.189548 0.0814401 0.978488 72.4837 -0.0125135 0.996674 -0.0805297 -4.94522 -0.981792 0.00301987 0.189936 62.6056 
0.187718 0.0804491 0.978923 73.0467 -0.00897928 0.996739 -0.0801914 -4.99623 -0.982182 0.00626335 0.187828 62.7108 
0.185995 0.0819341 0.979129 73.5984 -0.00530444 0.996586 -0.0823873 -5.04075 -0.982536 0.0101299 0.185794 62.8112 
0.183512 0.0840146 0.979421 74.1445 -0.0011938 0.996359 -0.0852439 -5.08348 -0.983017 0.0144741 0.182945 62.9095 
0.18185 0.0858506 0.979572 74.6888 -0.00179359 0.996209 -0.0869757 -5.12775 -0.983325 0.0140596 0.181314 63.0114 
0.180557 0.0883789 0.979586 75.2309 -0.00217412 0.995988 -0.089458 -5.17421 -0.983562 0.0140225 0.180025 63.1143 
0.179316 0.0867472 0.97996 75.7776 -0.000403757 0.996111 -0.0881031 -5.22228 -0.983791 0.0154026 0.178654 63.2145 
0.180059 0.0852113 0.979958 76.3268 0.00563833 0.996135 -0.0876539 -5.26689 -0.98364 0.0213082 0.178882 63.3089 
0.182423 0.0834279 0.979674 76.8781 0.0105108 0.996171 -0.08679 -5.30896 -0.983164 0.0261296 0.180848 63.4024 
0.184363 0.0828181 0.979363 77.4288 0.0133505 0.996141 -0.0867501 -5.3538 -0.982767 0.0290685 0.182546 63.5049 
0.187717 0.0825578 0.978747 77.9811 0.0106873 0.996231 -0.0860823 -5.4011 -0.982165 0.0266193 0.186128 63.6183 
0.193081 0.0832071 0.977648 78.5351 0.0094202 0.996195 -0.086646 -5.44754 -0.981138 0.0259393 0.191562 63.7343 
0.199693 0.082097 0.976413 79.0948 0.0106851 0.996242 -0.0859495 -5.4905 -0.9798 0.0275966 0.198066 63.8514 
0.207312 0.0824277 0.974796 79.6571 0.00872513 0.996249 -0.0860973 -5.53259 -0.978236 0.0263542 0.205815 63.9778 
0.215675 0.0802584 0.973161 80.225 0.0092065 0.996405 -0.0842157 -5.57757 -0.976422 0.0271226 0.214161 64.1113 
0.224607 0.0799555 0.971164 80.7975 0.00562004 0.996505 -0.0833416 -5.62617 -0.974433 0.0241771 0.223373 64.2543 
0.234272 0.0796143 0.968906 81.375 0.00456274 0.99654 -0.0829883 -5.67182 -0.97216 0.0238627 0.233098 64.4036 
0.243808 0.08354 0.966219 81.9546 -0.00089652 0.996302 -0.0859148 -5.71644 -0.969823 0.0200805 0.242981 64.5643 
0.253205 0.0857522 0.963605 82.5437 -0.00429921 0.996154 -0.0875191 -5.76118 -0.967403 0.0180176 0.2526 64.7333 
0.263928 0.0884863 0.960475 83.139 -0.00850807 0.995958 -0.0894173 -5.80974 -0.964505 0.0154279 0.263614 64.9101 
0.274192 0.0902186 0.957434 83.7436 -0.00986142 0.995801 -0.0910098 -5.86118 -0.961624 0.0155125 0.273931 65.0933 
0.283997 0.0910072 0.954496 84.3576 -0.0130821 0.99576 -0.0910491 -5.91281 -0.958736 0.0133708 0.283984 65.289 
0.294325 0.0913994 0.951325 84.9806 -0.0138974 0.99572 -0.0913652 -5.96419 -0.955604 0.0136701 0.294336 65.4926 
0.304486 0.0924148 0.948023 85.6128 -0.0181692 0.995665 -0.0912234 -6.01375 -0.952344 0.0105514 0.304845 65.7098 
0.315064 0.0875033 0.945028 86.26 -0.0177469 0.99611 -0.0863165 -6.06615 -0.948904 0.010424 0.315392 65.9336 
0.325894 0.0805106 0.941972 86.92 -0.0142344 0.996672 -0.0802611 -6.11839 -0.945299 0.0127481 0.325955 66.1646 
0.336799 0.0761181 0.938495 87.5865 -0.0126633 0.997003 -0.076319 -6.17118 -0.941492 0.0138197 0.336753 66.4084 
0.34705 0.0728511 0.935013 88.2601 -0.0133216 0.997261 -0.0727565 -6.21903 -0.937752 0.0127942 0.34707 66.6678 
0.3566 0.0705329 0.931591 88.9441 -0.00724534 0.997325 -0.0727364 -6.2636 -0.934229 0.0191881 0.356158 66.9291 
0.365312 0.0650875 0.928607 89.6418 -0.000595554 0.997569 -0.0696869 -6.30525 -0.930885 0.0249044 0.364463 67.1979 
0.372394 0.0555971 0.926408 90.3528 0.0090445 0.997939 -0.0635256 -6.34905 -0.92803 0.0320355 0.371124 67.474 
0.379587 0.0511426 0.923741 91.0633 0.0144821 0.99802 -0.061206 -6.39447 -0.925043 0.0366107 0.378095 67.7613 
0.386853 0.051201 0.920719 91.7708 0.0163762 0.997918 -0.0623748 -6.44342 -0.921996 0.0392077 0.385209 68.0583 
0.394365 0.0574252 0.917158 92.4747 0.0186689 0.997339 -0.0704728 -6.48787 -0.918764 0.0449143 0.392243 68.3608 
0.401602 0.0617603 0.913729 93.179 0.0224105 0.996762 -0.0772224 -6.53291 -0.91554 0.0514898 0.398918 68.6656 
0.407 0.0637852 0.911199 93.8819 0.0206682 0.99666 -0.0789994 -6.58634 -0.913194 0.0509855 0.404322 68.9835 
0.411384 0.0654197 0.909111 94.5769 0.0134774 0.996875 -0.0778339 -6.64407 -0.911362 0.0442721 0.409217 69.3136 
0.4153 0.0690331 0.907061 95.2602 0.00682615 0.996852 -0.0789922 -6.70425 -0.909659 0.0389972 0.413522 69.6428 
0.419346 0.0721416 0.904955 95.9377 0.00599481 0.996596 -0.0822249 -6.76331 -0.907807 0.0399057 0.417486 69.9642 
0.423402 0.0762762 0.902725 96.6066 0.00276376 0.996336 -0.0854821 -6.82242 -0.905938 0.0386882 0.421639 70.2865 
0.426852 0.0792907 0.900839 97.2658 -0.000348419 0.996163 -0.087516 -6.88307 -0.904321 0.0370425 0.425242 70.6097 
0.430782 0.0777041 0.899105 97.9215 -0.00148708 0.996346 -0.0853955 -6.94433 -0.902455 0.0354498 0.429323 70.9318 
0.434885 0.0746247 0.897389 98.5706 -0.000526591 0.996581 -0.0826181 -7.00415 -0.900486 0.0354568 0.433437 71.2488 
0.43832 0.0719385 0.895936 99.2083 -0.000924928 0.996827 -0.079587 -7.06279 -0.898819 0.0340559 0.436996 71.5666 
0.441873 0.0709581 0.894267 99.8344 -0.00196923 0.996941 -0.0781321 -7.12085 -0.897075 0.0327635 0.440661 71.8842 
0.445278 0.0726498 0.89244 100.447 -0.00399705 0.996854 -0.0791553 -7.1752 -0.895384 0.031679 0.444167 72.1982 
0.448086 0.0732145 0.890988 101.053 -0.00306097 0.996761 -0.0803667 -7.22752 -0.893985 0.0332839 0.446858 72.5062 
0.450257 0.0713887 0.890041 101.653 -0.00104274 0.99684 -0.0794274 -7.27889 -0.892898 0.0348346 0.448909 72.8107 
0.451996 0.0702307 0.889251 102.243 0.00089612 0.99686 -0.0791848 -7.33152 -0.89202 0.0365881 0.450514 73.1116 
0.453806 0.0701555 0.888335 102.821 -0.000472794 0.996915 -0.078489 -7.38453 -0.8911 0.0351988 0.452439 73.4139 
0.455769 0.0695268 0.887379 103.392 0.000955818 0.996906 -0.0785993 -7.43515 -0.890098 0.0366713 0.454292 73.7103 
0.458391 0.0713077 0.885885 103.953 0.000409253 0.996759 -0.080444 -7.48325 -0.88875 0.0372374 0.456877 74.0037 
0.461243 0.071263 0.884408 104.505 0.00336715 0.996622 -0.0820609 -7.53406 -0.887268 0.0408279 0.459444 74.2911 
0.464301 0.0706007 0.882859 105.049 0.00503153 0.996591 -0.0823418 -7.58496 -0.885663 0.0426735 0.462363 74.5777 
0.4675 0.0688484 0.881308 105.586 0.00804731 0.99659 -0.0821231 -7.63357 -0.883957 0.0454847 0.465351 74.861 
0.470834 0.0679064 0.879604 106.113 0.00941499 0.99659 -0.0819774 -7.68237 -0.882172 0.0468792 0.468589 75.1449 
0.47407 0.0674899 0.877897 106.63 0.010387 0.99656 -0.0822213 -7.72997 -0.880426 0.0480974 0.471738 75.4279 
0.47749 0.0666819 0.876103 107.141 0.010965 0.996586 -0.0818282 -7.77831 -0.878569 0.0486786 0.475129 75.7091 
0.480951 0.0661849 0.874246 107.648 0.0125452 0.996525 -0.0823436 -7.82394 -0.876658 0.0505709 0.47845 75.9893 
0.484938 0.0674365 0.871944 108.148 0.012091 0.99641 -0.0837872 -7.87027 -0.874465 0.0511743 0.482382 76.2707 
0.48923 0.0676194 0.86953 108.644 0.0140749 0.996248 -0.0853928 -7.9171 -0.872042 0.0540152 0.486442 76.5513 
0.493921 0.0709424 0.866608 109.134 0.0118736 0.996023 -0.088304 -7.96608 -0.869426 0.053905 0.491114 76.8387 
0.499318 0.0767739 0.863011 109.615 0.00837144 0.995592 -0.0934119 -8.01539 -0.866379 0.0538669 0.496474 77.1284 
0.505156 0.0837799 0.858952 110.093 0.0031459 0.995092 -0.0989087 -8.06498 -0.863022 0.0526665 0.502413 77.4235 
0.511248 0.0899892 0.854709 110.57 -0.00194478 0.994622 -0.103557 -8.11556 -0.859431 0.051281 0.508673 77.7241 
0.517625 0.0944295 0.850381 111.05 -0.00553002 0.99424 -0.107038 -8.16715 -0.85559 0.0507029 0.515165 78.0301 
0.523136 0.094748 0.846966 111.538 -0.00967004 0.994397 -0.105268 -8.21907 -0.852194 0.0468793 0.521122 78.3454 
0.52854 0.0938573 0.843704 112.029 -0.0161611 0.994802 -0.100542 -8.273 -0.848755 0.0395052 0.527309 78.6735 
0.534248 0.0914381 0.840368 112.526 -0.0223846 0.995314 -0.0940668 -8.32628 -0.845031 0.0314437 0.533791 79.0108 
0.540056 0.0896204 0.836844 113.028 -0.0286625 0.995696 -0.0881351 -8.38049 -0.841141 0.0236119 0.540301 79.3556 
0.546165 0.0876212 0.833082 113.535 -0.0312053 0.995952 -0.0842933 -8.4312 -0.837096 0.0200415 0.546689 79.7043 
0.552432 0.0912019 0.828554 114.044 -0.0362844 0.995685 -0.0854064 -8.4784 -0.832768 0.0171177 0.553358 80.0619 
0.558511 0.0950951 0.824028 114.558 -0.0400931 0.995341 -0.0876907 -8.52631 -0.828527 0.0159384 0.559722 80.4299 
0.564604 0.0984255 0.819473 115.082 -0.0429181 0.995022 -0.0899405 -8.57545 -0.824246 0.0156105 0.566017 80.8078 
0.570903 0.100599 0.814831 115.615 -0.045197 0.994811 -0.0911529 -8.62459 -0.819773 0.0152116 0.572487 81.1964 
0.577217 0.1016 0.810246 116.157 -0.0482382 0.994739 -0.0903697 -8.67423 -0.815165 0.0130781 0.579081 81.5995 
0.583369 0.103792 0.805548 116.704 -0.0544205 0.994567 -0.0887361 -8.72718 -0.810382 0.00792746 0.585848 82.0195 
0.590427 0.101732 0.800654 117.264 -0.0547957 0.994788 -0.0859913 -8.7812 -0.805229 0.00689926 0.592924 82.4469 
0.598013 0.0997356 0.795257 117.832 -0.0550125 0.994995 -0.0834174 -8.83405 -0.799596 0.0061356 0.600506 82.884 
0.605516 0.0998076 0.78955 118.404 -0.0556159 0.994986 -0.0831244 -8.88718 -0.793887 0.00642166 0.608031 83.3349 
0.613015 0.102198 0.783434 118.976 -0.0603514 0.994759 -0.0825418 -8.93999 -0.787763 0.00331797 0.615969 83.804 
0.620797 0.102878 0.777192 119.555 -0.0611512 0.994686 -0.0828219 -8.99029 -0.781583 0.00388932 0.623789 84.2836 
0.627641 0.103668 0.771569 120.142 -0.0631511 0.994608 -0.0822651 -9.04125 -0.775937 0.00290753 0.630804 84.7768 
0.632746 0.102605 0.767532 120.737 -0.0631255 0.994718 -0.0809352 -9.09649 -0.771782 0.00276056 0.635881 85.2808 
0.636545 0.101199 0.764571 121.341 -0.0619273 0.99486 -0.0801223 -9.15281 -0.768749 0.00365363 0.63954 85.7945 
0.640296 0.098597 0.761774 121.954 -0.0583737 0.995106 -0.0797322 -9.20822 -0.765907 0.00658461 0.642918 86.315 
0.643902 0.0948524 0.759206 122.576 -0.0530786 0.995433 -0.0793484 -9.26436 -0.763265 0.0107951 0.645996 86.8425 
0.647736 0.0885312 0.756703 123.208 -0.0452944 0.995943 -0.0777494 -9.32149 -0.760517 0.0160867 0.649119 87.3774 
0.651627 0.0827451 0.754013 123.845 -0.0394858 0.996385 -0.0752187 -9.37719 -0.757511 0.0192418 0.652539 87.9238 
0.654879 0.0773693 0.751763 124.486 -0.0340756 0.996757 -0.0728994 -9.4335 -0.754965 0.0221235 0.655391 88.4798 
0.658259 0.0758228 0.748964 125.125 -0.0338036 0.996888 -0.0712122 -9.48945 -0.752033 0.0215584 0.658773 89.049 
0.661226 0.077362 0.746188 125.763 -0.0345412 0.996753 -0.0727315 -9.54474 -0.749392 0.0223177 0.661751 89.6246 
0.664389 0.0820959 0.742865 126.398 -0.0401394 0.996434 -0.0742194 -9.59827 -0.746308 0.0194924 0.665315 90.2117 
0.667153 0.0857836 0.739965 127.036 -0.0465378 0.996207 -0.073531 -9.65107 -0.743466 0.01462 0.668614 90.8099 
0.670083 0.082573 0.737679 127.684 -0.0466822 0.996514 -0.0691415 -9.70597 -0.740817 0.0118941 0.671602 91.4113 
0.673494 0.0799427 0.734857 128.334 -0.0499918 0.996785 -0.0626196 -9.75731 -0.737501 0.00543704 0.675325 92.0252 
0.677009 0.0742796 0.732216 128.988 -0.0492492 0.997236 -0.0556285 -9.80605 -0.734325 0.0015999 0.678796 92.6431 
0.681584 0.0702689 0.728358 129.643 -0.0472124 0.997527 -0.0520567 -9.85196 -0.730215 0.00109344 0.683216 93.2637 
0.686282 0.0672067 0.724224 130.298 -0.0414204 0.997717 -0.0533361 -9.89568 -0.726155 0.00660597 0.687499 93.883 
0.691612 0.0640548 0.719423 130.954 -0.0308527 0.997771 -0.0591779 -9.94031 -0.72161 0.018732 0.692047 94.5011 
0.696955 0.0657153 0.714098 131.603 -0.025179 0.997421 -0.0672137 -9.98894 -0.716673 0.0288646 0.696812 95.1292 
0.702581 0.0660908 0.708528 132.251 -0.0221748 0.997228 -0.0710318 -10.0397 -0.711258 0.0341942 0.702099 95.7714 
0.708475 0.0617003 0.703034 132.901 -0.0198238 0.997518 -0.0675678 -10.094 -0.705458 0.0339333 0.707939 96.4285 
0.714406 0.0562374 0.697468 133.551 -0.0154089 0.997788 -0.0646694 -10.1532 -0.699562 0.0354529 0.713692 97.0908 
0.719798 0.0530811 0.692151 134.195 -0.0109716 0.997818 -0.0651128 -10.209 -0.694096 0.0392741 0.71881 97.757 
0.724436 0.0551166 0.687135 134.83 -0.00871461 0.997451 -0.0708201 -10.2634 -0.689287 0.0453165 0.72307 98.428 
0.728101 0.056464 0.68314 135.463 -0.00943535 0.997333 -0.0723769 -10.3193 -0.685405 0.046252 0.726692 99.11 
0.731293 0.0536216 0.679952 136.099 -0.00706386 0.997447 -0.0710624 -10.3806 -0.682026 0.0471643 0.729805 99.7967 
0.733822 0.0479921 0.677644 136.74 -0.00366058 0.997766 -0.0666998 -10.4413 -0.679331 0.0464652 0.732359 100.487 
0.735218 0.0437361 0.676418 137.38 -0.000516855 0.997952 -0.0639641 -10.4989 -0.677831 0.046678 0.733735 101.179 
0.73586 0.0391276 0.676003 138.019 0.00293685 0.998135 -0.0609698 -10.5537 -0.677128 0.0468505 0.734372 101.873 
0.736135 0.0382268 0.675755 138.654 0.0029936 0.99821 -0.0597289 -10.6075 -0.676828 0.0459914 0.734703 102.571 
0.736011 0.0387187 0.675862 139.288 0.00156745 0.998263 -0.0588953 -10.6601 -0.676968 0.0444069 0.734671 103.269 
0.735505 0.040879 0.676285 139.922 9.7595e-05 0.998172 -0.0604421 -10.712 -0.677519 0.0445215 0.734157 103.966 
0.734285 0.0447897 0.677362 140.555 -0.00394929 0.998086 -0.061716 -10.7646 -0.67883 0.042642 0.733056 104.666 
0.73235 0.0485177 0.679198 141.19 -0.00728203 0.997959 -0.0634362 -10.8188 -0.68089 0.0415115 0.731209 105.364 
0.730322 0.0512763 0.681176 141.827 -0.0114323 0.997957 -0.0628653 -10.8734 -0.683007 0.0381245 0.729416 106.062 
0.727958 0.0526863 0.683594 142.466 -0.0136651 0.99796 -0.0623633 -10.929 -0.685485 0.0360565 0.727193 106.756 
0.725698 0.0519472 0.686049 143.109 -0.0143385 0.998071 -0.0604061 -10.9833 -0.687864 0.0339997 0.725043 107.444 
0.723225 0.0506305 0.688754 143.752 -0.0153981 0.998243 -0.0572123 -11.0356 -0.690441 0.0307719 0.722734 108.129 
0.720594 0.0465702 0.691792 144.399 -0.0112981 0.998398 -0.0554419 -11.0886 -0.693265 0.0321351 0.719966 108.802 
0.717836 0.0507418 0.694361 145.039 -0.0118838 0.998088 -0.0606517 -11.1445 -0.696111 0.0352863 0.717066 109.468 
0.714281 0.0609804 0.697197 145.67 -0.017447 0.997439 -0.0693665 -11.1988 -0.699641 0.0373832 0.713516 110.131 
0.710887 0.0675918 0.700051 146.307 -0.0198979 0.996906 -0.0760479 -11.2549 -0.703025 0.0401319 0.710032 110.789 
0.707358 0.065996 0.703768 146.953 -0.0213482 0.997172 -0.072053 -11.315 -0.706533 0.0359432 0.706767 111.446 
0.703547 0.0642727 0.707737 147.599 -0.0243572 0.997497 -0.0663742 -11.379 -0.710232 0.0294589 0.703352 112.103 
0.70002 0.0624188 0.71139 148.244 -0.026234 0.997748 -0.0617298 -11.435 -0.713641 0.0245495 0.700082 112.751 
0.696717 0.0624825 0.71462 148.89 -0.0257969 0.997737 -0.0620862 -11.4887 -0.716882 0.0248215 0.696753 113.388 
0.693734 0.0608593 0.717655 149.541 -0.0239631 0.997822 -0.0614539 -11.5421 -0.719832 0.0254354 0.693682 114.019 
0.690829 0.060118 0.720514 150.193 -0.0201368 0.99775 -0.0639427 -11.5968 -0.722738 0.0296646 0.690486 114.641 
0.687443 0.0593688 0.723808 150.847 -0.0166142 0.997678 -0.0660529 -11.6516 -0.726048 0.0333821 0.686833 115.259 
0.683675 0.060077 0.72731 151.504 -0.0137631 0.99749 -0.0694569 -11.7071 -0.729657 0.0374759 0.682785 115.875 
0.679746 0.0604273 0.730954 152.162 -0.0141128 0.997493 -0.0693378 -11.7635 -0.733312 0.0368162 0.678895 116.491 
0.675667 0.0620821 0.734588 152.823 -0.0162466 0.99746 -0.0693546 -11.822 -0.737028 0.034926 0.674959 117.106 
0.670761 0.0617091 0.739102 153.49 -0.0154118 0.997477 -0.0692946 -11.8801 -0.741514 0.0350892 0.67002 117.716 
0.665133 0.0644657 0.743937 154.159 -0.018062 0.997364 -0.0702777 -11.9378 -0.746507 0.033307 0.664544 118.323 
0.658852 0.0718033 0.748838 154.829 -0.022175 0.996856 -0.0760745 -12 -0.751946 0.0335163 0.658372 118.927 
0.652671 0.077463 0.753671 155.506 -0.0249962 0.99642 -0.0807664 -12.0615 -0.757229 0.0338749 0.65227 119.525 
0.646318 0.0799305 0.75887 156.197 -0.0248496 0.996176 -0.0837614 -12.1246 -0.762663 0.0352789 0.645833 120.121 
0.639725 0.0744188 0.764993 156.906 -0.0255177 0.996809 -0.0756309 -12.1882 -0.768181 0.0288621 0.639582 120.72 
0.632673 0.0705113 0.771202 157.621 -0.0314058 0.997363 -0.0654248 -12.2505 -0.773782 0.0171723 0.633219 121.324 
0.625558 0.0657145 0.777405 158.344 -0.0306753 0.997748 -0.0596565 -12.3084 -0.779574 0.0134715 0.626165 121.915 
0.618377 0.0667869 0.783039 159.074 -0.0353 0.997737 -0.0572221 -12.3561 -0.785089 0.00774356 0.619335 122.503 
0.610389 0.0682548 0.789156 159.811 -0.033897 0.997619 -0.0600666 -12.4045 -0.791376 0.00991396 0.611249 123.08 
0.604014 0.068129 0.794056 160.558 -0.0281354 0.997541 -0.064186 -12.4607 -0.796477 0.0164281 0.604446 123.643 
0.597102 0.0765812 0.798501 161.304 -0.026981 0.996787 -0.0754223 -12.5179 -0.801711 0.0234905 0.59725 124.204 
0.589784 0.0776599 0.803818 162.063 -0.023067 0.996579 -0.0793583 -12.5784 -0.807232 0.0282626 0.589558 124.76 
0.582841 0.0733732 0.809267 162.834 -0.0201926 0.996915 -0.0758437 -12.647 -0.812335 0.0278636 0.582525 125.316 
0.575775 0.0675282 0.814815 163.609 -0.0160891 0.997326 -0.0712848 -12.7157 -0.81745 0.0279344 0.575322 125.859 
0.568816 0.0667903 0.819748 164.377 -0.0156107 0.997394 -0.0704322 -12.7805 -0.822316 0.0272662 0.568377 126.395 
0.561743 0.0685121 0.82447 165.137 -0.0171618 0.997316 -0.0711823 -12.842 -0.827134 0.0258368 0.561411 126.921 
0.555796 0.0660515 0.828691 165.899 -0.012173 0.997378 -0.0713326 -12.9038 -0.83123 0.0295588 0.555143 127.431 
0.550724 0.0600612 0.832524 166.664 -0.00710097 0.997709 -0.0672809 -12.9664 -0.834657 0.0311415 0.549889 127.932 
0.545822 0.057478 0.835927 167.42 -0.00675452 0.997914 -0.0642057 -13.028 -0.837874 0.0293986 0.545072 128.429 
0.541441 0.0564123 0.838844 168.17 -0.00830559 0.998057 -0.0617584 -13.0853 -0.840697 0.0264715 0.540858 128.92 
