1 2.7131e-13 6.98043e-13 1.66533e-18 2.7131e-13 1 7.17711e-12 9.99201e-18 6.98043e-13 7.17711e-12 1 -1.33227e-17 
0.999991 -0.00259838 -0.00328192 -0.00321019 0.00259138 0.999994 -0.00212376 -0.00540144 0.00328752 0.00211513 0.999992 0.677072 
0.999973 -0.00127224 -0.00727635 -0.0143441 0.00124527 0.999992 -0.00369093 -0.00880939 0.00728109 0.00368155 0.999967 1.37092 
0.999936 -0.00130364 -0.0111278 -0.0297198 0.00124584 0.999985 -0.00517714 -0.0128995 0.0111346 0.00516251 0.999925 2.08126 
0.999871 -3.18367e-05 -0.0159811 -0.0475199 -6.03181e-05 0.999983 -0.00574937 -0.0206133 0.0159811 0.0057491 0.999855 2.80706 
0.999792 -0.00105319 -0.0202755 -0.0668435 0.000932605 0.999982 -0.005954 -0.0308024 0.0202814 0.00593276 0.999775 3.54909 
0.999692 0.000648753 -0.0247252 -0.0930185 -0.000827541 0.999974 -0.00721748 -0.0400579 0.0247199 0.00723481 0.999666 4.30433 
0.999554 0.00324841 -0.029542 -0.124497 -0.00348093 0.999963 -0.00782646 -0.0500645 0.0295155 0.0079257 0.999529 5.07283 
0.999419 0.0035934 -0.033742 -0.157683 -0.00380721 0.999972 -0.00632009 -0.0593332 0.0337184 0.0064447 0.999406 5.85684 
0.999264 0.00280426 -0.0380983 -0.19214 -0.00294619 0.999987 -0.00377486 -0.0687416 0.0380869 0.00388334 0.99926 6.65216 
0.999125 0.00250025 -0.041573 -0.22934 -0.00254545 0.999995 -0.00119627 -0.0793818 0.0415689 0.00129948 0.999126 7.45566 
0.999009 0.00395719 -0.0441717 -0.272973 -0.00403412 0.999988 -0.00181631 -0.0899353 0.0441635 0.00199177 0.999013 8.26454 
0.998912 0.00345445 -0.0463503 -0.315904 -0.00354578 0.99999 -0.00205888 -0.0975772 0.0463419 0.00221939 0.998914 9.08101 
0.998832 0.000584958 -0.0481572 -0.35626 -0.00070519 0.999993 -0.00265204 -0.1052 0.0481532 0.00267914 0.998827 9.90578 
0.998732 0.00049767 -0.0501814 -0.400898 -0.000582738 0.999994 -0.00187266 -0.114548 0.0501774 0.00189533 0.998728 10.7415 
0.998658 -0.000949901 -0.051628 -0.446453 0.000853392 0.999994 -0.00207035 -0.125258 0.0516269 0.00201942 0.998655 11.5843 
0.998559 0.00137543 -0.0535265 -0.498174 -0.00160255 0.999985 -0.00437106 -0.136398 0.053517 0.00444658 0.998548 12.4342 
0.998485 0.00181118 -0.0548644 -0.551356 -0.00218865 0.99997 -0.00698479 -0.147568 0.0548473 0.00709015 0.99846 13.2923 
0.998372 0.00570911 -0.0566284 -0.60964 -0.00619784 0.99994 -0.00861867 -0.159467 0.056573 0.0089517 0.998349 14.1583 
0.998306 0.00659135 -0.057685 -0.66656 -0.00706878 0.999937 -0.00823184 -0.173653 0.0576242 0.00862162 0.998291 15.035 
0.998233 0.00569541 -0.0590469 -0.722347 -0.00609539 0.999955 -0.00674457 -0.188531 0.0590026 0.00708814 0.998224 15.9203 
0.998144 0.00634748 -0.0604577 -0.780757 -0.006669 0.99996 -0.00526197 -0.20173 0.0604189 0.00565123 0.998148 16.8103 
0.998086 0.00593813 -0.0614526 -0.840085 -0.00625901 0.999964 -0.00516702 -0.216034 0.0614168 0.00553767 0.998088 17.7042 
0.997983 0.00581907 -0.0631181 -0.900223 -0.0062022 0.999959 -0.00600656 -0.229462 0.0630775 0.00638165 0.997979 18.6013 
0.997925 0.00438806 -0.0641509 -0.960301 -0.00482419 0.999961 -0.00677761 -0.242667 0.0641157 0.00706896 0.997908 19.5047 
0.997888 0.00451156 -0.0647155 -1.02286 -0.00484202 0.999972 -0.00508105 -0.255402 0.064688 0.00537984 0.997882 20.4143 
0.997885 0.00589114 -0.0646394 -1.08868 -0.00600137 0.999977 -0.00163709 -0.26888 0.0646254 0.0020175 0.997899 21.3334 
0.997933 0.00689614 -0.0637969 -1.1535 -0.00676834 0.999971 0.00209168 -0.279735 0.0638067 -0.00165952 0.997953 22.257 
0.998038 0.00578214 -0.0622557 -1.21394 -0.00547854 0.999969 0.00491376 -0.28693 0.0622791 -0.00456713 0.99804 23.1869 
0.998132 0.00597858 -0.0607064 -1.27378 -0.00563487 0.999965 0.00570037 -0.293612 0.0607356 -0.00535148 0.998131 24.1177 
0.998212 0.00621756 -0.0593499 -1.33345 -0.00604932 0.999974 0.00288362 -0.30083 0.0593636 -0.00252321 0.998225 25.053 
0.998259 0.00703711 -0.0584587 -1.39304 -0.0071569 0.999969 -0.0019766 -0.307809 0.0584401 0.00238771 0.998279 25.9903 
0.998334 0.00615043 -0.0572675 -1.45004 -0.00643544 0.999963 -0.00493891 -0.316758 0.0572321 0.00529532 0.998338 26.9348 
0.998386 0.00359671 -0.0565638 -1.50444 -0.00381572 0.999982 -0.00390976 -0.328372 0.0565455 0.00411529 0.998383 27.8884 
0.998378 0.0017357 -0.0567981 -1.55975 -0.00166993 0.999994 0.00105927 -0.339499 0.0567965 -0.000966844 0.998377 28.8496 
0.99833 -0.00202759 -0.057624 -1.61389 0.00230173 0.999983 0.00455314 -0.351057 0.0576105 -0.00468262 0.99832 29.8146 
0.998226 -0.00946624 -0.0586842 -1.66253 0.00972333 0.999941 0.00396314 -0.360277 0.0586401 -0.004531 0.998261 30.7766 
0.998116 -0.0116971 -0.06014 -1.71815 0.0117302 0.999927 6.59902e-05 -0.366955 0.060132 -0.000775054 0.998182 31.7404 
0.998032 -0.011493 -0.0615422 -1.78179 0.0112856 0.999925 -0.00384575 -0.377168 0.0615786 0.00313962 0.998089 32.7077 
0.997912 -0.0102309 -0.0636748 -1.84713 0.00996629 0.999935 -0.00460243 -0.38925 0.0637148 0.00395455 0.997952 33.6828 
0.997858 -0.0102812 -0.0645188 -1.9138 0.0101041 0.99994 -0.00319408 -0.403239 0.064545 0.0025317 0.997903 34.6662 
0.997809 -0.00720873 -0.0656857 -1.98558 0.00720928 0.99997 -0.000347617 -0.41805 0.0656835 -0.000130537 0.997832 35.651 
0.997721 -0.00726679 -0.0670032 -2.05471 0.00735756 0.999968 0.000988187 -0.430739 0.0669908 -0.00148295 0.997744 36.6357 
0.997659 -0.00595505 -0.0680375 -2.12402 0.00622046 0.99997 0.00356931 -0.440203 0.0680113 -0.003988 0.997668 37.6213 
0.997664 -0.00609209 -0.067951 -2.19343 0.00656784 0.999953 0.00666673 -0.450112 0.0679045 -0.00710114 0.997658 38.6095 
0.997645 -0.000278042 -0.0685055 -2.27146 0.000900327 0.999956 0.00893551 -0.456049 0.0684971 -0.00897998 0.997603 39.5941 
0.997634 -0.000392205 -0.0686471 -2.34416 0.00098362 0.99996 0.00846906 -0.464014 0.0686382 -0.00852077 0.997597 40.5744 
0.997641 -0.000306877 -0.0685581 -2.41425 0.00078039 0.999973 0.00676827 -0.468279 0.0685514 -0.00680974 0.997617 41.5529 
0.997643 0.00193175 -0.0685012 -2.48962 -0.00161485 0.999985 0.00456332 -0.476132 0.0685059 -0.00444594 0.997632 42.5282 
0.997574 0.00154705 -0.0695086 -2.56029 -0.00121886 0.999985 0.00464551 -0.485995 0.0695116 -0.00455364 0.997563 43.5036 
0.997487 -0.000425104 -0.0707534 -2.6293 0.000848256 0.999979 0.00583772 -0.494251 0.0707464 -0.00588721 0.997469 44.48 
0.997429 0.000108959 -0.0715807 -2.70339 0.000394788 0.999972 0.00691151 -0.504168 0.0715765 -0.00692596 0.997403 45.451 
0.997411 0.00255902 -0.0717767 -2.78136 -0.00231334 0.999988 0.00340523 -0.515969 0.0717819 -0.00323446 0.997408 46.4134 
0.997353 0.00306972 -0.0725569 -2.85839 -0.00312738 0.999991 -0.000790287 -0.525811 0.0725509 0.00101113 0.997356 47.3722 
0.997308 0.00391189 -0.0731468 -2.93374 -0.00406248 0.999986 -0.00201539 -0.53719 0.0731352 0.00230337 0.997311 48.3314 
0.997303 0.00273479 -0.0732627 -3.00657 -0.00262004 0.999991 0.00155534 -0.551646 0.0732633 -0.0013634 0.997303 49.2932 
0.997288 0.000815641 -0.073509 -3.07732 -0.000465181 0.999985 0.00467831 -0.564286 0.0735089 -0.00463521 0.997276 50.2507 
0.997271 -0.00103204 -0.0737452 -3.149 0.00143875 0.999981 0.00535748 -0.575292 0.0737353 -0.00545307 0.997255 51.201 
0.997252 -0.0041603 -0.0738997 -3.21915 0.00448567 0.999977 0.00413565 -0.585514 0.0738779 -0.0044599 0.99725 52.1465 
0.997204 -0.00690868 -0.0743343 -3.2885 0.00714607 0.999967 0.00282433 -0.595729 0.0743096 -0.00335134 0.997222 53.088 
0.997111 -0.00845281 -0.0754125 -3.36049 0.00878991 0.999949 0.00403545 -0.605184 0.0753717 -0.0046904 0.997137 54.0298 
0.996992 -0.0115133 -0.0765691 -3.43048 0.0121819 0.999889 0.00816877 -0.612787 0.0764635 -0.0090809 0.997023 54.9711 
0.996933 -0.0124235 -0.0771904 -3.50203 0.013487 0.999819 0.0131741 -0.617859 0.07701 -0.0141784 0.996922 55.9108 
0.996914 -0.0106704 -0.0777066 -3.58063 0.0119125 0.999807 0.0154399 -0.621767 0.0775241 -0.0163214 0.996849 56.8427 
0.996814 -0.00956894 -0.0791125 -3.65826 0.0105225 0.999875 0.0115596 -0.626786 0.0789895 -0.0123591 0.996792 57.7612 
0.996723 -0.00805139 -0.0804156 -3.73582 0.0083873 0.999954 0.00375311 -0.632028 0.0803793 -0.0044187 0.996747 58.6671 
0.996669 -0.00639258 -0.0812401 -3.81469 0.00633288 0.999976 -0.00108242 -0.64079 0.0812429 0.000561484 0.996687 59.5651 
0.996604 -0.00145016 -0.0822739 -3.89883 0.00144934 0.999996 -0.000158362 -0.653005 0.0822715 3.56416e-05 0.996602 60.4589 
0.996531 0.00135856 -0.0831471 -3.98121 -0.00117568 0.999993 0.00216398 -0.668095 0.0831471 -0.00206195 0.996528 61.3406 
0.99643 0.00392345 -0.084277 -4.06059 -0.00361102 0.999983 0.00377784 -0.683279 0.084288 -0.00346334 0.996428 62.2074 
0.996337 0.00460574 -0.0853368 -4.13929 -0.00431587 0.999981 0.00349795 -0.692823 0.085349 -0.00311981 0.996339 63.0588 
0.996189 0.00633528 -0.0869272 -4.2188 -0.00597293 0.999969 0.00434687 -0.703564 0.0869499 -0.00381395 0.996198 63.8995 
0.996066 0.00718861 -0.0882582 -4.29651 -0.00676796 0.999961 0.00498526 -0.716892 0.0882882 -0.00437142 0.996079 64.7258 
0.995935 0.0071082 -0.0897418 -4.37343 -0.00663626 0.99996 0.00548189 -0.728071 0.0897749 -0.00486706 0.995943 65.5401 
0.995823 0.00697751 -0.0909872 -4.45 -0.00640443 0.999955 0.00651497 -0.73569 0.0910264 -0.00590787 0.995824 66.3412 
0.995685 0.00973373 -0.0922381 -4.53138 -0.00891776 0.999915 0.0091796 -0.742551 0.0923174 -0.00832007 0.995687 67.131 
0.995558 0.0112263 -0.0934292 -4.61069 -0.0100173 0.999858 0.0133277 -0.748771 0.0935634 -0.0123355 0.99553 67.9077 
0.995364 0.0143945 -0.0950542 -4.69028 -0.0130121 0.999798 0.0150782 -0.754335 0.0952501 -0.0137739 0.995351 68.666 
0.995194 0.0172078 -0.0963505 -4.77103 -0.0162137 0.999805 0.0110278 -0.762647 0.0965197 -0.00941517 0.99528 69.4018 
0.995071 0.0171948 -0.0976165 -4.8475 -0.0168989 0.999847 0.00379399 -0.772425 0.0976647 -0.00212843 0.995211 70.1142 
0.994942 0.0163051 -0.0990804 -4.91872 -0.0165826 0.999857 -0.00203866 -0.779958 0.0990312 0.00366883 0.995072 70.8102 
0.994889 0.0171557 -0.0994681 -4.99283 -0.0175618 0.999837 -0.00327437 -0.786651 0.0993938 0.00500203 0.995029 71.49 
0.99477 0.0199415 -0.100136 -5.06786 -0.0200017 0.999796 0.00033833 -0.79957 0.100121 0.00166405 0.994968 72.1536 
0.994637 0.0202081 -0.101391 -5.13709 -0.0200247 0.999793 0.00276623 -0.817566 0.101425 -0.000723866 0.994837 72.7946 
0.994595 0.0170906 -0.102383 -5.20159 -0.0172219 0.999848 -0.000456335 -0.830889 0.102358 0.00221442 0.994739 73.4133 
0.994706 0.00899125 -0.10233 -5.2552 -0.00960874 0.999935 -0.00559885 -0.844648 0.102271 0.00654977 0.994729 74.014 
0.994839 0.004935 -0.101313 -5.30987 -0.00601483 0.999925 -0.0104149 -0.856758 0.101252 0.0109681 0.994795 74.5981 
0.995138 0.00741492 -0.0981732 -5.36993 -0.00849221 0.999904 -0.0106216 -0.869152 0.0980833 0.0114017 0.995106 75.1701 
0.995487 0.0124205 -0.094044 -5.43174 -0.0131883 0.999881 -0.00761027 -0.882115 0.0939362 0.00881396 0.995533 75.7288 
0.995931 0.0108635 -0.0894167 -5.47825 -0.0113103 0.999923 -0.00455639 -0.893615 0.089358 0.00554671 0.995978 76.2756 
0.996457 0.00714064 -0.0837586 -5.51374 -0.00718724 0.99997 -0.000324326 -0.905971 0.0837517 0.000923068 0.996481 76.8112 
0.99713 0.00275024 -0.0756229 -5.54316 -0.00250917 0.999989 0.0032124 -0.920345 0.075629 -0.00301553 0.997126 77.3348 
0.997869 0.00637721 -0.0648822 -5.57659 -0.00618726 0.999973 0.0030448 -0.929361 0.0648982 -0.0026386 0.997883 77.8426 
0.998692 0.0116107 -0.04973 -5.60578 -0.0114937 0.999927 0.00253327 -0.937067 0.0497539 -0.0019602 0.998755 78.3382 
0.999355 0.016678 -0.0317 -5.62046 -0.0165833 0.999855 0.00308007 -0.943089 0.031745 -0.00255422 0.999488 78.824 
0.999837 0.0150829 -0.00970925 -5.61158 -0.0150439 0.999877 0.00356231 -0.948637 0.00975986 -0.0034175 0.999941 79.2971 
0.999795 0.0116069 0.0164294 -5.58443 -0.0116774 0.999918 0.00450121 -0.956468 -0.0163777 -0.00469377 0.99985 79.7575 
0.998888 0.0105245 0.0459105 -5.54438 -0.0108088 0.99992 0.00605064 -0.963992 -0.045845 -0.00654158 0.998923 80.2098 
0.996826 0.0101287 0.0789421 -5.48979 -0.0107495 0.999911 0.00749804 -0.970976 -0.0788609 -0.00832414 0.996847 80.6543 
0.993149 0.0100917 0.116399 -5.417 -0.0110961 0.999903 0.00801749 -0.977039 -0.116308 -0.00925525 0.993165 81.0902 
0.987376 0.0103447 0.158048 -5.32531 -0.0117406 0.999897 0.00792373 -0.981322 -0.157951 -0.00968017 0.987395 81.5182 
0.97908 0.0100959 0.203222 -5.21378 -0.0119393 0.999894 0.00786257 -0.98764 -0.203122 -0.0101252 0.979097 81.9337 
0.967581 0.0122637 0.252258 -5.08345 -0.0141876 0.99988 0.0058194 -0.997427 -0.252158 -0.00921027 0.967638 82.3348 
0.95212 0.0132543 0.305435 -4.93113 -0.0148468 0.999882 0.00289807 -1.00634 -0.305361 -0.00729444 0.952205 82.7189 
0.932368 0.0135835 0.361256 -4.75486 -0.0148148 0.999887 0.000642014 -1.01313 -0.361208 -0.00595073 0.932463 83.0867 
0.908087 0.0143607 0.418535 -4.55701 -0.0151476 0.999881 -0.00144105 -1.01779 -0.418507 -0.00503129 0.908196 83.4383 
0.879089 0.0145988 0.476433 -4.33641 -0.0146219 0.999882 -0.00365957 -1.02254 -0.476431 -0.00374923 0.879199 83.77 
0.845671 0.0130787 0.533544 -4.09401 -0.0117767 0.999909 -0.00584672 -1.0314 -0.533573 -0.00133889 0.845749 84.0783 
0.808832 0.0126969 0.587903 -3.83218 -0.0106142 0.999915 -0.00699541 -1.04368 -0.587943 -0.000581856 0.808898 84.3706 
0.768849 0.0113842 0.639329 -3.55299 -0.00977165 0.99993 -0.00605829 -1.05473 -0.639353 -0.00158925 0.768906 84.6469 
0.725904 0.0110473 0.687707 -3.25774 -0.0113487 0.999923 -0.00408892 -1.06289 -0.687699 -0.00483633 0.725973 84.908 
0.680541 0.0100335 0.73264 -2.94627 -0.0105902 0.999932 -0.00386317 -1.07052 -0.732629 -0.00512975 0.680601 85.1453 
0.633847 0.00872574 0.773408 -2.6203 -0.00740717 0.999955 -0.00521799 -1.07957 -0.773418 -0.00242138 0.633882 85.3573 
0.58692 0.00610361 0.809619 -2.28049 -0.00189973 0.999974 -0.00616935 -1.08928 -0.809636 0.00208267 0.586917 85.5462 
0.540042 0.00814949 0.841596 -1.9364 -0.00385673 0.999961 -0.00721698 -1.10018 -0.841621 0.00065121 0.540053 85.7248 
0.492534 0.0110244 0.87022 -1.58636 -0.00778777 0.99993 -0.00826899 -1.11077 -0.87025 -0.0027048 0.492586 85.8915 
0.446946 0.013126 0.894461 -1.22809 -0.0084992 0.999904 -0.0104361 -1.12058 -0.894512 -0.00293856 0.447015 86.036 
0.40464 0.0105819 0.914411 -0.85837 -0.00116564 0.999933 -0.0110652 -1.12703 -0.914466 0.0034112 0.404625 86.1524 
0.365217 0.00302853 0.930913 -0.475852 0.0140252 0.999858 -0.00876549 -1.13061 -0.930807 0.0162569 0.365123 86.2455 
0.329922 -0.000580484 0.944003 -0.0920074 0.0183389 0.999809 -0.00580584 -1.13391 -0.94382 0.0192268 0.32987 86.3407 
0.296794 0.00349117 0.95493 0.290615 0.0158354 0.999831 -0.00858901 -1.14168 -0.954798 0.0176697 0.29669 86.4412 
0.265644 0.0111418 0.964001 0.674216 0.00508073 0.999896 -0.0129686 -1.15681 -0.964046 0.00834169 0.265562 86.5463 
0.237246 0.0154726 0.971321 1.06973 0.000390421 0.999866 -0.0160339 -1.1749 -0.971438 0.00418211 0.237209 86.6352 
0.211618 0.0171538 0.977196 1.47733 0.00172469 0.999832 -0.017936 -1.19066 -0.97734 0.00547994 0.211553 86.7039 
0.188289 0.0184889 0.981934 1.8959 0.00918745 0.999741 -0.0205967 -1.20169 -0.98206 0.0128983 0.188073 86.7572 
0.168272 0.0247956 0.985423 2.3217 0.0163619 0.999469 -0.0279548 -1.2018 -0.985593 0.020826 0.167778 86.8023 
0.148613 0.031621 0.988383 2.75732 0.0185844 0.999216 -0.0347743 -1.20248 -0.988708 0.0235357 0.14791 86.8529 
0.130968 0.0324382 0.990849 3.20946 0.0161239 0.999256 -0.0348571 -1.21693 -0.991243 0.0205411 0.130348 86.9085 
0.115488 0.0279817 0.992909 3.67853 0.0142045 0.999448 -0.0298302 -1.24106 -0.993196 0.0175481 0.115028 86.9576 
0.100975 0.0247158 0.994576 4.15837 0.0145606 0.999541 -0.0263293 -1.26242 -0.994771 0.0171393 0.10057 86.9984 
0.0877375 0.0222623 0.995889 4.6525 0.0169545 0.999565 -0.02385 -1.27985 -0.995988 0.0189765 0.0873229 87.0313 
0.0761826 0.0214413 0.996858 5.15966 0.0208182 0.99951 -0.023101 -1.29508 -0.996865 0.0225117 0.0757 87.0581 
0.0660734 0.0220939 0.997565 5.68005 0.0240395 0.999423 -0.023739 -1.31023 -0.997514 0.0255484 0.0655053 87.0824 
0.0581986 0.0226436 0.998043 6.21658 0.0261016 0.999359 -0.024207 -1.32602 -0.997952 0.0274585 0.0575713 87.1072 
0.052636 0.0229943 0.998345 6.77087 0.0278686 0.999305 -0.0244969 -1.34238 -0.998214 0.029111 0.0519597 87.1309 
0.0470913 0.0240986 0.998595 7.34131 0.0291214 0.999244 -0.0254987 -1.35895 -0.998455 0.0302804 0.0463551 87.1534 
0.0411183 0.0248017 0.998842 7.92993 0.0296388 0.999215 -0.026042 -1.37602 -0.998703 0.0306745 0.0403519 87.1745 
0.0368087 0.024851 0.999009 8.5356 0.0320973 0.999138 -0.0260476 -1.39448 -0.998796 0.0330236 0.0359803 87.1917 
0.0339025 0.0248279 0.999113 9.15928 0.0336277 0.99909 -0.025979 -1.41346 -0.998849 0.0344777 0.0330379 87.2083 
0.0308326 0.0243736 0.999223 9.80029 0.0344875 0.999074 -0.0254445 -1.43302 -0.998919 0.0352445 0.0299645 87.2265 
0.0284032 0.0238268 0.999309 10.4579 0.0365038 0.999018 -0.0248671 -1.45276 -0.99892 0.0371841 0.0275066 87.2422 
0.0277474 0.0234896 0.999335 11.1311 0.0409775 0.998849 -0.0246253 -1.47281 -0.998764 0.0416329 0.026754 87.2545 
0.0288037 0.0231271 0.999315 11.82 0.0445311 0.998702 -0.0244056 -1.49381 -0.998583 0.0452028 0.0277376 87.2682 
0.0312511 0.0230634 0.999243 12.525 0.0462907 0.99862 -0.0245054 -1.51449 -0.998429 0.0470208 0.0301415 87.2888 
0.0351136 0.0229991 0.999116 13.2452 0.0487993 0.998496 -0.024708 -1.53626 -0.998182 0.0496233 0.0339395 87.3124 
0.0394468 0.0225616 0.998965 13.9826 0.0492022 0.998481 -0.0245014 -1.55705 -0.998 0.0501173 0.0382776 87.3407 
0.0434781 0.0209319 0.998833 14.7354 0.0506618 0.99844 -0.0231366 -1.57847 -0.997759 0.0516081 0.042351 87.3731 
0.0474713 0.019378 0.998683 15.503 0.0505578 0.998476 -0.0217848 -1.60038 -0.997583 0.0515249 0.0464204 87.4121 
0.0515891 0.0172797 0.998517 16.2852 0.0474753 0.998669 -0.0197428 -1.62301 -0.99753 0.048423 0.0507012 87.4583 
0.055619 0.0162454 0.998318 17.0783 0.046668 0.998725 -0.0188596 -1.64406 -0.997351 0.047638 0.054791 87.5085 
0.0596536 0.0171999 0.998069 17.8749 0.0438904 0.998832 -0.0198439 -1.66765 -0.997245 0.0449888 0.0588303 87.5625 
0.0628168 0.021256 0.997796 18.6738 0.0418012 0.998832 -0.0239173 -1.6951 -0.99714 0.0432107 0.0618566 87.6181 
0.0640791 0.0265539 0.99759 19.4756 0.0360039 0.998926 -0.0289099 -1.72268 -0.997286 0.0377691 0.0630553 87.68 
0.0639246 0.0296173 0.997514 20.2827 0.0331161 0.998938 -0.0317895 -1.75425 -0.997395 0.0350653 0.0628771 87.7377 
0.0640326 0.029088 0.997522 21.091 0.0308111 0.999033 -0.0311173 -1.78869 -0.997462 0.0327269 0.0630751 87.7946 
0.0639947 0.0272232 0.997577 21.903 0.0279704 0.999178 -0.0290686 -1.82566 -0.997548 0.0297622 0.063182 87.8533 
0.0638336 0.0260751 0.997618 22.7123 0.0289754 0.999181 -0.0279773 -1.85821 -0.99753 0.0306919 0.0630267 87.9073 
0.0642899 0.0253919 0.997607 23.5215 0.0264531 0.999273 -0.0271463 -1.89253 -0.997571 0.0281345 0.0635728 87.964 
0.064394 0.025708 0.997592 24.3281 0.0248607 0.999309 -0.0273638 -1.92698 -0.997605 0.0265623 0.0637118 88.0217 
0.0645005 0.0262881 0.99757 25.1334 0.0219914 0.999365 -0.0277641 -1.96089 -0.997666 0.0237283 0.0638827 88.0803 
0.0632966 0.0276274 0.997611 25.9356 0.0192208 0.999389 -0.0289028 -1.99462 -0.9978 0.0210037 0.0627284 88.1374 
0.0604659 0.0272346 0.997797 26.7385 0.0162498 0.99946 -0.0282714 -2.02777 -0.998029 0.0179231 0.0599919 88.1932 
0.0565719 0.0259293 0.998061 27.5414 0.0137752 0.999539 -0.0267551 -2.0608 -0.998294 0.0152617 0.0561897 88.2449 
0.051724 0.0235238 0.998383 28.3451 0.011811 0.99963 -0.0241714 -2.09304 -0.998582 0.0130416 0.0514282 88.2917 
0.0454639 0.0214536 0.998734 29.1457 0.00965 0.999705 -0.0219201 -2.12493 -0.998911 0.0106338 0.0452448 88.3325 
0.0380805 0.0216477 0.999039 29.9407 0.00920226 0.999708 -0.0220191 -2.15624 -0.999223 0.0100313 0.0378717 88.3647 
0.0293787 0.0226304 0.99931 30.7325 0.00896166 0.999689 -0.0229085 -2.18536 -0.999519 0.00962796 0.0291684 88.3887 
0.0194414 0.0230505 0.999544 31.5229 0.0093322 0.999679 -0.0232411 -2.21337 -0.999759 0.00977934 0.0192212 88.4043 
0.00919886 0.0220384 0.999714 32.312 0.0104748 0.999692 -0.0221403 -2.24284 -0.999894 0.0106751 0.00896631 88.4108 
-0.00157597 0.0210315 0.999777 33.0978 0.0094159 0.999727 -0.0210216 -2.27266 -0.999945 0.00938013 -0.00177208 88.4106 
-0.012647 0.0202194 0.999715 33.8801 0.0107902 0.999732 -0.0200892 -2.30022 -0.999853 0.0105325 -0.0128603 88.3981 
-0.02367 0.0205483 0.999508 34.6575 0.0109872 0.999725 -0.0202985 -2.32858 -0.99965 0.0105007 -0.0238878 88.3793 
-0.0346788 0.0211262 0.999174 35.4308 0.0112633 0.999713 -0.0207526 -2.35755 -0.999326 0.0105338 -0.0349052 88.3516 
-0.045321 0.0221728 0.998725 36.198 0.0108541 0.999697 -0.0217077 -2.38563 -0.998905 0.00985595 -0.0455464 88.3175 
-0.0556179 0.0232116 0.998181 36.9583 0.01182 0.999667 -0.0225932 -2.41287 -0.998373 0.0105414 -0.0558721 88.2738 
-0.0650452 0.0239174 0.997595 37.7127 0.0126295 0.999644 -0.0231488 -2.44075 -0.997793 0.011093 -0.0653226 88.222 
-0.0746532 0.0243715 0.996911 38.4582 0.013307 0.999628 -0.0234471 -2.4705 -0.997112 0.011515 -0.0749482 88.164 
-0.0839705 0.0246647 0.996162 39.1966 0.0140453 0.999615 -0.0235718 -2.49975 -0.99636 0.0120116 -0.0842829 88.1002 
-0.0925319 0.024192 0.995415 39.9271 0.0151891 0.999614 -0.0228876 -2.52775 -0.995585 0.0130013 -0.0928622 88.0294 
-0.0997999 0.0230287 0.99474 40.6506 0.0169443 0.999618 -0.021447 -2.55599 -0.994854 0.0147144 -0.100151 87.953 
-0.10498 0.0213617 0.994244 41.3656 0.0197525 0.999608 -0.0193967 -2.58311 -0.994269 0.0176021 -0.10536 87.873 
-0.108757 0.0197645 0.993871 42.0692 0.0227516 0.999581 -0.0173935 -2.6085 -0.993799 0.0207201 -0.10916 87.791 
-0.111552 0.018629 0.993583 42.7654 0.0242869 0.999568 -0.0160197 -2.63249 -0.993453 0.0223436 -0.111954 87.7131 
-0.113237 0.0177298 0.993408 43.4439 0.0245715 0.999576 -0.0150441 -2.65604 -0.993255 0.0227056 -0.113623 87.6346 
-0.114029 0.0181273 0.993311 44.1085 0.0253476 0.999553 -0.0153363 -2.67921 -0.993145 0.0234288 -0.114436 87.5586 
-0.11305 0.0191471 0.993404 44.7588 0.0261784 0.999516 -0.0162906 -2.70201 -0.993236 0.0241637 -0.113495 87.4828 
-0.110109 0.020742 0.993702 45.3916 0.0271462 0.999463 -0.0178591 -2.72476 -0.993539 0.0250084 -0.110612 87.4131 
-0.104913 0.0212527 0.994253 46.0097 0.0272097 0.999449 -0.0184971 -2.74668 -0.9941 0.0251124 -0.105432 87.3506 
-0.0968964 0.0219631 0.995051 46.6086 0.0267392 0.999444 -0.0194602 -2.7694 -0.994926 0.0247209 -0.0974282 87.2974 
-0.0857297 0.0218884 0.996078 47.1873 0.0256864 0.999467 -0.0197559 -2.7929 -0.995978 0.0238917 -0.0862447 87.255 
-0.0719857 0.0221675 0.997159 47.7471 0.0249325 0.999472 -0.0204227 -2.81615 -0.997085 0.0233913 -0.0724986 87.224 
-0.0547587 0.0235009 0.998222 48.2901 0.0240784 0.999455 -0.0222121 -2.83871 -0.9982 0.022819 -0.0552929 87.2059 
-0.0334607 0.0260267 0.9991 48.8218 0.0224903 0.999419 -0.0252843 -2.86177 -0.999178 0.0216237 -0.0340249 87.2017 
-0.00883547 0.0290171 0.99954 49.35 0.0205354 0.999365 -0.0288326 -2.88572 -0.999742 0.020271 -0.00942402 87.2139 
0.0194642 0.0307519 0.999337 49.8759 0.0187008 0.999333 -0.0311175 -2.90939 -0.999628 0.019294 0.0188779 87.2431 
0.0526261 0.03028 0.998155 50.4025 0.0165772 0.999367 -0.0311921 -2.93134 -0.998469 0.018188 0.0520924 87.2911 
0.0907025 0.027899 0.995487 50.9254 0.0154758 0.99944 -0.0294205 -2.95308 -0.99575 0.0180745 0.0902216 87.359 
0.132762 0.0240984 0.990855 51.4417 0.0131604 0.999565 -0.0260736 -2.97781 -0.991053 0.0165017 0.132388 87.4515 
0.177854 0.01975 0.983859 51.9522 0.0105526 0.999695 -0.021975 -3.00096 -0.983993 0.0142907 0.177593 87.5717 
0.226059 0.0165098 0.973974 52.4514 0.0060551 0.999806 -0.018352 -3.02165 -0.974087 0.0100463 0.225917 87.7198 
0.277291 0.0150146 0.960668 52.9371 0.0023637 0.999857 -0.0163076 -3.04055 -0.960775 0.00679288 0.277218 87.8957 
0.33181 0.0147236 0.943231 53.4076 0.001568 0.999861 -0.0161568 -3.05745 -0.943338 0.00684025 0.331742 88.0967 
0.389574 0.0152456 0.920868 53.8576 0.00371755 0.999822 -0.0181225 -3.07443 -0.920981 0.0104838 0.38945 88.322 
0.44909 0.0184793 0.893295 54.2831 0.00461824 0.999719 -0.0229991 -3.09357 -0.893469 0.0144546 0.448879 88.5748 
0.508595 0.0215769 0.860734 54.6833 0.00596151 0.999569 -0.0285755 -3.11295 -0.860979 0.0196652 0.508248 88.8503 
0.56667 0.0256389 0.823544 55.0597 0.00204874 0.999464 -0.0325202 -3.12972 -0.823936 0.020116 0.566315 89.1569 
0.622395 0.0281534 0.782195 55.4094 -0.0013964 0.999386 -0.0348534 -3.14687 -0.782696 0.0206008 0.622053 89.4896 
0.675182 0.0287661 0.737088 55.7368 -0.00276219 0.999326 -0.0364632 -3.16503 -0.73764 0.0225837 0.674807 89.8422 
0.724199 0.0264623 0.68908 56.0376 -0.00276967 0.999362 -0.035459 -3.18592 -0.689579 0.023771 0.723811 90.2121 
0.769307 0.0229514 0.638465 56.3146 -0.00482849 0.99953 -0.0301036 -3.20417 -0.638856 0.0200764 0.769056 90.6104 
0.81055 0.0178056 0.585395 56.5652 -0.00529944 0.999716 -0.02306 -3.2201 -0.58564 0.0155891 0.810414 91.0288 
0.847088 0.0149716 0.531238 56.7867 -0.00726298 0.999831 -0.0165851 -3.23524 -0.531397 0.0101906 0.847054 91.4603 
0.878341 0.0112715 0.477897 56.9879 -0.00778588 0.999922 -0.00926091 -3.24772 -0.477965 0.00441308 0.87836 91.9055 
0.904006 0.0117146 0.427354 57.158 -0.0111567 0.999927 -0.003795 -3.26051 -0.427368 -0.00133743 0.90407 92.3587 
0.924225 0.0134817 0.381606 57.306 -0.0144731 0.999891 -0.000256693 -3.27284 -0.381568 -0.00528596 0.924319 92.8184 
0.939536 0.019344 0.341896 57.4333 -0.0214601 0.999763 0.00242425 -3.28036 -0.341768 -0.00961507 0.939728 93.2908 
0.951459 0.0235837 0.306863 57.5506 -0.0251955 0.999678 0.00130949 -3.28109 -0.306734 -0.00897791 0.951747 93.7679 
0.960785 0.0254558 0.276118 57.666 -0.026882 0.999633 0.00140065 -3.28219 -0.275982 -0.00876891 0.961117 94.2538 
0.966956 0.0199937 0.254151 57.7872 -0.0210412 0.999774 0.00142419 -3.28594 -0.254065 -0.0067252 0.967158 94.7443 
0.970961 0.0169555 0.238631 57.8999 -0.0179807 0.999832 0.00214032 -3.29418 -0.238555 -0.00636934 0.971102 95.2411 
0.973884 0.0211827 0.226051 57.999 -0.0221582 0.999749 0.00180061 -3.29783 -0.225956 -0.00676281 0.974109 95.7469 
0.975912 0.0267505 0.21651 58.0932 -0.0278948 0.999605 0.00225263 -3.29709 -0.216365 -0.00823818 0.976273 96.2608 
0.976968 0.0343888 0.210586 58.1883 -0.035358 0.999371 0.000860919 -3.29786 -0.210424 -0.00828716 0.97757 96.7873 
0.977371 0.0402614 0.20766 58.2861 -0.0405798 0.999169 -0.00270419 -3.30413 -0.207597 -0.00578415 0.978192 97.3154 
0.977488 0.041593 0.206847 58.3957 -0.0414219 0.999125 -0.00513636 -3.31563 -0.20688 -0.00354772 0.978354 97.8528 
0.977029 0.0401995 0.209271 58.5146 -0.0392452 0.999189 -0.00869082 -3.32536 -0.209451 0.00027771 0.977814 98.3996 
0.976208 0.0388937 0.213313 58.6364 -0.0365003 0.999216 -0.0151263 -3.33215 -0.213735 0.00698 0.976862 98.953 
0.975293 0.0391264 0.217416 58.766 -0.0356292 0.999162 -0.0199618 -3.33959 -0.218016 0.0117219 0.975869 99.5255 
0.974111 0.0440529 0.221731 58.8906 -0.0407501 0.998977 -0.0194293 -3.35173 -0.222361 0.00989059 0.97491 100.103 
0.972664 0.047102 0.227382 59.0217 -0.0447548 0.998874 -0.0154497 -3.36494 -0.227855 0.00485058 0.973678 100.703 
0.971646 0.0441863 0.232271 59.1646 -0.042836 0.999019 -0.0108351 -3.37862 -0.232523 0.000577897 0.972585 101.308 
0.970915 0.0398083 0.236085 59.3208 -0.0396857 0.999194 -0.00525237 -3.39089 -0.236105 -0.00426997 0.971713 101.932 
0.970117 0.0372616 0.239752 59.4766 -0.0382252 0.999265 -0.000611499 -3.4012 -0.2396 -0.00857167 0.970829 102.559 
0.969542 0.0327542 0.24272 59.6374 -0.0337667 0.999426 3.07163e-05 -3.40774 -0.24258 -0.00822594 0.970091 103.195 
0.969577 0.0293199 0.24302 59.8033 -0.0294611 0.999558 -0.00303488 -3.41712 -0.243002 -0.00421734 0.970012 103.837 
0.969702 0.0287036 0.242592 59.9666 -0.0270777 0.99958 -0.010017 -3.42726 -0.242778 0.00314455 0.970072 104.488 
0.969835 0.0310603 0.241773 60.1266 -0.0278423 0.999469 -0.0166968 -3.43739 -0.242163 0.00946167 0.970184 105.153 
0.970383 0.0341324 0.239143 60.2871 -0.0300903 0.999332 -0.0205131 -3.44634 -0.239683 0.0127095 0.970762 105.833 
0.971026 0.0324465 0.236755 60.455 -0.0294321 0.999431 -0.016235 -3.45861 -0.237147 0.00879611 0.971428 106.533 
0.971486 0.0283057 0.235395 60.628 -0.0270453 0.999594 -0.00856023 -3.47393 -0.235542 0.0019497 0.971857 107.247 
0.972062 0.0286429 0.232964 60.7966 -0.0288106 0.999578 -0.00266345 -3.49067 -0.232942 -0.00412292 0.972476 107.971 
0.97237 0.0320262 0.23123 60.9592 -0.0321133 0.999475 -0.00336755 -3.50278 -0.231217 -0.00415115 0.972888 108.7 
0.972664 0.037753 0.229121 61.1189 -0.0368978 0.999283 -0.00799625 -3.51258 -0.22926 -0.000676605 0.973359 109.438 
0.973547 0.0386293 0.22519 61.2862 -0.0365563 0.999239 -0.0133481 -3.52237 -0.225534 0.00476271 0.974218 110.184 
0.974503 0.0374392 0.221224 61.4563 -0.0347028 0.999263 -0.016223 -3.53548 -0.221668 0.00813196 0.975083 110.944 
0.975441 0.035172 0.217426 61.6269 -0.0327552 0.999352 -0.0146889 -3.55167 -0.217802 0.0072058 0.975961 111.718 
0.976312 0.0312703 0.214089 61.7995 -0.0292395 0.999489 -0.0126234 -3.56982 -0.214375 0.00606421 0.976727 112.503 
0.976719 0.0302662 0.212369 61.9689 -0.0288373 0.999532 -0.00979976 -3.58758 -0.212567 0.0034473 0.977135 113.299 
0.977086 0.0269807 0.211123 62.143 -0.0259804 0.999631 -0.00748916 -3.60109 -0.211248 0.00183227 0.977425 114.101 
0.977312 0.0218678 0.210664 62.3202 -0.0210076 0.999755 -0.00629947 -3.61419 -0.21075 0.00173086 0.977533 114.908 
0.977432 0.0226118 0.210027 62.4918 -0.0221206 0.99974 -0.00466566 -3.62793 -0.210078 -8.56905e-05 0.977679 115.724 
0.977183 0.0280924 0.210531 62.6561 -0.0273117 0.999601 -0.00659385 -3.6422 -0.210632 0.000693536 0.97756 116.543 
0.976903 0.0337284 0.210998 62.8218 -0.0323675 0.999424 -0.00987885 -3.65664 -0.21121 0.0028211 0.977432 117.365 
0.976388 0.0425633 0.211782 62.9879 -0.0410554 0.999087 -0.0114926 -3.67046 -0.212077 0.00252681 0.977245 118.196 
0.975455 0.0485374 0.214777 63.1559 -0.0472949 0.998818 -0.0109029 -3.68761 -0.215053 0.000477396 0.976597 119.034 
0.974663 0.0509899 0.217782 63.3317 -0.0502679 0.998694 -0.00883814 -3.7074 -0.217949 -0.00233345 0.975953 119.877 
0.974064 0.0515758 0.220309 63.5156 -0.0506797 0.998665 -0.00970254 -3.72514 -0.220515 -0.00171444 0.975377 120.72 
0.973704 0.0502113 0.222207 63.7031 -0.0486469 0.998735 -0.0124922 -3.74248 -0.222554 0.00135343 0.974915 121.56 
0.973745 0.0438672 0.223371 63.902 -0.0424652 0.999033 -0.0110587 -3.7617 -0.223641 0.00128261 0.974665 122.404 
0.97395 0.0372491 0.223675 64.1026 -0.0353438 0.999294 -0.0124991 -3.78397 -0.223983 0.00426778 0.97458 123.245 
0.973663 0.0366227 0.225027 64.2951 -0.0347134 0.999317 -0.0124186 -3.80703 -0.225328 0.00428009 0.974269 124.088 
0.973176 0.0392913 0.226673 64.4847 -0.0381024 0.999224 -0.00960093 -3.82491 -0.226874 0.0007064 0.973918 124.933 
0.972785 0.0414005 0.227973 64.6714 -0.041596 0.999123 -0.00393011 -3.84006 -0.227936 -0.00565959 0.973655 125.78 
0.972379 0.0448839 0.229044 64.8593 -0.0461852 0.99893 0.000338866 -3.85884 -0.228784 -0.0109079 0.973412 126.623 
0.972157 0.0442477 0.23011 65.0497 -0.0440188 0.999009 -0.00611454 -3.87751 -0.230152 -0.00418486 0.973142 127.452 
0.972426 0.0401088 0.229732 65.2471 -0.0363869 0.999127 -0.0204004 -3.89943 -0.23035 0.0114784 0.973037 128.266 
0.972693 0.0379369 0.228968 65.4454 -0.032044 0.999051 -0.0293832 -3.92214 -0.229864 0.0212441 0.972987 129.084 
0.972933 0.0351024 0.228401 65.6401 -0.031242 0.999297 -0.0204746 -3.94165 -0.228959 0.0127845 0.973346 129.922 
0.973332 0.02862 0.227602 65.8362 -0.0294832 0.999561 0.000413307 -3.96442 -0.22749 -0.00711296 0.973749 130.77 
0.973607 0.0251939 0.226831 66.0296 -0.0295141 0.999439 0.0156899 -3.9863 -0.226309 -0.0219708 0.973803 131.609 
0.973634 0.0297734 0.226159 66.208 -0.032878 0.999406 0.00998987 -3.99649 -0.225727 -0.0171618 0.974035 132.426 
0.973774 0.0381316 0.224294 66.3797 -0.0377313 0.999267 -0.0060537 -4.00262 -0.22436 -0.00256758 0.974499 133.23 
0.974054 0.0383832 0.223031 66.56 -0.0361801 0.999245 -0.0139376 -4.0108 -0.223396 0.00550685 0.974708 134.039 
0.974666 0.0343241 0.221009 66.7449 -0.0318727 0.999382 -0.0146295 -4.03351 -0.221374 0.00721489 0.975157 134.854 
0.975273 0.0340466 0.21836 66.9225 -0.0320013 0.999401 -0.0128796 -4.06086 -0.218667 0.00557356 0.97578 135.671 
0.976091 0.0336642 0.214732 67.0939 -0.0313426 0.999405 -0.0141888 -4.07801 -0.215081 0.0071195 0.976566 136.486 
0.977104 0.034734 0.209898 67.2631 -0.0321197 0.999355 -0.015832 -4.09798 -0.210312 0.00872805 0.97759 137.295 
0.977523 0.0398237 0.20703 67.4197 -0.0373628 0.999174 -0.0157659 -4.12302 -0.207486 0.00767676 0.978204 138.106 
0.977676 0.0459416 0.20503 67.5713 -0.0435532 0.998917 -0.0161285 -4.14247 -0.205548 0.00683911 0.978619 138.915 
0.977973 0.047371 0.203276 67.729 -0.0454384 0.998864 -0.0141464 -4.16555 -0.203715 0.00459845 0.979015 139.724 
0.978297 0.0452599 0.2022 67.8905 -0.0443029 0.998972 -0.009239 -4.18724 -0.20241 8.06443e-05 0.979297 140.531 
0.978648 0.0438786 0.200798 68.0503 -0.0429 0.999034 -0.00920478 -4.20786 -0.201007 0.000394162 0.979585 141.334 
0.979251 0.0422574 0.198192 68.2084 -0.0406493 0.999096 -0.0121565 -4.22953 -0.198526 0.00384809 0.980083 142.13 
0.980411 0.0375448 0.193344 68.3678 -0.0351313 0.999253 -0.0158769 -4.25032 -0.193796 0.00877362 0.980999 142.924 
0.981769 0.0347605 0.18687 68.52 -0.0321641 0.999336 -0.0168869 -4.26921 -0.187332 0.0105688 0.982235 143.719 
0.983007 0.0330256 0.18057 68.6627 -0.0314608 0.999435 -0.0115013 -4.28867 -0.180847 0.00562508 0.98349 144.521 
0.984151 0.0304125 0.1747 68.8 -0.0303425 0.999532 -0.00304953 -4.30659 -0.174712 -0.00229978 0.984613 145.328 
0.984882 0.0273706 0.171043 68.9377 -0.0288744 0.99956 0.00633414 -4.31803 -0.170794 -0.0111768 0.985239 146.134 
0.98535 0.0340601 0.167102 69.0573 -0.0360774 0.999305 0.00907192 -4.32739 -0.166677 -0.0149675 0.985894 146.935 
0.986038 0.036929 0.162364 69.1756 -0.0381633 0.999259 0.00451263 -4.33667 -0.162076 -0.010646 0.986716 147.73 
0.987209 0.0375572 0.154933 69.2962 -0.037125 0.999292 -0.00565806 -4.34555 -0.155036 -0.000166092 0.987904 148.521 
0.988319 0.0343939 0.148459 69.4153 -0.0330989 0.999386 -0.0111577 -4.35188 -0.148751 0.00611352 0.988851 149.32 
0.989313 0.0335218 0.141891 69.5259 -0.0324187 0.99942 -0.0100495 -4.36518 -0.142145 0.0053424 0.989827 150.131 
0.990116 0.0401623 0.134367 69.6198 -0.0396414 0.99919 -0.00652123 -4.38398 -0.13452 0.00113036 0.990906 150.949 
0.990929 0.0456496 0.126392 69.704 -0.0450114 0.998952 -0.00787132 -4.40092 -0.126619 0.00211077 0.991945 151.766 
0.992043 0.0483345 0.116236 69.7896 -0.0470682 0.998797 -0.0135826 -4.41648 -0.116753 0.00800341 0.993124 152.58 
0.993066 0.0469495 0.107769 69.8735 -0.045497 0.998836 -0.0158635 -4.43215 -0.108388 0.0108503 0.994045 153.399 
0.993903 0.0469593 0.0997445 69.9491 -0.0458859 0.998859 -0.0129866 -4.44895 -0.10024 0.00833056 0.994924 154.226 
0.994506 0.0495911 0.0921768 70.012 -0.0492655 0.998765 -0.0057604 -4.46725 -0.0923489 0.00118743 0.995721 155.06 
0.99504 0.0529774 0.0841878 70.0663 -0.0531684 0.998582 7.70621e-05 -4.48025 -0.0840646 -0.00455297 0.996446 155.893 
0.995694 0.0519306 0.0767812 70.1219 -0.0523505 0.998619 0.00351667 -4.49019 -0.0764929 -0.00752126 0.997037 156.723 
0.996105 0.0527404 0.0706404 70.1724 -0.0532689 0.998561 0.00567742 -4.49774 -0.0702392 -0.00941818 0.997481 157.553 
0.996442 0.0518559 0.066413 70.2207 -0.0522292 0.998624 0.00395248 -4.50696 -0.0661167 -0.00740712 0.99778 158.378 
0.996479 0.056719 0.0617245 70.2583 -0.0567319 0.998385 -0.00147887 -4.5169 -0.0617086 -0.00202798 0.998088 159.199 
0.996344 0.0627668 0.0579328 70.2881 -0.0623992 0.998016 -0.00806959 -4.52849 -0.0583245 0.00442497 0.998284 160.019 
0.996433 0.0640227 0.0549465 70.3215 -0.0635423 0.997922 -0.0103703 -4.53926 -0.0554963 0.00684185 0.998431 160.842 
0.996484 0.0656717 0.0520005 70.3554 -0.0655343 0.997838 -0.00426554 -4.55093 -0.0521684 0.000842599 0.998634 161.674 
0.99643 0.0677648 0.0503188 70.3829 -0.0681548 0.997652 0.00616279 -4.55904 -0.0497832 -0.00957042 0.99871 162.51 
0.996497 0.0690023 0.0472259 70.4107 -0.069707 0.997473 0.0135281 -4.56791 -0.0461731 -0.0167728 0.998789 163.341 
0.996945 0.0656907 0.042214 70.4409 -0.0661823 0.997751 0.0104526 -4.57554 -0.0414327 -0.0132148 0.99905 164.157 
0.997906 0.0535398 0.0362605 70.4787 -0.0535947 0.99856 0.000642052 -4.58168 -0.0361749 -0.00258494 0.999339 164.968 
0.998265 0.051182 0.0290668 70.5039 -0.0510825 0.998683 -0.00400921 -4.58242 -0.0292337 0.00251751 0.999565 165.782 
0.998233 0.055043 0.0223391 70.5088 -0.054995 0.998481 -0.00257519 -4.59012 -0.022447 0.00134208 0.999743 166.606 
0.998483 0.0529815 0.0148469 70.514 -0.0530391 0.998582 0.00382222 -4.60113 -0.0146236 -0.00460403 0.999878 167.437 
0.998836 0.0476324 0.00735409 70.5233 -0.0476833 0.998831 0.00749248 -4.60779 -0.00698921 -0.00783493 0.999941 168.27 
0.999241 0.0388841 0.00172831 70.5282 -0.0388969 0.999173 0.0116073 -4.60687 -0.00127642 -0.0116663 0.999926 169.104 
0.999386 0.034697 -0.00452014 70.5252 -0.0346376 0.999328 0.0117207 -4.61239 0.00492312 -0.0115575 0.999917 169.934 
0.999443 0.0314941 -0.010917 70.5137 -0.0314367 0.99949 0.00502333 -4.62095 0.0110692 -0.00467778 0.999923 170.76 
0.999574 0.0224831 -0.0185066 70.5039 -0.0225756 0.999729 -0.00503149 -4.6262 0.0183875 0.00544625 0.999812 171.582 
0.999605 0.0122466 -0.0252403 70.4964 -0.0124754 0.999876 -0.00912746 -4.63283 0.0251252 0.00943856 0.999634 172.412 
0.99937 0.0159853 -0.0316089 70.4633 -0.0160376 0.999867 -0.00155263 -4.64177 0.0315799 0.0020586 0.999494 173.256 
0.998979 0.0266507 -0.0364141 70.411 -0.0262341 0.999584 0.0117438 -4.64763 0.0367121 -0.0107764 0.999263 174.107 
0.998658 0.0316788 -0.0409339 70.3616 -0.0308944 0.999328 0.0195463 -4.65472 0.0415252 -0.0182557 0.998966 174.955 
0.998515 0.0311327 -0.0446582 70.3161 -0.0304125 0.999397 0.0166243 -4.65515 0.0451484 -0.0152418 0.99886 175.792 
0.998366 0.0327225 -0.046812 70.2672 -0.032478 0.999452 0.00588926 -4.65469 0.0469791 -0.00435935 0.998882 176.621 
0.997814 0.0433959 -0.0498056 70.2045 -0.043608 0.999041 -0.00326363 -4.65743 0.0496162 0.00542838 0.998749 177.453 
0.997769 0.0417884 -0.0520334 70.1542 -0.0421968 0.999083 -0.00685707 -4.66526 0.0516983 0.00903679 0.998617 178.292 
0.997853 0.0364393 -0.054379 70.1148 -0.0365985 0.999325 -0.00201615 -4.67559 0.0542686 0.00400184 0.998513 179.143 
0.99786 0.0367088 -0.0540942 70.0644 -0.0363894 0.999311 0.00680052 -4.68336 0.0543061 -0.00481782 0.998509 180 
0.997815 0.0385613 -0.053624 70.0079 -0.0379451 0.9992 0.0123884 -4.68935 0.0540584 -0.0103269 0.99848 180.855 
0.997727 0.0384228 -0.0553274 69.9551 -0.0378348 0.999214 0.01156 -4.69435 0.0557281 -0.00944038 0.998397 181.703 
0.997716 0.0352086 -0.0576254 69.9036 -0.0351158 0.999378 0.00255615 -4.70122 0.0576789 -0.000527332 0.998331 182.543 
0.997891 0.0244936 -0.0600821 69.8642 -0.0250743 0.999643 -0.00899382 -4.71183 0.0598396 0.0104807 0.998149 183.38 
0.997964 0.0140711 -0.0621968 69.8244 -0.0149085 0.999801 -0.0130829 -4.72367 0.0619998 0.0139833 0.997974 184.223 
0.997865 0.0167216 -0.0631147 69.7648 -0.0172862 0.999812 -0.00847233 -4.73774 0.062961 0.00954515 0.997966 185.075 
0.997683 0.022756 -0.0641052 69.6985 -0.0226518 0.999737 0.00228911 -4.75343 0.0641403 -0.000831739 0.997936 185.929 
0.997561 0.0238624 -0.0655681 69.637 -0.0235187 0.999703 0.00595178 -4.76944 0.0656902 -0.0043956 0.997827 186.775 
0.997522 0.0228011 -0.0665343 69.58 -0.0226997 0.999738 0.00222689 -4.77969 0.0665676 -0.000711082 0.997778 187.612 
0.997527 0.0230196 -0.0663829 69.5188 -0.0233347 0.999717 -0.0040275 -4.78751 0.0662713 0.00556653 0.997782 188.443 
0.997323 0.029717 -0.0668004 69.4489 -0.0300762 0.999535 -0.00443453 -4.79787 0.0666375 0.0064317 0.997752 189.277 
0.997214 0.0325136 -0.0671077 69.3839 -0.0326727 0.999462 -0.00132661 -4.81213 0.0670282 0.00351531 0.997741 190.111 
0.997033 0.0363456 -0.067844 69.3176 -0.0362972 0.999337 0.00189409 -4.82552 0.0678676 0.000573922 0.99769 190.944 
0.996896 0.0398602 -0.0678796 69.252 -0.0396303 0.999201 0.0046796 -4.83454 0.0680118 -0.00197504 0.997679 191.773 
