1 0 -0 0 -0 1 0 0 0 -0 1 -0 
1 -0.000518066 -0.000218985 -0.00636959 0.000518418 0.999999 0.00160804 -0.0211633 0.000218152 -0.00160815 0.999999 1.33469 
0.999998 -0.00164189 -0.000662194 -0.0120779 0.00164302 0.999997 0.00170508 -0.043199 0.000659393 -0.00170616 0.999998 2.67173 
0.999995 -0.00298169 -0.000760373 -0.0169827 0.00298216 0.999995 0.000619569 -0.0627667 0.000758522 -0.000621834 1 4.01215 
0.999994 -0.00326097 -0.000607519 -0.0239942 0.00326139 0.999994 0.000687828 -0.0835307 0.000605272 -0.000689806 1 5.35777 
0.999993 -0.0037682 -0.000604763 -0.0307242 0.00376915 0.999992 0.00157723 -0.105114 0.000598814 -0.0015795 0.999999 6.70455 
0.999986 -0.00521695 -0.000496364 -0.0355894 0.0052183 0.999983 0.00276508 -0.125261 0.00048193 -0.00276764 0.999996 8.05506 
0.999988 -0.00480721 -0.00072684 -0.0432034 0.00480959 0.999983 0.00330473 -0.145407 0.000710941 -0.00330819 0.999994 9.40731 
0.999991 -0.00397695 -0.00111464 -0.0520796 0.00397862 0.999991 0.0015009 -0.165184 0.00110866 -0.00150532 0.999998 10.7605 
0.999999 -0.00114768 -0.00117511 -0.0644967 0.00114686 0.999999 -0.000699101 -0.186 0.00117591 0.000697753 0.999999 12.1154 
0.999997 0.00232012 -0.000992992 -0.0784395 -0.00232169 0.999996 -0.00158778 -0.2089 0.000989304 0.00159008 0.999998 13.4754 
0.999989 0.00467567 -0.000952865 -0.0914899 -0.00467727 0.999988 -0.00168611 -0.233523 0.000944969 0.00169055 0.999998 14.839 
0.999984 0.00567934 -0.000841288 -0.102042 -0.00568003 0.999984 -0.000813643 -0.257073 0.000836653 0.000818408 0.999999 16.205 
0.999995 0.00323031 -0.000422493 -0.108165 -0.00322949 0.999993 0.00192195 -0.278451 0.000428699 -0.00192058 0.999998 17.5743 
1 -0.000898401 -0.000353616 -0.109623 0.000899716 0.999993 0.00373654 -0.299785 0.000350257 -0.00373686 0.999993 18.9442 
0.999994 -0.00324353 -0.000702957 -0.112492 0.00324453 0.999994 0.00143229 -0.319871 0.000698307 -0.00143456 0.999999 20.3115 
0.999991 -0.00429138 -0.000759861 -0.117034 0.00429096 0.999991 -0.000553843 -0.339955 0.00076223 0.000550577 1 21.6824 
0.999998 -0.00195702 -0.000186903 -0.127428 0.00195661 0.999996 -0.00215317 -0.364293 0.000191116 0.0021528 0.999998 23.0551 
0.999999 0.000795109 0.00063001 -0.13962 -0.000795017 1 -0.000144864 -0.384823 -0.000630125 0.000144364 1 24.4348 
0.999999 0.0012477 0.00113855 -0.147303 -0.00125165 0.999993 0.00347268 -0.406253 -0.00113421 -0.0034741 0.999993 25.8167 
0.999998 -0.00116719 0.00159087 -0.149012 0.00115848 0.999984 0.00546437 -0.422219 -0.00159722 -0.00546252 0.999984 27.1999 
0.999986 -0.00506712 0.00117218 -0.147483 0.00506287 0.999981 0.00360287 -0.439887 -0.00119042 -0.00359689 0.999993 28.5805 
0.999984 -0.00547894 0.00113494 -0.149862 0.0054774 0.999984 0.00135647 -0.459209 -0.00114236 -0.00135023 0.999998 29.9642 
0.999982 -0.00570412 0.00172726 -0.153743 0.00570614 0.999983 -0.0011699 -0.480809 -0.00172056 0.00117973 0.999998 31.3505 
0.999995 -0.002299 0.00237865 -0.162655 0.00230353 0.999996 -0.00190141 -0.506245 -0.00237426 0.00190688 0.999995 32.7399 
0.999995 -0.00142876 0.00269544 -0.167952 0.00143977 0.999991 -0.00408772 -0.53176 -0.00268958 0.00409158 0.999988 34.1325 
0.999996 -0.000352399 0.0027665 -0.173896 0.000362155 0.999994 -0.00352683 -0.558038 -0.00276524 0.00352781 0.99999 35.5264 
0.999997 -0.00035777 0.00260218 -0.178052 0.000363828 0.999997 -0.00232772 -0.584464 -0.00260134 0.00232866 0.999994 36.9285 
0.999997 0.000845843 0.00224425 -0.183622 -0.000844078 0.999999 -0.000787419 -0.609472 -0.00224492 0.000785522 0.999997 38.3316 
0.999991 0.00363176 0.00229717 -0.192384 -0.00363064 0.999993 -0.00049021 -0.634196 -0.00229893 0.000481865 0.999997 39.738 
0.999979 0.00597622 0.00253443 -0.200676 -0.00597402 0.999982 -0.00087482 -0.6584 -0.00253961 0.000859661 0.999996 41.1472 
0.999962 0.00835384 0.00249902 -0.209326 -0.00835281 0.999965 -0.000422118 -0.682721 -0.00250246 0.000401228 0.999997 42.5589 
0.999956 0.00911054 0.0022091 -0.2156 -0.00910979 0.999958 -0.000349182 -0.707211 -0.00221218 0.000329042 0.999997 43.9746 
0.999964 0.00824902 0.0017388 -0.220809 -0.00824824 0.999966 -0.000455221 -0.731889 -0.0017425 0.000440863 0.999998 45.3913 
0.999971 0.00755743 0.00107006 -0.226434 -0.00755649 0.999971 -0.000880642 -0.756321 -0.00107669 0.00087253 0.999999 46.8103 
0.999976 0.00691965 0.000162685 -0.233233 -0.00691954 0.999976 -0.000663092 -0.781291 -0.000167269 0.00066195 1 48.2329 
0.999973 0.00729241 -0.000757569 -0.242763 -0.00729204 0.999973 0.000493453 -0.805701 0.000761148 -0.000487915 1 49.6608 
0.999968 0.00776621 -0.00177319 -0.254105 -0.00776595 0.99997 0.00015346 -0.830115 0.00177433 -0.000139685 0.999998 51.0913 
0.999963 0.00815666 -0.00289963 -0.26619 -0.00815512 0.999967 0.000545705 -0.853047 0.00290398 -0.000522038 0.999996 52.5277 
0.999958 0.00823896 -0.00398094 -0.280247 -0.00823321 0.999965 0.00145932 -0.876574 0.00399282 -0.00142648 0.999991 53.9671 
0.999967 0.00667688 -0.00469869 -0.292942 -0.0066657 0.999975 0.00239258 -0.899158 0.00471454 -0.00236118 0.999986 55.4107 
0.999972 0.00542156 -0.00520055 -0.305789 -0.00540846 0.999982 0.00252958 -0.921542 0.00521417 -0.00250138 0.999983 56.853 
0.999979 0.00301055 -0.00565934 -0.317978 -0.0030002 0.999994 0.00183636 -0.943545 0.00566483 -0.00181934 0.999982 58.2942 
0.999982 0.00198394 -0.00571048 -0.331629 -0.00197166 0.999996 0.00215542 -0.966895 0.00571473 -0.00214412 0.999981 59.7351 
0.999986 0.000726674 -0.00526379 -0.345026 -0.000711915 0.999996 0.00280525 -0.99019 0.0052658 -0.00280146 0.999982 61.1745 
0.999988 -0.000352007 -0.00481728 -0.357631 0.000368439 0.999994 0.0034106 -1.01302 0.00481605 -0.00341234 0.999983 62.612 
0.999989 -0.00199444 -0.00428093 -0.369518 0.00200737 0.999993 0.00301941 -1.03646 0.00427488 -0.00302796 0.999986 64.0448 
0.999986 -0.00367792 -0.00384951 -0.380043 0.00368653 0.999991 0.00223153 -1.06042 0.00384127 -0.00224569 0.99999 65.4745 
0.999991 -0.00290077 -0.00321033 -0.393263 0.00290654 0.999994 0.00179414 -1.08504 0.0032051 -0.00180346 0.999993 66.9005 
0.999996 -0.00136243 -0.00240379 -0.407511 0.00136619 0.999998 0.00156662 -1.11032 0.00240166 -0.0015699 0.999996 68.324 
0.999996 0.00197315 -0.00182453 -0.422879 -0.00196795 0.999994 0.00284767 -1.13489 0.00183013 -0.00284407 0.999994 69.745 
0.999985 0.00532549 -0.00105822 -0.438297 -0.00532106 0.999977 0.00414308 -1.1582 0.00108026 -0.00413738 0.999991 71.1643 
0.999955 0.00946838 -0.00026992 -0.454294 -0.00946705 0.999945 0.00458896 -1.18055 0.000313355 -0.0045862 0.999989 72.5774 
0.999905 0.0137672 0.000378714 -0.470527 -0.0137687 0.999896 0.004269 -1.20265 -0.000319903 -0.00427381 0.999991 73.989 
0.999855 0.0169734 0.00107128 -0.484028 -0.0169772 0.999849 0.00368612 -1.2255 -0.00100855 -0.00370377 0.999993 75.3934 
0.99982 0.01888 0.00175804 -0.494789 -0.0188862 0.999815 0.00355234 -1.24845 -0.00169065 -0.0035849 0.999992 76.796 
0.999816 0.019071 0.00211874 -0.502996 -0.0190793 0.99981 0.00392746 -1.27122 -0.00204344 -0.00396716 0.99999 78.1956 
0.999834 0.0180974 0.00221473 -0.508638 -0.0181054 0.99983 0.00362547 -1.29399 -0.00214874 -0.00366496 0.999991 79.5928 
0.999856 0.0168318 0.00204572 -0.512845 -0.0168375 0.999854 0.00277167 -1.31741 -0.00199876 -0.00280572 0.999994 80.9832 
0.999865 0.0163374 0.00169192 -0.517004 -0.0163421 0.999863 0.00275762 -1.34161 -0.00164664 -0.0027849 0.999995 82.37 
0.999866 0.0162897 0.00141782 -0.52407 -0.0162938 0.999863 0.00291133 -1.3646 -0.00137021 -0.00293404 0.999995 83.7596 
0.999869 0.0161391 0.00089202 -0.531553 -0.0161413 0.999867 0.00245026 -1.38845 -0.000852356 -0.00246434 0.999997 85.1463 
0.999867 0.0162902 0.000164618 -0.540718 -0.0162906 0.999863 0.00278536 -1.41234 -0.000119221 -0.00278767 0.999996 86.5318 
0.999877 0.0156727 -0.000838836 -0.549812 -0.0156696 0.999871 0.00365905 -1.43586 0.000896075 -0.00364546 0.999993 87.9152 
0.999907 0.0135184 -0.00192681 -0.558048 -0.0135094 0.999898 0.00464297 -1.45827 0.00198938 -0.0046165 0.999987 89.2976 
0.99993 0.0114358 -0.00309342 -0.567702 -0.0114199 0.999922 0.00511578 -1.47936 0.00315168 -0.0050801 0.999982 90.676 
0.999947 0.00951667 -0.0038143 -0.578237 -0.00949712 0.999942 0.00511083 -1.50006 0.00386272 -0.00507433 0.99998 92.0531 
0.999958 0.00810161 -0.00429728 -0.590272 -0.00808156 0.999956 0.00466276 -1.52157 0.00433487 -0.00462784 0.99998 93.4253 
0.999964 0.00714451 -0.00452241 -0.603974 -0.00712531 0.999966 0.00424602 -1.54278 0.00455259 -0.00421364 0.999981 94.7958 
0.99996 0.00765501 -0.00463605 -0.618461 -0.00763799 0.999964 0.00367905 -1.56514 0.00466404 -0.00364349 0.999982 96.163 
0.999962 0.00743163 -0.00452911 -0.632701 -0.00741739 0.999968 0.00315224 -1.58745 0.00455239 -0.00311852 0.999985 97.5263 
0.999955 0.00838738 -0.00441268 -0.64809 -0.00837661 0.999962 0.00245504 -1.61119 0.0044331 -0.00241797 0.999987 98.8852 
0.999945 0.00966578 -0.00412081 -0.664498 -0.00965427 0.999949 0.0028019 -1.63426 0.00414768 -0.00276196 0.999988 100.241 
0.999939 0.0103045 -0.00386451 -0.679705 -0.010288 0.999938 0.00424269 -1.65656 0.00390799 -0.00420267 0.999984 101.594 
0.999927 0.0114499 -0.00376999 -0.695709 -0.0114287 0.999919 0.00560448 -1.67874 0.00383385 -0.00556098 0.999977 102.944 
0.999936 0.0107356 -0.00365367 -0.709268 -0.0107202 0.999934 0.00419981 -1.69989 0.00369852 -0.00416037 0.999985 104.288 
0.999936 0.0107092 -0.00355474 -0.722643 -0.0107027 0.999941 0.0018406 -1.721 0.00357424 -0.00180244 0.999992 105.627 
0.999943 0.0100632 -0.00368618 -0.736092 -0.0100609 0.999949 0.000657018 -1.74384 0.0036926 -0.000619895 0.999993 106.965 
0.999963 0.00784522 -0.0035789 -0.747333 -0.00783861 0.999968 0.00185772 -1.76704 0.00359336 -0.0018296 0.999992 108.305 
0.999981 0.00542877 -0.0029213 -0.757551 -0.00541748 0.999978 0.00386115 -1.78952 0.0029422 -0.00384525 0.999988 109.646 
0.99999 0.00389182 -0.0020625 -0.766782 -0.00388267 0.999983 0.00441857 -1.81081 0.00207966 -0.00441052 0.999988 110.985 
0.999994 0.00307198 -0.00129316 -0.7757 -0.00306806 0.999991 0.00302661 -1.8316 0.00130244 -0.00302262 0.999995 112.322 
0.999987 0.00514403 -0.000601873 -0.786829 -0.00514362 0.999987 0.000686608 -1.85379 0.000605396 -0.000683503 1 113.658 
0.999973 0.00726625 0.000587271 -0.798132 -0.00726539 0.999973 -0.00144864 -1.8774 -0.000597782 0.00144434 0.999999 114.996 
0.999945 0.0103436 0.00199886 -0.809873 -0.0103409 0.999946 -0.00136361 -1.9025 -0.00201285 0.00134287 0.999997 116.338 
0.999927 0.0116044 0.00345375 -0.817409 -0.0116065 0.999932 0.000575292 -1.92731 -0.00344684 -0.000615336 0.999994 117.681 
0.999921 0.011714 0.0045162 -0.820801 -0.0117267 0.999927 0.00279582 -1.94992 -0.00448312 -0.00284856 0.999986 119.028 
0.999925 0.0110015 0.00530935 -0.821484 -0.0110191 0.999934 0.00330661 -1.97055 -0.00527263 -0.00336487 0.99998 120.376 
0.999915 0.0114397 0.0063276 -0.822488 -0.0114569 0.999931 0.00269474 -1.9901 -0.00629633 -0.002767 0.999976 121.726 
0.999881 0.013425 0.007565 -0.824515 -0.0134414 0.999907 0.0021152 -2.01015 -0.0075359 -0.00221664 0.999969 123.08 
0.999841 0.0154907 0.00879385 -0.826459 -0.0155068 0.999878 0.0017752 -2.03194 -0.00876528 -0.00191128 0.99996 124.431 
0.999819 0.0162266 0.00992533 -0.825353 -0.0162349 0.999868 0.000748286 -2.05411 -0.00991188 -0.000909287 0.99995 125.785 
0.99979 0.0173685 0.010905 -0.821664 -0.0173689 0.999849 -5.78136e-05 -2.07705 -0.0109044 -0.000131607 0.999941 127.141 
0.999793 0.0164878 0.0119395 -0.815541 -0.0164858 0.999864 -0.000267191 -2.10034 -0.0119423 7.03038e-05 0.999929 128.499 
0.999789 0.0160678 0.0128122 -0.807829 -0.0160794 0.99987 0.000800644 -2.12388 -0.0127977 -0.00100649 0.999918 129.859 
0.999798 0.0147261 0.0136488 -0.798755 -0.0147507 0.99989 0.00170115 -2.14717 -0.0136222 -0.00190214 0.999905 131.219 
0.999806 0.0139274 0.0139482 -0.788748 -0.013957 0.999901 0.00202041 -2.16908 -0.0139186 -0.00221469 0.999901 132.577 
0.999834 0.01167 0.0139568 -0.776931 -0.0117014 0.999929 0.00216741 -2.19052 -0.0139305 -0.00233036 0.9999 133.936 
0.999855 0.0100803 0.0137207 -0.765254 -0.0101211 0.999945 0.00290545 -2.21217 -0.0136907 -0.0030439 0.999902 135.294 
0.999877 0.00849695 0.0131588 -0.753962 -0.00853126 0.99996 0.00255363 -2.23365 -0.0131366 -0.00266558 0.99991 136.652 
0.999902 0.0071454 0.0119977 -0.743693 -0.00717566 0.999971 0.00248115 -2.25406 -0.0119796 -0.002567 0.999925 138.01 
0.999924 0.00569545 0.0108903 -0.73446 -0.00573272 0.999978 0.00339433 -2.27471 -0.0108707 -0.00345651 0.999935 139.369 
0.999943 0.00410234 0.0098172 -0.72581 -0.00413771 0.999985 0.00358578 -2.29583 -0.00980234 -0.0036262 0.999945 140.728 
0.999957 0.00365485 0.00856391 -0.720701 -0.00368602 0.999987 0.00362631 -2.31609 -0.00855054 -0.00365772 0.999957 142.085 
0.999967 0.00326461 0.0073912 -0.717528 -0.00328754 0.99999 0.00309279 -2.33713 -0.00738103 -0.00311699 0.999968 143.443 
0.999975 0.0031114 0.00638909 -0.71533 -0.00312933 0.999991 0.00279832 -2.3585 -0.00638033 -0.00281825 0.999976 144.799 
0.999985 0.000737877 0.00544864 -0.713335 -0.000740266 1 0.000436496 -2.38242 -0.00544831 -0.000440523 0.999985 146.155 
0.99998 -0.00463968 0.00438006 -0.707224 0.00463966 0.999989 1.54625e-05 -2.40482 -0.00438008 4.85976e-06 0.99999 147.512 
0.999918 -0.0123516 0.00328725 -0.696989 0.0123439 0.999921 0.0023699 -2.42758 -0.00331626 -0.00232913 0.999992 148.876 
0.999816 -0.0190965 0.00164188 -0.686879 0.01909 0.99981 0.00388384 -2.44708 -0.00171573 -0.00385179 0.999991 150.236 
0.99975 -0.0223694 0.00057328 -0.682914 0.0223691 0.99975 0.000510057 -2.46849 -0.000584546 -0.000497105 1 151.592 
0.999762 -0.021794 0.000875154 -0.685907 0.0217961 0.999759 -0.00254412 -2.49342 -0.000819497 0.00256259 0.999996 152.948 
0.999826 -0.0185665 0.00173082 -0.692879 0.0185743 0.999817 -0.00456292 -2.52334 -0.00164579 0.00459428 0.999988 154.308 
0.999824 -0.0185804 0.00243165 -0.696472 0.0185913 0.999817 -0.00451798 -2.55427 -0.00234725 0.00456239 0.999987 155.668 
0.999755 -0.021922 0.00296524 -0.692764 0.0219249 0.999759 -0.000963247 -2.58268 -0.00294341 0.00102802 0.999995 157.033 
0.999626 -0.0271362 0.00333774 -0.685182 0.0271302 0.99963 0.00181562 -2.60807 -0.00338577 -0.00172439 0.999993 158.397 
0.999518 -0.030855 0.00333565 -0.678881 0.0308447 0.999519 0.00309964 -2.62856 -0.00342969 -0.00299526 0.99999 159.759 
0.999468 -0.032432 0.00337654 -0.676571 0.0324221 0.99947 0.00294732 -2.64869 -0.00347033 -0.00283628 0.99999 161.12 
0.999523 -0.030575 0.00432385 -0.678346 0.0305591 0.999526 0.00370564 -2.66916 -0.0044351 -0.00357174 0.999984 162.483 
0.999631 -0.0266004 0.00548616 -0.682755 0.0265851 0.999643 0.00284344 -2.68983 -0.00555983 -0.00269654 0.999981 163.846 
0.999714 -0.0230407 0.00639562 -0.686211 0.0230366 0.999734 0.00070737 -2.71136 -0.00641022 -0.000559834 0.999979 165.208 
0.999771 -0.0201746 0.00718426 -0.688231 0.0201739 0.999796 0.000159525 -2.73265 -0.00718602 -1.4554e-05 0.999974 166.573 
0.999803 -0.0183362 0.00763309 -0.688404 0.0183264 0.999831 0.0013579 -2.75524 -0.0076567 -0.00121775 0.99997 167.942 
0.999837 -0.0164675 0.00745364 -0.688411 0.0164607 0.999864 0.000971498 -2.77792 -0.00746862 -0.000848648 0.999972 169.308 
0.999872 -0.0144094 0.00701748 -0.689183 0.0144203 0.999895 -0.00150614 -2.80131 -0.00699504 0.00160714 0.999974 170.675 
0.999923 -0.0105669 0.00656956 -0.6928 0.0105954 0.999935 -0.0043214 -2.82712 -0.00652347 0.00439067 0.999969 172.042 
0.999964 -0.00540228 0.00647094 -0.700133 0.00543853 0.99997 -0.00559702 -2.85542 -0.00644051 0.00563202 0.999963 173.411 
0.999977 -0.000795881 0.00679643 -0.706517 0.00082593 0.99999 -0.00441972 -2.88458 -0.00679284 0.00442523 0.999967 174.788 
0.99997 0.00213605 0.00741367 -0.710769 -0.00211754 0.999995 -0.00250324 -2.91315 -0.00741898 0.00248747 0.999969 176.169 
0.999968 0.00294574 0.00745206 -0.710716 -0.00294383 0.999996 -0.000267787 -2.93788 -0.00745281 0.000245841 0.999972 177.557 
0.999978 -0.000283911 0.00666132 -0.704833 0.000279661 1 0.000638972 -2.96017 -0.0066615 -0.000637095 0.999978 178.947 
0.999985 -0.00242503 0.00497739 -0.701985 0.00242114 0.999997 0.000788192 -2.98211 -0.00497929 -0.000776129 0.999987 180.335 
0.999992 -0.00277867 0.0029356 -0.701811 0.00278888 0.99999 -0.00347826 -3.00692 -0.00292591 0.00348642 0.99999 181.728 
0.999998 -0.00103818 0.00146653 -0.708165 0.00104949 0.99997 -0.00773551 -3.03521 -0.00145845 0.00773704 0.999969 183.127 
0.999993 0.00374419 0.000825797 -0.721919 -0.00373718 0.999958 -0.00833964 -3.06834 -0.000856988 0.00833649 0.999965 184.53 
0.999974 0.00719621 0.000676819 -0.735115 -0.00719102 0.999947 -0.00738512 -3.10235 -0.000729928 0.00738006 0.999973 185.941 
0.999955 0.00939145 0.000923363 -0.746372 -0.00938773 0.999948 -0.0039532 -3.13211 -0.000960441 0.00394436 0.999992 187.36 
0.999948 0.0101163 0.00126882 -0.755487 -0.0101137 0.999947 -0.00201252 -3.15973 -0.00128912 0.00199959 0.999997 188.779 
0.999953 0.009616 0.0013395 -0.760749 -0.00961451 0.999953 -0.00111336 -3.18408 -0.00135014 0.00110043 0.999998 190.201 
0.999968 0.00790596 0.00130597 -0.76542 -0.00790532 0.999969 -0.000493972 -3.2095 -0.00130984 0.000483632 0.999999 191.626 
0.999985 0.00536068 0.00142707 -0.768085 -0.00536079 0.999986 7.09268e-05 -3.23468 -0.00142667 -7.8576e-05 0.999999 193.054 
0.999995 0.00266389 0.00165306 -0.76903 -0.00266404 0.999996 8.78403e-05 -3.25919 -0.00165282 -9.22437e-05 0.999999 194.486 
0.999998 -0.000452912 0.00203041 -0.769516 0.000450593 0.999999 0.00114244 -3.28215 -0.00203092 -0.00114153 0.999997 195.921 
0.999985 -0.00478857 0.00246765 -0.768318 0.00478199 0.999985 0.00266682 -3.30393 -0.00248038 -0.00265498 0.999993 197.36 
0.999969 -0.00741681 0.00273038 -0.766231 0.00740988 0.999969 0.00253937 -3.32563 -0.00274913 -0.00251906 0.999993 198.799 
0.999981 -0.00541976 0.00292344 -0.769855 0.00542503 0.999984 -0.0017964 -3.34994 -0.00291365 0.00181223 0.999994 200.236 
0.999993 0.00179641 0.00333441 -0.780977 -0.00177371 0.999975 -0.00679643 -3.37812 -0.00334653 0.00679047 0.999971 201.671 
0.999931 0.0108242 0.00459415 -0.797281 -0.0107928 0.999919 -0.00680345 -3.40968 -0.00466742 0.0067534 0.999966 203.112 
0.999808 0.0186925 0.00581798 -0.811897 -0.0186746 0.999821 -0.00312553 -3.44047 -0.00587536 0.00301629 0.999978 204.561 
0.999785 0.0196504 0.00661436 -0.816131 -0.0196443 0.999807 -0.000991142 -3.46569 -0.00663255 0.000860995 0.999978 206.013 
0.999824 0.0177218 0.00613684 -0.813324 -0.0177188 0.999843 -0.000530547 -3.48875 -0.00614528 0.000421717 0.999981 207.464 
0.999883 0.0145077 0.00491589 -0.807976 -0.0145051 0.999895 -0.000570899 -3.51341 -0.00492365 0.000499527 0.999988 208.92 
0.999914 0.0125052 0.00393871 -0.805101 -0.0125007 0.999921 -0.00114802 -3.53951 -0.00395276 0.00109868 0.999992 210.377 
0.999911 0.0129045 0.00337265 -0.807294 -0.0128989 0.999915 -0.0016569 -3.566 -0.00339375 0.00161325 0.999993 211.838 
0.999893 0.0142671 0.00322576 -0.81301 -0.0142624 0.999897 -0.00147752 -3.59269 -0.00324651 0.00143136 0.999994 213.307 
0.999874 0.0155497 0.00315207 -0.820076 -0.0155479 0.999879 -0.000608986 -3.6185 -0.00316116 0.000559901 0.999995 214.78 
0.999885 0.0149114 0.00285908 -0.824812 -0.0149082 0.999888 -0.00113646 -3.64476 -0.00287571 0.0010937 0.999995 216.255 
0.999891 0.0145851 0.00247806 -0.829391 -0.0145799 0.999891 -0.00212753 -3.67093 -0.00250882 0.00209117 0.999995 217.732 
0.999902 0.0138171 0.0022017 -0.833756 -0.0138117 0.999902 -0.00243521 -3.69838 -0.00223513 0.00240457 0.999995 219.215 
0.999898 0.0141819 0.00181838 -0.840092 -0.0141773 0.999896 -0.00251966 -3.72703 -0.00185393 0.00249362 0.999995 220.701 
0.999893 0.0145288 0.0015483 -0.847645 -0.0145245 0.999891 -0.00272874 -3.75615 -0.00158777 0.00270596 0.999995 222.191 
0.999894 0.0145284 0.00129119 -0.855133 -0.0145246 0.99989 -0.00289923 -3.78466 -0.00133317 0.00288017 0.999995 223.684 
0.999879 0.0155581 0.00089035 -0.864388 -0.0155551 0.999874 -0.00322913 -3.8142 -0.000940477 0.00321489 0.999994 225.179 
0.999883 0.0153032 0.000522327 -0.871809 -0.0153013 0.999877 -0.00335913 -3.84296 -0.000573669 0.00335074 0.999994 226.679 
0.999875 0.0157932 0.000217813 -0.880518 -0.0157924 0.99987 -0.00328717 -3.87315 -0.0002697 0.00328332 0.999995 228.186 
0.999887 0.0150653 0.00012392 -0.888532 -0.0150648 0.999881 -0.00334182 -3.90286 -0.000174251 0.00333958 0.999994 229.695 
0.999907 0.0136317 0.000162196 -0.896111 -0.013631 0.999901 -0.00356705 -3.93306 -0.000210805 0.0035645 0.999994 231.207 
0.999921 0.0125558 0.000266303 -0.903786 -0.0125549 0.999916 -0.00332265 -3.96336 -0.000308 0.00331905 0.999994 232.721 
0.999937 0.0112259 0.000441975 -0.91035 -0.0112247 0.999934 -0.00253791 -3.99383 -0.000470436 0.00253279 0.999997 234.242 
0.999937 0.0112618 0.000343169 -0.918843 -0.0112609 0.999934 -0.00232333 -4.02422 -0.000369311 0.00231932 0.999997 235.764 
0.999932 0.0116701 0.000380262 -0.927834 -0.0116691 0.999928 -0.00261717 -4.05455 -0.000410777 0.00261255 0.999997 237.287 
0.999924 0.0123342 0.000638277 -0.936349 -0.0123321 0.999919 -0.00326286 -4.08503 -0.00067847 0.00325474 0.999994 238.809 
0.999906 0.0136409 0.00112404 -0.945714 -0.013638 0.999904 -0.00258454 -4.11502 -0.00115919 0.00256897 0.999996 240.337 
0.999901 0.0139509 0.00183984 -0.953435 -0.01395 0.999903 -0.000487723 -4.1436 -0.00184647 0.000462008 0.999998 241.867 
0.999903 0.0137424 0.00240285 -0.958744 -0.0137424 0.999906 -1.88636e-05 -4.17168 -0.00240288 -1.4159e-05 0.999997 243.396 
0.999896 0.0140988 0.00292552 -0.964527 -0.014094 0.999899 -0.00163998 -4.19902 -0.00294835 0.00159858 0.999994 244.926 
0.99989 0.0143937 0.00344349 -0.969936 -0.0143835 0.999892 -0.00297579 -4.22758 -0.00348595 0.00292594 0.99999 246.458 
0.999878 0.0151633 0.00378687 -0.975045 -0.015154 0.999882 -0.00248561 -4.25685 -0.00382411 0.00242792 0.99999 247.993 
0.999883 0.0148131 0.00380568 -0.980299 -0.0148078 0.999889 -0.00142118 -4.28539 -0.00382631 0.00136466 0.999992 249.53 
0.999881 0.0150298 0.00348667 -0.982502 -0.0150265 0.999887 -0.000967064 -4.31503 -0.00350081 0.000914556 0.999993 251.07 
0.999876 0.0153939 0.00326465 -0.987422 -0.0153909 0.999881 -0.00095668 -4.34246 -0.00327899 0.000906316 0.999994 252.609 
0.999852 0.0168467 0.00341013 -0.992592 -0.0168444 0.999858 -0.000683248 -4.36979 -0.00342116 0.000625705 0.999994 254.152 
0.99983 0.0180447 0.00369838 -1.00009 -0.0180422 0.999837 -0.000707394 -4.3965 -0.00371054 0.000640547 0.999993 255.696 
0.999827 0.0182299 0.00365718 -1.00578 -0.0182285 0.999834 -0.000427127 -4.42358 -0.00366436 0.000360388 0.999993 257.241 
0.999853 0.0167635 0.00360443 -1.00823 -0.0167627 0.999859 -0.000251553 -4.44967 -0.00360814 0.000191096 0.999993 258.79 
0.999883 0.0148633 0.00358317 -1.01098 -0.0148653 0.999889 0.000517779 -4.47516 -0.00357508 -0.000570983 0.999993 260.338 
0.999916 0.0124196 0.00364852 -1.01121 -0.0124244 0.999922 0.00128404 -4.50098 -0.00363229 -0.00132927 0.999993 261.89 
0.999935 0.0109193 0.00335029 -1.01201 -0.0109213 0.99994 0.00058639 -4.52681 -0.00334368 -0.000622941 0.999994 263.438 
0.999947 0.00979999 0.00316184 -1.0146 -0.00979886 0.999952 -0.000370677 -4.55299 -0.00316532 0.000339674 0.999995 264.985 
0.999961 0.00799129 0.0037128 -1.01605 -0.00799645 0.999967 0.00137649 -4.57807 -0.00370168 -0.00140613 0.999992 266.536 
0.999974 0.00592096 0.00405512 -1.01648 -0.00593378 0.999977 0.00315608 -4.60177 -0.00403634 -0.00318006 0.999987 268.088 
0.999979 0.00492879 0.00412933 -1.01778 -0.0049383 0.999985 0.00229822 -4.6232 -0.00411794 -0.00231857 0.999989 269.635 
0.99998 0.0044835 0.00451559 -1.01813 -0.00448952 0.999989 0.00132384 -4.64633 -0.0045096 -0.00134408 0.999989 271.187 
0.999973 0.00524641 0.00521777 -1.02102 -0.00525194 0.999986 0.00104639 -4.67207 -0.00521221 -0.00107377 0.999986 272.735 
0.999956 0.00699103 0.00623506 -1.02446 -0.00699818 0.999975 0.00112588 -4.69814 -0.00622704 -0.00116947 0.99998 274.287 
0.999938 0.0085419 0.00717662 -1.02674 -0.00854786 0.999963 0.000800473 -4.72476 -0.00716951 -0.000861768 0.999974 275.841 
0.99992 0.00966171 0.00811563 -1.02677 -0.009667 0.999953 0.000613252 -4.75239 -0.00810932 -0.000691657 0.999967 277.395 
0.999904 0.0105024 0.00898432 -1.02523 -0.0105062 0.999945 0.0003728 -4.77925 -0.0089799 -0.000467156 0.99996 278.954 
0.999894 0.0108047 0.0097534 -1.02098 -0.0108022 0.999942 -0.000312873 -4.80656 -0.00975622 0.000207482 0.999952 280.51 
0.999891 0.0102142 0.0106594 -1.01544 -0.0102053 0.999948 -0.000891822 -4.83442 -0.0106679 0.000782942 0.999943 282.07 
0.999888 0.00954479 0.0115326 -1.00531 -0.00953967 0.999954 -0.000499031 -4.86261 -0.0115369 0.000388958 0.999933 283.63 
0.999889 0.00849693 0.0122008 -0.994803 -0.00850392 0.999964 0.000520872 -4.89061 -0.0121959 -0.000624568 0.999925 285.192 
0.999896 0.00733853 0.0124539 -0.981327 -0.00734927 0.999973 0.00081663 -4.91812 -0.0124476 -0.000908072 0.999922 286.753 
0.9999 0.00682587 0.0124174 -0.968093 -0.00680607 0.999975 -0.0016368 -4.94665 -0.0124283 0.00155212 0.999922 288.314 
0.999912 0.00542377 0.0120951 -0.95641 -0.00537836 0.999978 -0.00378412 -4.97563 -0.0121153 0.00371873 0.99992 289.876 
0.999922 0.00550762 0.0112467 -0.945059 -0.00546564 0.999978 -0.00376019 -5.00773 -0.0112672 0.00369842 0.99993 291.441 
0.999936 0.00428744 0.0104374 -0.935108 -0.00424861 0.999984 -0.00374006 -5.03772 -0.0104533 0.00369548 0.999939 293.01 
0.999945 0.00444624 0.00946865 -0.926702 -0.00440507 0.999981 -0.00436502 -5.06879 -0.00948787 0.00432307 0.999946 294.582 
0.99995 0.00462954 0.00881097 -0.92073 -0.00458859 0.999979 -0.00466219 -5.1007 -0.00883237 0.00462153 0.99995 296.157 
0.999956 0.00463528 0.0081592 -0.915364 -0.00460151 0.999981 -0.0041518 -5.13459 -0.00817829 0.00411408 0.999958 297.737 
0.999965 0.00430207 0.00721008 -0.91064 -0.00427332 0.999983 -0.00399779 -5.16746 -0.00722715 0.00396684 0.999966 299.319 
0.999974 0.0037438 0.00619362 -0.907637 -0.0037276 0.99999 -0.00262535 -5.19888 -0.00620338 0.00260219 0.999977 300.906 
0.999968 0.00565506 0.00564064 -0.90791 -0.0056479 0.999983 -0.00128487 -5.22912 -0.00564781 0.00125297 0.999983 302.499 
0.999962 0.00604675 0.00635497 -0.906841 -0.00603918 0.999981 -0.00120899 -5.25728 -0.00636216 0.00117057 0.999979 304.097 
0.999953 0.0064869 0.00718885 -0.904632 -0.00647646 0.999978 -0.0014746 -5.28628 -0.00719825 0.00142798 0.999973 305.698 
0.999958 0.00519361 0.00749503 -0.897982 -0.00518167 0.999985 -0.00161165 -5.31602 -0.00750329 0.00157275 0.999971 307.303 
0.999966 0.00317083 0.00762425 -0.890227 -0.00315141 0.999992 -0.00255704 -5.34665 -0.00763229 0.00253293 0.999968 308.913 
0.999967 0.00173049 0.00795458 -0.882935 -0.00169479 0.999988 -0.00449225 -5.37906 -0.00796226 0.00447862 0.999958 310.524 
0.999969 0.00127653 0.0077293 -0.876056 -0.0012343 0.999984 -0.00546532 -5.41269 -0.00773615 0.00545561 0.999955 312.143 
0.999983 0.00197469 0.00552048 -0.874852 -0.00193911 0.999977 -0.00644328 -5.44821 -0.00553308 0.00643246 0.999964 313.761 
0.99999 0.00301457 0.00339759 -0.877201 -0.00299507 0.999979 -0.00572741 -5.4831 -0.00341478 0.00571718 0.999978 315.387 
0.999987 0.00421476 0.00303669 -0.881862 -0.00420731 0.999988 -0.00245449 -5.51621 -0.003047 0.00244168 0.999992 317.02 
0.99999 0.00278336 0.0035475 -0.882892 -0.00278549 0.999996 0.000596043 -5.54454 -0.00354583 -0.000605919 0.999994 318.657 
0.999991 0.00192946 0.00367084 -0.883267 -0.0019343 0.999997 0.00131693 -5.5701 -0.00366829 -0.00132402 0.999992 320.296 
0.999992 0.000957699 0.00392757 -0.88271 -0.000958007 1 7.64709e-05 -5.59648 -0.00392749 -8.02329e-05 0.999992 321.936 
0.999991 -2.28302e-05 0.0042494 -0.882175 2.2732e-05 1 2.31544e-05 -5.62458 -0.0042494 -2.30576e-05 0.999991 323.577 
0.99999 -3.73971e-05 0.00452558 -0.882887 3.57684e-05 1 0.000359957 -5.65442 -0.0045256 -0.000359791 0.99999 325.219 
0.999988 9.48286e-05 0.00499517 -0.882443 -9.66317e-05 1 0.000360715 -5.68467 -0.00499514 -0.000361193 0.999987 326.858 
0.999984 0.00167036 0.00543235 -0.883976 -0.00166726 0.999998 -0.000576053 -5.7164 -0.0054333 0.000566987 0.999985 328.495 
0.999978 0.00236313 0.0061299 -0.883961 -0.00235621 0.999997 -0.00113672 -5.74784 -0.00613256 0.00112225 0.999981 330.13 
0.999975 0.00109269 0.00691529 -0.880826 -0.00109844 0.999999 0.000826732 -5.77972 -0.00691438 -0.000834307 0.999976 331.768 
0.999975 0.00018167 0.00702774 -0.876048 -0.000193471 0.999999 0.00167859 -5.80928 -0.00702742 -0.0016799 0.999974 333.403 
0.999976 -0.000954524 0.00687155 -0.869775 0.000951252 0.999999 0.000479412 -5.83724 -0.006872 -0.000472864 0.999976 335.035 
0.999976 0.000467182 0.00688547 -0.867589 -0.000471105 1 0.000568068 -5.86748 -0.0068852 -0.000571298 0.999976 336.669 
0.999976 0.00218047 0.00665156 -0.868621 -0.00217112 0.999997 -0.00141339 -5.89812 -0.00665462 0.00139891 0.999977 338.299 
0.999974 0.00390506 0.00598018 -0.868813 -0.00387874 0.999983 -0.00440627 -5.93091 -0.00599729 0.00438296 0.999972 339.929 
0.999973 0.00519492 0.00514732 -0.870056 -0.00517484 0.999979 -0.00390721 -5.96681 -0.00516751 0.00388047 0.999979 341.558 
0.999973 0.00601194 0.00423432 -0.872744 -0.00601035 0.999982 -0.000387649 -6.00058 -0.00423657 0.000362189 0.999991 343.187 
0.999969 0.00717003 0.00319056 -0.876861 -0.00717773 0.999971 0.00241045 -6.03074 -0.00317318 -0.00243328 0.999992 344.815 
0.99997 0.0075673 0.00185637 -0.882814 -0.00756952 0.999971 0.00119339 -6.05773 -0.00184729 -0.0012074 0.999998 346.441 
0.999975 0.00700201 6.54882e-05 -0.890256 -0.00700199 0.999975 -0.00033833 -6.0859 -6.78556e-05 0.000337863 1 348.063 
0.999982 0.00576186 -0.00172514 -0.899154 -0.00576008 0.999983 0.00103588 -6.11598 0.00173108 -0.00102592 0.999998 349.686 
0.999987 0.00420489 -0.00271475 -0.908701 -0.00420056 0.99999 0.00159985 -6.14601 0.00272145 -0.00158843 0.999995 351.309 
0.999987 0.00403746 -0.00315528 -0.92097 -0.00403504 0.999992 0.000774946 -6.17391 0.00315838 -0.000762204 0.999995 352.928 
0.999988 0.00345014 -0.00346262 -0.933642 -0.00345061 0.999994 -0.000129819 -6.20275 0.00346215 0.000141766 0.999994 354.547 
0.999989 0.00321005 -0.0035565 -0.946922 -0.00321097 0.999995 -0.000254003 -6.23209 0.00355567 0.00026542 0.999994 356.162 
0.99999 0.00273043 -0.00353871 -0.959545 -0.00273184 0.999996 -0.000395404 -6.26317 0.00353762 0.000405068 0.999994 357.775 
0.999991 0.00220143 -0.00359456 -0.972235 -0.00220482 0.999997 -0.000936979 -6.29514 0.00359249 0.000944896 0.999993 359.385 
0.999991 0.00200657 -0.00372144 -0.985415 -0.00201241 0.999997 -0.00156509 -6.32743 0.00371829 0.00157256 0.999992 360.994 
0.999992 0.00141369 -0.00364008 -0.99774 -0.00141835 0.999998 -0.0012789 -6.36023 0.00363826 0.00128405 0.999993 362.604 
0.999992 0.00171558 -0.00361013 -1.01159 -0.0017232 0.999996 -0.00210658 -6.39189 0.0036065 0.00211279 0.999991 364.214 
0.999993 0.000235746 -0.00365391 -1.02362 -0.000248176 0.999994 -0.00340161 -6.42406 0.00365308 0.00340249 0.999988 365.824 
0.999993 -0.00119775 -0.00358004 -1.03561 0.00119217 0.999998 -0.00156031 -6.45675 0.00358191 0.00155603 0.999992 367.437 
0.99999 -0.00274577 -0.00366171 -1.046 0.0027428 0.999996 -0.000815893 -6.4872 0.00366394 0.000805841 0.999993 369.051 
0.999989 -0.0031293 -0.00362778 -1.05749 0.00312258 0.999993 -0.00185573 -6.51666 0.00363356 0.00184438 0.999992 370.664 
0.999993 -0.00192416 -0.00332415 -1.07223 0.00191594 0.999995 -0.00247377 -6.54685 0.00332889 0.00246738 0.999991 372.277 
0.999996 -0.000174892 -0.00291084 -1.08677 0.000170148 0.999999 -0.00162966 -6.57844 0.00291112 0.00162916 0.999994 373.892 
0.999996 0.00116751 -0.00247159 -1.10071 -0.00116935 0.999999 -0.000741713 -6.60923 0.00247072 0.000744601 0.999997 375.508 
0.999997 0.00136156 -0.00211245 -1.11453 -0.00136379 0.999999 -0.00105109 -6.63707 0.00211101 0.00105397 0.999997 377.106 
0.999951 0.00568542 -0.00814753 -0.747633 -0.00570746 0.99998 -0.002684 -6.77749 0.00813211 0.00273037 0.999963 379.957 
0.999951 0.00581503 -0.00799009 -0.769697 -0.005838 0.999979 -0.00285483 -6.81092 0.00797332 0.00290134 0.999964 381.58 
0.999951 0.00630011 -0.00763478 -0.793203 -0.00632325 0.999975 -0.00301001 -6.84317 0.00761563 0.00305814 0.999966 383.208 
0.999944 0.00774463 -0.00728012 -0.819681 -0.00776621 0.999966 -0.00294064 -6.87496 0.00725709 0.00299701 0.999969 384.841 
0.999932 0.00947063 -0.00681101 -0.847738 -0.00948745 0.999952 -0.00244053 -6.90637 0.00678757 0.00250498 0.999974 386.473 
0.999922 0.0107337 -0.00638494 -0.872366 -0.0107539 0.999937 -0.00312696 -6.93884 0.00635098 0.00319538 0.999975 388.107 
0.999919 0.0111859 -0.00613737 -0.896768 -0.0112096 0.99993 -0.00383081 -6.96586 0.00609409 0.00389929 0.999974 389.763 
0.999921 0.010915 -0.0063064 -0.915488 -0.0109389 0.999933 -0.00377304 -6.99382 0.00626479 0.00384173 0.999973 391.54 
0.999908 0.0121646 -0.00608079 -0.936859 -0.0121825 0.999922 -0.00291051 -7.0248 0.00604491 0.00298432 0.999977 393.229 
0.999897 0.0131446 -0.00575771 -0.957055 -0.0131595 0.99991 -0.00255971 -7.05883 0.00572354 0.00263521 0.99998 394.907 
0.999888 0.0139342 -0.00544821 -0.977294 -0.013951 0.999898 -0.00306789 -7.09087 0.0054049 0.00314355 0.99998 396.589 
0.999887 0.0141295 -0.00522895 -0.997052 -0.0141444 0.999896 -0.00281229 -7.12293 0.00518867 0.00288593 0.999982 398.272 
