1 0 -0 0 -0 1 0 0 0 -0 1 -0 
1 -0.00051541 -0.000208964 -0.00636171 0.000515746 0.999999 0.00161552 -0.0211503 0.000208131 -0.00161563 0.999999 1.3325 
0.999998 -0.0016367 -0.000646502 -0.0120284 0.0016378 0.999997 0.00170966 -0.0429864 0.000643702 -0.00171072 0.999998 2.66778 
0.999995 -0.00298146 -0.000752138 -0.0164491 0.00298194 0.999995 0.000630258 -0.0625796 0.000750255 -0.000632498 1 4.00652 
0.999995 -0.00325793 -0.000600754 -0.0232651 0.00325835 0.999994 0.000698835 -0.0832919 0.000598474 -0.000700788 1 5.35028 
0.999993 -0.00375859 -0.00058713 -0.0302457 0.00375952 0.999992 0.00158814 -0.105004 0.000581156 -0.00159034 0.999999 6.69595 
0.999986 -0.00521346 -0.000468332 -0.0352979 0.00521474 0.999983 0.00277912 -0.12522 0.000453834 -0.00278153 0.999996 8.04592 
0.999988 -0.0048031 -0.000690441 -0.0429677 0.00480536 0.999983 0.00331491 -0.145294 0.000674508 -0.00331818 0.999994 9.39852 
0.999992 -0.00396674 -0.001084 -0.0513983 0.00396836 0.999991 0.00149686 -0.164757 0.00107805 -0.00150115 0.999998 10.7519 
0.999999 -0.00114482 -0.00113688 -0.0638598 0.00114402 0.999999 -0.000701503 -0.185739 0.00113769 0.000700202 0.999999 12.1077 
0.999997 0.00231846 -0.000952943 -0.0779544 -0.00231998 0.999996 -0.00159869 -0.20858 0.000949233 0.00160089 0.999998 13.4683 
0.999989 0.00467209 -0.000890561 -0.0913538 -0.0046736 0.999988 -0.00169667 -0.233321 0.000882623 0.00170081 0.999998 14.8338 
0.999984 0.00569018 -0.000754111 -0.102254 -0.00569081 0.999983 -0.000828064 -0.256916 0.000749387 0.000832341 0.999999 16.2016 
0.999995 0.00325044 -0.000330406 -0.108576 -0.00324981 0.999993 0.00188315 -0.278165 0.000336525 -0.00188206 0.999998 17.5734 
1 -0.000860113 -0.000252723 -0.109884 0.000861035 0.999993 0.00366989 -0.299186 0.000249564 -0.00367011 0.999993 18.9465 
0.999995 -0.00319857 -0.000590809 -0.112711 0.00319938 0.999994 0.00136935 -0.31958 0.000586426 -0.00137123 0.999999 20.3169 
0.999991 -0.00425428 -0.000658315 -0.117127 0.00425387 0.999991 -0.000618792 -0.339835 0.000660941 0.000615986 1 21.6908 
0.999998 -0.00193014 -8.98275e-05 -0.127185 0.00192994 0.999996 -0.00221422 -0.36442 9.41009e-05 0.00221404 0.999998 23.0663 
0.999999 0.000835483 0.000731297 -0.139332 -0.00083532 1 -0.00022287 -0.384759 -0.000731483 0.000222259 1 24.4481 
0.999998 0.00129763 0.00125898 -0.147014 -0.00130188 0.999993 0.00338303 -0.406237 -0.00125458 -0.00338467 0.999993 25.8334 
0.999998 -0.00110158 0.00170813 -0.148433 0.0010924 0.999985 0.00536674 -0.422345 -0.00171401 -0.00536486 0.999984 27.2201 
0.999987 -0.00500179 0.00129303 -0.146836 0.00499723 0.999981 0.00350398 -0.440221 -0.00131053 -0.00349747 0.999993 28.6049 
0.999985 -0.00538119 0.00126713 -0.149153 0.00537962 0.999985 0.00123363 -0.459223 -0.00127375 -0.00122679 0.999998 29.9924 
0.999983 -0.00561196 0.00185126 -0.152396 0.00561435 0.999983 -0.00129041 -0.481127 -0.00184399 0.00130078 0.999997 31.3829 
0.999994 -0.00222485 0.00249958 -0.161145 0.00222989 0.999995 -0.00201814 -0.50686 -0.00249507 0.0020237 0.999995 32.7758 
0.999995 -0.00135208 0.00281748 -0.166506 0.00136395 0.99999 -0.00421696 -0.532481 -0.00281175 0.00422079 0.999987 34.1713 
0.999996 -0.000289606 0.00287084 -0.171777 0.000300132 0.999993 -0.0036666 -0.559027 -0.00286976 0.00366745 0.999989 35.5684 
0.999996 -0.000298377 0.00271383 -0.175886 0.000305074 0.999997 -0.00246755 -0.585714 -0.00271309 0.00246836 0.999993 36.9722 
0.999997 0.000898591 0.00236788 -0.181544 -0.000896407 0.999999 -0.000922987 -0.611201 -0.00236871 0.000920862 0.999997 38.3759 
0.99999 0.00369573 0.00240899 -0.189868 -0.00369423 0.999993 -0.000628784 -0.636064 -0.00241129 0.000619878 0.999997 39.7839 
0.999978 0.00603202 0.00265225 -0.198178 -0.00602938 0.999981 -0.00100326 -0.66092 -0.00265825 0.000987243 0.999996 41.1947 
0.999961 0.00838471 0.00262115 -0.206768 -0.00838329 0.999965 -0.000549877 -0.685592 -0.00262567 0.000527881 0.999996 42.6085 
0.999955 0.00916227 0.00234102 -0.213073 -0.00916112 0.999958 -0.000502514 -0.709906 -0.00234553 0.000481046 0.999997 44.0266 
0.999964 0.00827007 0.00186654 -0.217777 -0.00826896 0.999966 -0.000600831 -0.734957 -0.00187144 0.000585375 0.999998 45.4452 
0.999971 0.00754848 0.00118502 -0.22283 -0.00754725 0.999971 -0.00103925 -0.759604 -0.00119283 0.00103028 0.999999 46.8669 
0.999976 0.00693344 0.000280256 -0.229504 -0.0069332 0.999976 -0.000828121 -0.784885 -0.000285991 0.000826158 1 48.2908 
0.999973 0.00729465 -0.000631111 -0.23914 -0.00729444 0.999973 0.000330875 -0.80964 0.000633508 -0.000326262 1 49.72 
0.999968 0.0077859 -0.00165194 -0.250159 -0.00778596 0.99997 -3.27692e-05 -0.833926 0.00165164 4.56301e-05 0.999999 51.1528 
0.999963 0.00817197 -0.00275786 -0.262704 -0.00817102 0.999967 0.000357087 -0.857169 0.00276069 -0.000334539 0.999996 52.5898 
0.999959 0.00825867 -0.00384454 -0.276222 -0.00825383 0.999965 0.0012729 -0.881139 0.00385491 -0.00124112 0.999992 54.0307 
0.999967 0.00668278 -0.00455227 -0.288688 -0.00667274 0.999975 0.00221718 -0.904274 0.00456697 -0.00218673 0.999987 55.4753 
0.999972 0.00543894 -0.00504892 -0.301486 -0.00542709 0.999982 0.00235792 -0.927045 0.00506166 -0.00233046 0.999984 56.9183 
0.99998 0.00301373 -0.00549662 -0.313774 -0.00300461 0.999994 0.0016659 -0.949221 0.00550161 -0.00164935 0.999984 58.36 
0.999983 0.00198628 -0.00555203 -0.32683 -0.00197532 0.999996 0.00197834 -0.972644 0.00555594 -0.00196734 0.999983 59.8012 
0.999987 0.000719046 -0.00510434 -0.340049 -0.000705626 0.999996 0.00263056 -0.996158 0.00510621 -0.00262692 0.999984 61.241 
0.999989 -0.000359797 -0.00465091 -0.352643 0.000374898 0.999995 0.00324647 -1.01954 0.00464972 -0.00324818 0.999984 62.6782 
0.999989 -0.00200626 -0.00413694 -0.363747 0.00201807 0.999994 0.00285201 -1.04322 0.00413119 -0.00286033 0.999987 64.1116 
0.999986 -0.0036709 -0.00369358 -0.374449 0.00367851 0.999991 0.00205499 -1.0673 0.003686 -0.00206855 0.999991 65.5411 
0.999991 -0.00291714 -0.00305643 -0.387432 0.00292212 0.999994 0.00162633 -1.09232 0.00305167 -0.00163525 0.999994 66.9666 
0.999997 -0.00137621 -0.00224169 -0.401573 0.00137935 0.999998 0.00139827 -1.11763 0.00223976 -0.00140136 0.999997 68.3911 
0.999997 0.00195626 -0.00165441 -0.416873 -0.00195182 0.999994 0.00268161 -1.14238 0.00165965 -0.00267838 0.999995 69.8115 
0.999986 0.00531131 -0.000883206 -0.431756 -0.00530777 0.999978 0.00397017 -1.16581 0.000904273 -0.00396542 0.999992 71.2301 
0.999955 0.00944442 -8.71713e-05 -0.447603 -0.00944394 0.999946 0.00441217 -1.18829 0.000128837 -0.00441115 0.99999 72.6432 
0.999905 0.0137522 0.000572584 -0.463722 -0.0137544 0.999897 0.0040949 -1.21063 -0.000516211 -0.00410239 0.999991 74.0543 
0.999855 0.016964 0.00127009 -0.476958 -0.0169683 0.99985 0.00351409 -1.23378 -0.00121028 -0.00353513 0.999993 75.458 
0.99982 0.0188801 0.00195575 -0.487236 -0.0188867 0.999816 0.00338278 -1.25709 -0.00189152 -0.00341911 0.999992 76.8595 
0.999815 0.0190826 0.00230262 -0.494822 -0.0190912 0.999811 0.00374879 -1.28017 -0.00223065 -0.00379206 0.99999 78.2584 
0.999833 0.0181022 0.00239863 -0.500171 -0.0181104 0.99983 0.00345584 -1.30343 -0.00233566 -0.0034987 0.999991 79.6548 
0.999856 0.016837 0.00224373 -0.504652 -0.0168428 0.999855 0.00259514 -1.32691 -0.00219971 -0.00263256 0.999994 81.0454 
0.999865 0.0163452 0.00190251 -0.509015 -0.0163501 0.999863 0.00257833 -1.35147 -0.00186011 -0.00260909 0.999995 82.4322 
0.999866 0.0162818 0.00162914 -0.515959 -0.0162863 0.999864 0.00274996 -1.37507 -0.00158414 -0.00277613 0.999995 83.8211 
0.99987 0.0161051 0.00109677 -0.523072 -0.0161076 0.999868 0.0022875 -1.399 -0.00105978 -0.00230487 0.999997 85.207 
0.999868 0.0162398 0.000369376 -0.531845 -0.0162408 0.999865 0.0026373 -1.42317 -0.000326497 -0.00264295 0.999996 86.5909 
0.999878 0.01562 -0.000626941 -0.540857 -0.0156177 0.999872 0.0035067 -1.44663 0.000681635 -0.00349648 0.999994 87.9716 
0.999908 0.0134731 -0.00170703 -0.548925 -0.0134653 0.999899 0.00449261 -1.46915 0.00176739 -0.00446921 0.999988 89.3505 
0.999931 0.0113901 -0.00286896 -0.558589 -0.0113757 0.999923 0.00497077 -1.49067 0.00292535 -0.00493779 0.999984 90.7248 
0.999949 0.00947178 -0.00358536 -0.568744 -0.00945389 0.999943 0.00497618 -1.51187 0.00363229 -0.00494203 0.999981 92.0973 
0.999959 0.0080568 -0.00405588 -0.580847 -0.00803839 0.999957 0.00453497 -1.53371 0.00409224 -0.00450218 0.999981 93.4645 
0.999966 0.00708714 -0.004283 -0.594146 -0.00706947 0.999966 0.00412713 -1.55528 0.00431211 -0.00409671 0.999982 94.8314 
0.999962 0.00758287 -0.00439455 -0.608259 -0.00756723 0.999965 0.0035638 -1.57791 0.00442142 -0.00353041 0.999984 96.1962 
0.999964 0.00735299 -0.00428048 -0.622216 -0.00733996 0.999968 0.00305246 -1.60072 0.00430279 -0.00302093 0.999986 97.557 
0.999957 0.00832278 -0.00413754 -0.637955 -0.00831312 0.999963 0.00234544 -1.62439 0.0041569 -0.00231094 0.999989 98.913 
0.999947 0.00957784 -0.00385243 -0.653982 -0.00956749 0.999951 0.00269566 -1.64769 0.00387805 -0.00265865 0.999989 100.267 
0.999941 0.0102056 -0.00359237 -0.669042 -0.0101907 0.99994 0.00413489 -1.67006 0.00363435 -0.00409804 0.999985 101.618 
0.999929 0.0113623 -0.0034969 -0.684524 -0.011343 0.999921 0.00549448 -1.69247 0.00355906 -0.00545443 0.999979 102.967 
0.999938 0.0106326 -0.00338825 -0.697471 -0.0106186 0.999935 0.00410209 -1.71391 0.00343164 -0.00406585 0.999986 104.309 
0.999938 0.0106347 -0.00328147 -0.710659 -0.0106291 0.999942 0.0017373 -1.73511 0.00329976 -0.00170231 0.999993 105.647 
0.999945 0.00995931 -0.00342318 -0.723622 -0.00995745 0.99995 0.000559627 -1.7581 0.00342858 -0.00052551 0.999994 106.983 
0.999965 0.00774276 -0.00331681 -0.734387 -0.00773695 0.999969 0.00176202 -1.78145 0.00333035 -0.00173629 0.999993 108.322 
0.999982 0.00532505 -0.00266196 -0.7443 -0.00531503 0.999979 0.00375961 -1.80401 0.00268192 -0.0037454 0.999989 109.66 
0.999991 0.00378561 -0.00180177 -0.753044 -0.00377779 0.999984 0.00432352 -1.82551 0.00181811 -0.00431668 0.999989 110.994 
0.999995 0.00296467 -0.00102763 -0.761596 -0.00296165 0.999991 0.00293007 -1.84634 0.00103631 -0.00292702 0.999995 112.327 
0.999987 0.00504861 -0.000324159 -0.772677 -0.00504842 0.999987 0.000583851 -1.86857 0.000327103 -0.000582207 1 113.659 
0.999974 0.00717311 0.0008612 -0.783509 -0.00717177 0.999973 -0.00155464 -1.8922 -0.000872328 0.00154842 0.999998 114.993 
0.999945 0.0102555 0.00229282 -0.795095 -0.0102521 0.999946 -0.00146136 -1.91753 -0.00230769 0.00143777 0.999996 116.33 
0.999927 0.0115045 0.00374887 -0.802248 -0.0115064 0.999934 0.00048088 -1.94248 -0.00374309 -0.000523981 0.999993 117.668 
0.999921 0.011604 0.00481695 -0.805326 -0.0116172 0.999929 0.00271442 -1.96542 -0.00478511 -0.00277017 0.999985 119.009 
0.999925 0.0108808 0.00560787 -0.805544 -0.010899 0.999935 0.00322066 -1.98606 -0.00557246 -0.00328154 0.999979 120.351 
0.999914 0.0112999 0.00663042 -0.80587 -0.0113175 0.999933 0.00262333 -2.00573 -0.00660033 -0.00269815 0.999975 121.697 
0.999881 0.013263 0.00786772 -0.807686 -0.0132796 0.99991 0.00204954 -2.0258 -0.00783983 -0.00215377 0.999967 123.045 
0.999841 0.0153304 0.00910018 -0.809253 -0.0153466 0.999881 0.00171506 -2.04776 -0.00907281 -0.00185445 0.999957 124.39 
0.999819 0.0160669 0.0102338 -0.807905 -0.0160747 0.999871 0.000684398 -2.06971 -0.0102215 -0.00084878 0.999947 125.74 
0.999789 0.0172025 0.0112275 -0.804307 -0.0172022 0.999852 -0.000120006 -2.09258 -0.0112279 -7.31582e-05 0.999937 127.089 
0.999792 0.0163168 0.0122694 -0.797744 -0.0163141 0.999867 -0.000320269 -2.11601 -0.012273 0.000120038 0.999925 128.44 
0.999787 0.0158875 0.0131507 -0.790267 -0.0158988 0.999873 0.000753322 -2.13953 -0.0131371 -0.000962243 0.999913 129.791 
0.999796 0.0145287 0.0139992 -0.780975 -0.0145533 0.999893 0.00165724 -2.16273 -0.0139736 -0.00186063 0.999901 131.143 
0.999804 0.0137213 0.0142928 -0.770513 -0.0137511 0.999903 0.00198661 -2.18485 -0.0142641 -0.00218276 0.999896 132.494 
0.999832 0.0114573 0.0142998 -0.75807 -0.011489 0.999932 0.00214022 -2.20628 -0.0142743 -0.00230415 0.999895 133.845 
0.999852 0.00987422 0.0140698 -0.746308 -0.00991566 0.999947 0.00287864 -2.22784 -0.0140406 -0.00301773 0.999897 135.196 
0.999874 0.00829439 0.0135154 -0.734867 -0.00832919 0.999962 0.00251987 -2.24904 -0.013494 -0.00263213 0.999905 136.547 
0.9999 0.00693146 0.012335 -0.723682 -0.00696206 0.999973 0.00243958 -2.26947 -0.0123177 -0.00252522 0.999921 137.9 
0.999922 0.00546712 0.0112383 -0.714631 -0.00550517 0.999979 0.00335753 -2.29021 -0.0112197 -0.00341914 0.999931 139.252 
0.999941 0.00387388 0.0101621 -0.705525 -0.00391011 0.999986 0.00354731 -2.31134 -0.0101482 -0.00358684 0.999942 140.605 
0.999954 0.00342461 0.00891735 -0.700165 -0.00345673 0.999988 0.003589 -2.3316 -0.00890495 -0.00361966 0.999954 141.956 
0.999965 0.00304595 0.00773678 -0.696433 -0.00306958 0.999991 0.00304428 -2.35251 -0.00772743 -0.00306792 0.999965 143.309 
0.999973 0.00288036 0.00673978 -0.693788 -0.00289897 0.999992 0.00275222 -2.37377 -0.0067318 -0.00277168 0.999973 144.66 
0.999983 0.000504081 0.00579956 -0.691413 -0.000506429 1 0.00040329 -2.39799 -0.00579936 -0.000406221 0.999983 146.009 
0.999977 -0.00489405 0.00472708 -0.684829 0.0048942 0.999988 -2.15963e-05 -2.42022 -0.00472691 4.4731e-05 0.999989 147.361 
0.999914 -0.0126181 0.00362853 -0.67426 0.0126097 0.999918 0.00232747 -2.44298 -0.0036576 -0.00228152 0.999991 148.719 
0.999811 -0.0193541 0.00198055 -0.663947 0.0193464 0.999805 0.00383628 -2.46258 -0.00205441 -0.00379723 0.999991 150.074 
0.999743 -0.0226378 0.000921305 -0.659892 0.0226374 0.999744 0.000452387 -2.484 -0.00093131 -0.000431415 0.999999 151.425 
0.999756 -0.0220693 0.00121879 -0.662503 0.0220724 0.999753 -0.00261222 -2.50885 -0.00116084 0.00263849 0.999996 152.776 
0.99982 -0.0188482 0.00208235 -0.669998 0.0188577 0.999811 -0.00463434 -2.53887 -0.00199461 0.00467277 0.999987 154.131 
0.999817 -0.018914 0.00276797 -0.673195 0.0189266 0.99981 -0.00459249 -2.57005 -0.00268058 0.00464404 0.999986 155.487 
0.999747 -0.0222629 0.00328122 -0.668916 0.0222664 0.999752 -0.00103423 -2.59874 -0.00325738 0.00110703 0.999994 156.848 
0.999616 -0.0274856 0.00365517 -0.660755 0.0274793 0.999621 0.00175157 -2.62441 -0.00370192 -0.00165046 0.999992 158.208 
0.999505 -0.0312372 0.0036513 -0.653851 0.0312262 0.999508 0.00304879 -2.64516 -0.00374473 -0.00293326 0.999989 159.566 
0.999454 -0.0328378 0.0036869 -0.651052 0.0328272 0.999457 0.00290656 -2.66557 -0.00378034 -0.00278394 0.999989 160.923 
0.999509 -0.0309901 0.00463245 -0.652488 0.0309732 0.999513 0.00367621 -2.68619 -0.00474412 -0.00353093 0.999983 162.282 
0.999618 -0.027012 0.00580004 -0.656742 0.026996 0.999632 0.00281902 -2.70697 -0.00587406 -0.00266136 0.999979 163.642 
0.999703 -0.0234278 0.00670315 -0.659812 0.0234239 0.999725 0.00065548 -2.72821 -0.00671667 -0.000498272 0.999977 165.002 
0.999761 -0.0205693 0.00746004 -0.660941 0.0205693 0.999788 7.97881e-05 -2.74926 -0.0074601 7.36787e-05 0.999972 166.365 
0.999793 -0.0187333 0.00788195 -0.66056 0.018724 0.999824 0.00125573 -2.77157 -0.00790409 -0.00110789 0.999968 167.731 
0.999828 -0.0168719 0.00769786 -0.660056 0.0168657 0.999857 0.000864767 -2.79432 -0.00771135 -0.000734789 0.99997 169.096 
0.999864 -0.0148193 0.00725052 -0.660172 0.0148315 0.999889 -0.00163184 -2.81748 -0.00722553 0.00173916 0.999972 170.46 
0.999917 -0.0109728 0.00681667 -0.664092 0.0110033 0.99993 -0.00445969 -2.84309 -0.00676726 0.00453433 0.999967 171.825 
0.999961 -0.00578576 0.00670078 -0.670402 0.00582436 0.999966 -0.00575462 -2.87147 -0.00666726 0.00579343 0.999961 173.192 
0.999975 -0.00119316 0.00703093 -0.676413 0.00122529 0.999989 -0.00456666 -2.90111 -0.00702541 0.00457515 0.999965 174.566 
0.999969 0.00175238 0.00765055 -0.68012 -0.00173217 0.999995 -0.00264763 -2.92994 -0.00765516 0.0026343 0.999967 175.944 
0.999967 0.00253578 0.007678 -0.679278 -0.00253267 0.999997 -0.00041457 -2.95477 -0.00767902 0.00039511 0.99997 177.329 
0.999976 -0.000697105 0.00690496 -0.673639 0.000693758 1 0.000487043 -2.97724 -0.00690529 -0.000482241 0.999976 178.713 
0.999982 -0.00282574 0.00520788 -0.669732 0.0028225 0.999996 0.000628534 -2.99921 -0.00520963 -0.000613824 0.999986 180.098 
0.99999 -0.00316767 0.00317066 -0.66924 0.00317923 0.999988 -0.00364453 -3.02438 -0.00315908 0.00365458 0.999988 181.485 
0.999998 -0.00142888 0.00170836 -0.675163 0.00144234 0.999968 -0.00790139 -3.05292 -0.00169702 0.00790383 0.999967 182.879 
0.999994 0.00335358 0.00106912 -0.68845 -0.00334437 0.999958 -0.00850012 -3.08653 -0.00109758 0.0084965 0.999963 184.276 
0.999976 0.00680942 0.000923608 -0.70143 -0.00680227 0.999948 -0.00754069 -3.12098 -0.000974909 0.00753423 0.999971 185.682 
0.999959 0.00901012 0.00117336 -0.712382 -0.00900524 0.999951 -0.00410124 -3.15128 -0.00121026 0.00409051 0.999991 187.096 
0.999951 0.00974113 0.00151551 -0.721005 -0.00973784 0.99995 -0.00216014 -3.17912 -0.00153647 0.00214527 0.999997 188.509 
0.999956 0.00923162 0.00159595 -0.726337 -0.00922961 0.999957 -0.00125821 -3.20375 -0.0016075 0.00124343 0.999998 189.926 
0.99997 0.00752661 0.0015553 -0.730188 -0.00752563 0.999971 -0.000639996 -3.22933 -0.00156008 0.000628273 0.999999 191.346 
0.999986 0.00496919 0.00168005 -0.732933 -0.00496907 0.999988 -7.35536e-05 -3.2548 -0.00168039 6.52043e-05 0.999999 192.768 
0.999996 0.00227064 0.00191541 -0.733607 -0.00227055 0.999997 -4.85703e-05 -3.27967 -0.00191552 4.42211e-05 0.999998 194.195 
0.999997 -0.000853223 0.00229723 -0.733954 0.000850904 0.999999 0.00100999 -3.30294 -0.00229809 -0.00100803 0.999997 195.626 
0.999983 -0.00519383 0.00273272 -0.732327 0.00518691 0.999983 0.002535 -3.32486 -0.00274584 -0.00252079 0.999993 197.06 
0.999965 -0.00783023 0.00299846 -0.730213 0.00782299 0.999966 0.002418 -3.34687 -0.0030173 -0.00239446 0.999993 198.496 
0.999978 -0.00582475 0.00320247 -0.733589 0.00583092 0.999981 -0.00192211 -3.37137 -0.00319122 0.00194074 0.999993 199.929 
0.999992 0.00140777 0.00361739 -0.744412 -0.00138268 0.999975 -0.00693056 -3.39952 -0.00362706 0.0069255 0.999969 201.362 
0.999934 0.0104403 0.00487022 -0.75993 -0.0104063 0.999922 -0.00694491 -3.43091 -0.00494234 0.00689376 0.999964 202.802 
0.999814 0.0183078 0.0061022 -0.774509 -0.0182881 0.999827 -0.00326616 -3.46195 -0.00616094 0.00315395 0.999976 204.249 
0.999791 0.0192507 0.00689497 -0.778134 -0.0192434 0.999814 -0.00112394 -3.48743 -0.00691533 0.00099102 0.999976 205.698 
0.999829 0.0173257 0.00642108 -0.775135 -0.0173218 0.99985 -0.000661899 -3.51066 -0.00643158 0.000550562 0.999979 207.146 
0.999887 0.0141092 0.00520742 -0.769425 -0.0141058 0.9999 -0.000702566 -3.53556 -0.00521681 0.000629032 0.999986 208.6 
0.999918 0.0120789 0.00423658 -0.766573 -0.0120736 0.999926 -0.00127468 -3.56188 -0.00425167 0.00122342 0.99999 210.054 
0.999915 0.0124761 0.00367394 -0.768377 -0.0124696 0.999921 -0.00178239 -3.58849 -0.00369588 0.00173643 0.999992 211.513 
0.999898 0.0138385 0.00352651 -0.77349 -0.0138329 0.999903 -0.00159178 -3.6156 -0.00354819 0.00154283 0.999993 212.978 
0.99988 0.0151085 0.00345373 -0.77992 -0.0151061 0.999886 -0.000721704 -3.6417 -0.00346424 0.000669445 0.999994 214.448 
0.999891 0.0144439 0.00316547 -0.784393 -0.0144401 0.999895 -0.00123166 -3.6685 -0.00318293 0.00118582 0.999994 215.92 
0.999896 0.0141262 0.00278678 -0.788544 -0.0141201 0.999898 -0.00222328 -3.69494 -0.0028179 0.0021837 0.999994 217.393 
0.999907 0.0133742 0.00251379 -0.792466 -0.0133678 0.999907 -0.00254547 -3.72229 -0.0025476 0.00251163 0.999994 218.873 
0.999903 0.0137452 0.00214161 -0.798399 -0.0137395 0.999902 -0.00262887 -3.75108 -0.00217753 0.00259919 0.999994 220.357 
0.999899 0.0140722 0.00186264 -0.805307 -0.0140668 0.999897 -0.00284221 -3.78025 -0.00190244 0.00281572 0.999994 221.844 
0.9999 0.0140645 0.00160922 -0.812499 -0.0140596 0.999897 -0.00300435 -3.80919 -0.00165131 0.00298142 0.999994 223.334 
0.999885 0.0150957 0.00120646 -0.82099 -0.0150916 0.999881 -0.00333187 -3.83898 -0.00125661 0.00331329 0.999994 224.827 
0.99989 0.0148261 0.000845825 -0.828106 -0.0148231 0.999884 -0.00345886 -3.86798 -0.000897008 0.00344594 0.999994 226.325 
0.999883 0.0153109 0.000549725 -0.836349 -0.015309 0.999877 -0.00338188 -3.89849 -0.000601438 0.00337307 0.999994 227.828 
0.999893 0.0145963 0.000460908 -0.843805 -0.0145946 0.999888 -0.0034382 -3.92833 -0.000511041 0.00343111 0.999994 229.335 
0.999913 0.0131542 0.000494127 -0.850679 -0.0131523 0.999907 -0.00365394 -3.95899 -0.000542145 0.00364713 0.999993 230.843 
0.999927 0.0120784 0.000597369 -0.857608 -0.0120763 0.999921 -0.00341663 -3.98926 -0.000638589 0.00340916 0.999994 232.355 
0.999942 0.0107407 0.000770302 -0.863582 -0.0107386 0.999939 -0.00262461 -4.02006 -0.000798445 0.00261619 0.999996 233.873 
0.999942 0.0107703 0.000668588 -0.871635 -0.0107687 0.999939 -0.00242052 -4.05017 -0.000694617 0.00241318 0.999997 235.391 
0.999937 0.0111648 0.00070321 -0.879901 -0.0111628 0.999934 -0.00270321 -4.0809 -0.000733345 0.00269519 0.999996 236.912 
0.99993 0.0118202 0.000967896 -0.888009 -0.0118169 0.999925 -0.00335043 -4.11127 -0.00100743 0.00333875 0.999994 238.433 
0.999913 0.0131393 0.00146272 -0.89704 -0.0131353 0.99991 -0.0026644 -4.14161 -0.0014976 0.00264495 0.999995 239.958 
0.999908 0.0134193 0.00217028 -0.904197 -0.0134181 0.99991 -0.000557744 -4.17063 -0.00217757 0.000528572 0.999997 241.486 
0.999909 0.0132178 0.00274339 -0.909313 -0.0132176 0.999913 -8.7399e-05 -4.19888 -0.0027443 5.113e-05 0.999996 243.013 
0.999903 0.0135536 0.00325701 -0.914243 -0.0135481 0.999907 -0.0017011 -4.2264 -0.00327977 0.0016568 0.999993 244.541 
0.999897 0.0138632 0.00378473 -0.91909 -0.0138517 0.999899 -0.00304225 -4.25508 -0.00382652 0.00298951 0.999988 246.071 
0.999884 0.0146387 0.00412719 -0.923692 -0.0146282 0.99989 -0.00256178 -4.2843 -0.00416424 0.00250111 0.999988 247.605 
0.999889 0.0143263 0.00412583 -0.927857 -0.0143201 0.999896 -0.0015111 -4.31294 -0.00414705 0.00145185 0.99999 249.14 
0.999887 0.0145454 0.00381635 -0.929712 -0.0145415 0.999894 -0.00105089 -4.34282 -0.00383123 0.000995281 0.999992 250.678 
0.999882 0.0149107 0.0035831 -0.934066 -0.0149069 0.999888 -0.00106376 -4.36995 -0.00359856 0.00101023 0.999993 252.216 
0.999859 0.0163674 0.0037208 -0.938555 -0.0163647 0.999866 -0.000754073 -4.39845 -0.00373264 0.000693077 0.999993 253.758 
0.999838 0.0175791 0.00398508 -0.945061 -0.0175759 0.999845 -0.000814297 -4.42502 -0.00399878 0.000744123 0.999992 255.301 
0.999834 0.01778 0.00393601 -0.950142 -0.017778 0.999842 -0.000537374 -4.45244 -0.00394494 0.00046731 0.999992 256.845 
0.99986 0.0163065 0.00388081 -0.952208 -0.0163052 0.999867 -0.000365581 -4.47879 -0.00388626 0.000302253 0.999992 258.394 
0.999889 0.0143948 0.00384378 -0.954239 -0.0143964 0.999896 0.000401978 -4.50452 -0.00383759 -0.00045727 0.999993 259.943 
0.999921 0.0119478 0.00390881 -0.954162 -0.0119524 0.999928 0.00115922 -4.53051 -0.00389467 -0.00120585 0.999992 261.494 
0.999939 0.0104607 0.00359959 -0.954344 -0.0104624 0.999945 0.000439977 -4.55628 -0.00359479 -0.00047761 0.999993 263.043 
0.99995 0.00935348 0.00341132 -0.956362 -0.00935174 0.999956 -0.00052437 -4.58287 -0.00341607 0.000492442 0.999994 264.592 
0.999964 0.00753968 0.00394536 -0.95707 -0.00754449 0.999971 0.00120522 -4.60796 -0.00393615 -0.00123494 0.999991 266.145 
0.999976 0.0054733 0.00429016 -0.957151 -0.00548619 0.99998 0.00299745 -4.63244 -0.00427367 -0.00302091 0.999986 267.699 
0.99998 0.00447754 0.00435464 -0.957818 -0.00448688 0.999988 0.00213769 -4.65411 -0.00434502 -0.00215719 0.999988 269.247 
0.999981 0.00401988 0.0047372 -0.957566 -0.00402535 0.999991 0.00114672 -4.67728 -0.00473255 -0.00116577 0.999988 270.8 
0.999974 0.00479299 0.00542703 -0.959824 -0.00479775 0.999988 0.000865532 -4.70326 -0.00542282 -0.000891547 0.999985 272.352 
0.999958 0.00654047 0.00644433 -0.962924 -0.00654679 0.999978 0.000960592 -4.73038 -0.00643791 -0.00100274 0.999979 273.905 
0.99994 0.00808677 0.00738531 -0.964725 -0.00809169 0.999967 0.000637216 -4.75722 -0.00737991 -0.000696938 0.999973 275.46 
0.999923 0.00919767 0.00832534 -0.964265 -0.00920173 0.999958 0.000448903 -4.78511 -0.00832086 -0.000525476 0.999965 277.017 
0.999907 0.0100765 0.0091736 -0.96207 -0.0100786 0.999949 0.000185646 -4.81234 -0.00917127 -0.000278086 0.999958 278.578 
0.999897 0.0103841 0.00994692 -0.958129 -0.0103796 0.999946 -0.00050564 -4.8399 -0.00995163 0.000402343 0.99995 280.136 
0.999893 0.00982596 0.0108496 -0.951996 -0.00981482 0.999951 -0.00108015 -4.86842 -0.0108597 0.000973545 0.999941 281.698 
0.999889 0.00916564 0.0117291 -0.94166 -0.00915824 0.999958 -0.000685093 -4.89717 -0.0117349 0.000577599 0.999931 283.258 
0.99989 0.00811202 0.012395 -0.930644 -0.00811667 0.999967 0.000325268 -4.92551 -0.012392 -0.000425838 0.999923 284.822 
0.999896 0.00697345 0.012663 -0.917066 -0.00698188 0.999975 0.000621749 -4.95342 -0.0126584 -0.000710096 0.99992 286.383 
0.999899 0.00645261 0.0126257 -0.903188 -0.00643002 0.999978 -0.00182895 -4.98267 -0.0126373 0.00174758 0.999919 287.945 
0.999912 0.00502196 0.0122846 -0.890791 -0.00497341 0.99998 -0.00397999 -5.01189 -0.0123044 0.00391855 0.999917 289.506 
0.999922 0.00511797 0.0114353 -0.879243 -0.00507284 0.999979 -0.00397182 -5.04395 -0.0114554 0.0039135 0.999927 291.07 
0.999936 0.00390681 0.010618 -0.868236 -0.00386494 0.999985 -0.00396037 -5.07439 -0.0106333 0.00391908 0.999936 292.636 
0.999945 0.00404063 0.00965709 -0.859783 -0.00399651 0.999982 -0.00458421 -5.10563 -0.00967543 0.00454536 0.999943 294.207 
0.999951 0.00419677 0.00899656 -0.853459 -0.00415286 0.999979 -0.00489345 -5.1376 -0.00901691 0.00485585 0.999948 295.779 
0.999956 0.00419295 0.00834088 -0.847944 -0.00415642 0.999982 -0.0043918 -5.17146 -0.00835914 0.00435694 0.999956 297.356 
0.999965 0.00383246 0.00737775 -0.842477 -0.00380114 0.999984 -0.00425467 -5.20444 -0.00739394 0.00422648 0.999964 298.935 
0.999974 0.00325439 0.00635832 -0.839129 -0.00323611 0.999991 -0.00288361 -5.23623 -0.00636765 0.00286296 0.999976 300.519 
0.99997 0.005152 0.00581445 -0.839031 -0.00514302 0.999986 -0.00155786 -5.26657 -0.00582239 0.00152791 0.999982 302.111 
0.999963 0.00554542 0.00654038 -0.837855 -0.00553575 0.999984 -0.00149606 -5.2948 -0.00654857 0.0014598 0.999977 303.706 
0.999955 0.00600905 0.00737433 -0.834756 -0.00599605 0.99998 -0.00178416 -5.32395 -0.00738491 0.00173986 0.999971 305.306 
0.999959 0.00472017 0.00768729 -0.827937 -0.00470541 0.999987 -0.00193668 -5.35381 -0.00769633 0.00190042 0.999969 306.909 
0.999966 0.00273184 0.00782059 -0.819553 -0.00270939 0.999992 -0.00287998 -5.38494 -0.0078284 0.0028587 0.999965 308.516 
0.999966 0.00130709 0.00818085 -0.812493 -0.00126748 0.999987 -0.00484512 -5.4168 -0.00818708 0.00483458 0.999955 310.125 
0.999968 0.000843943 0.00797954 -0.805884 -0.000797411 0.999983 -0.0058328 -5.45087 -0.00798432 0.00582625 0.999951 311.741 
0.999982 0.00156726 0.00578503 -0.803949 -0.00152782 0.999976 -0.00681562 -5.48681 -0.00579557 0.00680666 0.99996 313.359 
0.99999 0.00262656 0.00368039 -0.806333 -0.00260408 0.999978 -0.00609932 -5.5223 -0.00369633 0.00608968 0.999975 314.983 
0.999987 0.00381066 0.00333192 -0.810825 -0.00380128 0.999989 -0.00281891 -5.55629 -0.00334263 0.00280621 0.99999 316.614 
0.99999 0.00236256 0.00385258 -0.811184 -0.00236355 0.999997 0.000251809 -5.58577 -0.00385198 -0.000260912 0.999993 318.251 
0.999991 0.00151302 0.00397406 -0.810924 -0.00151687 0.999998 0.000966233 -5.61167 -0.00397259 -0.000972252 0.999992 319.887 
0.999991 0.000554467 0.00423259 -0.809428 -0.000553279 1 -0.000281877 -5.63848 -0.00423275 0.000279532 0.999991 321.526 
0.99999 -0.000434593 0.00455218 -0.808574 0.00043611 1 -0.000332352 -5.66717 -0.00455204 0.000334334 0.99999 323.164 
0.999988 -0.000474587 0.00483082 -0.809041 0.000474538 1 1.11544e-05 -5.69796 -0.00483082 -8.86186e-06 0.999988 324.803 
0.999986 -0.00038809 0.0052962 -0.807628 0.000387997 1 1.85586e-05 -5.72857 -0.00529621 -1.65034e-05 0.999986 326.44 
0.999983 0.00118769 0.00573335 -0.808523 -0.00118245 0.999999 -0.000917804 -5.76088 -0.00573444 0.000911009 0.999983 328.075 
0.999978 0.00189264 0.00642176 -0.807752 -0.00188313 0.999997 -0.00148751 -5.79278 -0.00642456 0.00147538 0.999978 329.708 
0.999974 0.000608331 0.00719039 -0.803757 -0.000611813 1 0.000482194 -5.82516 -0.0071901 -0.00048658 0.999974 331.343 
0.999973 -0.000318073 0.00731077 -0.798792 0.00030823 0.999999 0.00134752 -5.85576 -0.00731119 -0.00134523 0.999972 332.975 
0.999973 -0.00142791 0.00715224 -0.792187 0.00142703 0.999999 0.000128673 -5.88419 -0.00715242 -0.000118463 0.999974 334.603 
0.999974 -1.78873e-05 0.00716477 -0.789593 1.63441e-05 1 0.000215455 -5.91487 -0.00716477 -0.000215332 0.999974 336.232 
0.999974 0.00169831 0.00694242 -0.790127 -0.00168609 0.999997 -0.00176484 -5.94607 -0.0069454 0.00175309 0.999974 337.857 
0.999975 0.00340216 0.00627881 -0.789749 -0.00337243 0.999983 -0.00473842 -5.98005 -0.00629483 0.00471712 0.999969 339.481 
0.999974 0.00471102 0.00544655 -0.790451 -0.00468796 0.99998 -0.00423883 -6.01659 -0.00546641 0.00421318 0.999976 341.105 
0.999975 0.00551838 0.00452417 -0.79245 -0.00551517 0.999985 -0.000721659 -6.05071 -0.00452808 0.000696689 0.99999 342.728 
0.999972 0.00667463 0.00348637 -0.796356 -0.00668192 0.999976 0.00208267 -6.0816 -0.00347238 -0.00210591 0.999992 344.351 
0.999973 0.00707581 0.00216029 -0.80209 -0.00707769 0.999975 0.00086821 -6.10917 -0.00215409 -0.000883476 0.999997 345.97 
0.999979 0.00651842 0.000365174 -0.80892 -0.00651817 0.999979 -0.000671819 -6.1377 -0.000369545 0.000669425 1 347.587 
0.999985 0.00529284 -0.00142152 -0.817276 -0.00529184 0.999986 0.000704513 -6.16839 0.00142523 -0.00069698 0.999999 349.204 
0.99999 0.00373138 -0.00242136 -0.826031 -0.00372838 0.999992 0.00124487 -6.1988 0.00242599 -0.00123583 0.999996 350.82 
0.99999 0.00355372 -0.00287063 -0.837948 -0.00355253 0.999994 0.000420431 -6.22733 0.0028721 -0.000410229 0.999996 352.434 
0.999991 0.0029564 -0.00317628 -0.850222 -0.00295794 0.999996 -0.000481279 -6.25681 0.00317485 0.00049067 0.999995 354.049 
0.999991 0.00269186 -0.00328533 -0.862509 -0.00269388 0.999996 -0.000611326 -6.28668 0.00328367 0.000620171 0.999994 355.661 
0.999992 0.00222363 -0.00326645 -0.874687 -0.00222614 0.999997 -0.00076647 -6.3182 0.00326474 0.000773736 0.999994 357.271 
0.999993 0.00169083 -0.00331777 -0.886958 -0.00169521 0.999998 -0.00131776 -6.3507 0.00331554 0.00132338 0.999994 358.88 
0.999993 0.00149886 -0.00344766 -0.899527 -0.00150558 0.999997 -0.00194856 -6.38371 0.00344473 0.00195374 0.999992 360.487 
0.999994 0.000899211 -0.00337818 -0.911193 -0.000904849 0.999998 -0.00166768 -6.4172 0.00337667 0.00167073 0.999993 362.096 
0.999994 0.00117624 -0.00334991 -0.924503 -0.00118462 0.999996 -0.00250087 -6.4493 0.00334695 0.00250483 0.999991 363.704 
0.999994 -0.000302795 -0.003409 -0.935518 0.000289792 0.999993 -0.00381401 -6.48132 0.00341013 0.003813 0.999987 365.313 
0.999993 -0.00177172 -0.00336576 -0.946409 0.00176509 0.999996 -0.00197133 -6.51492 0.00336924 0.00196537 0.999992 366.927 
0.999988 -0.00333297 -0.0034661 -0.955973 0.00332874 0.999994 -0.00122375 -6.54621 0.00347016 0.0012122 0.999993 368.54 
0.999987 -0.00371139 -0.00345009 -0.966813 0.0037036 0.999991 -0.00226211 -6.57643 0.00345845 0.00224931 0.999991 370.153 
0.999992 -0.00251798 -0.00316051 -0.980791 0.00250888 0.999993 -0.00288154 -6.60739 0.00316774 0.00287359 0.999991 371.767 
0.999996 -0.000778596 -0.00276286 -0.994734 0.000772944 0.999998 -0.00204608 -6.63933 0.00276444 0.00204393 0.999994 373.38 
0.999997 0.000541774 -0.00231898 -1.00835 -0.000544425 0.999999 -0.00114255 -6.67114 0.00231836 0.00114381 0.999997 374.994 
0.999998 0.000761658 -0.00198259 -1.02156 -0.000764475 0.999999 -0.00142006 -6.70046 0.0019815 0.00142157 0.999997 376.601 
0.999958 0.00515261 -0.00764419 -0.673471 -0.00517477 0.999982 -0.0028808 -6.84335 0.00762922 0.00292023 0.999967 379.473 
0.999958 0.00530231 -0.00745191 -0.694925 -0.0053251 0.999981 -0.0030416 -6.87625 0.00743564 0.00308115 0.999968 381.062 
0.999958 0.00582472 -0.00707455 -0.718034 -0.00584761 0.999978 -0.00321884 -6.90791 0.00705565 0.00326007 0.99997 382.654 
0.999951 0.00730838 -0.00669386 -0.74374 -0.00732967 0.999968 -0.00316132 -6.93924 0.00667054 0.00321023 0.999973 384.252 
0.99994 0.00907929 -0.00618009 -0.771601 -0.00909581 0.999955 -0.0026498 -6.9704 0.00615575 0.00270585 0.999977 385.847 
0.999931 0.0102553 -0.00575317 -0.794371 -0.0102745 0.999942 -0.00331823 -7.00248 0.00571881 0.00337711 0.999978 387.444 
0.999927 0.0107922 -0.00545307 -0.817036 -0.0108143 0.999933 -0.00404128 -7.02945 0.00540909 0.00409995 0.999977 389.072 
0.999927 0.0107221 -0.0056493 -0.838953 -0.0107454 0.999934 -0.00411037 -7.05497 0.00560486 0.00417078 0.999976 390.855 
0.999912 0.0121205 -0.00538607 -0.858209 -0.0121382 0.999921 -0.00326583 -7.08749 0.00534606 0.00333092 0.99998 392.521 
0.999901 0.0130914 -0.0050842 -0.876604 -0.0131065 0.99991 -0.00293742 -7.1215 0.00504529 0.00300376 0.999983 394.188 
0.999892 0.013893 -0.00476912 -0.895876 -0.0139095 0.999897 -0.00345367 -7.15398 0.00472065 0.00351963 0.999983 395.857 
0.99989 0.0141123 -0.00456275 -0.913886 -0.0141271 0.999895 -0.00321812 -7.18642 0.00451685 0.00328223 0.999984 397.529 
