1 0 -0 0 -0 1 0 0 0 -0 1 -0 
0.999991 -0.00267699 -0.00329421 -0.00204965 0.00267001 0.999994 -0.00212268 -0.00529317 0.00329987 0.00211387 0.999992 0.693305 
0.999973 -0.00129677 -0.00728839 -0.0130011 0.00126941 0.999992 -0.00375666 -0.00753033 0.0072932 0.00374731 0.999966 1.40517 
0.999936 -0.00137319 -0.0112122 -0.0276331 0.00131481 0.999986 -0.00521244 -0.0113798 0.0112192 0.00519737 0.999924 2.13611 
0.99987 -5.31329e-05 -0.0161017 -0.0453086 -4.01165e-05 0.999983 -0.00579089 -0.0182196 0.0161018 0.00579078 0.999854 2.8833 
0.99979 -0.00118424 -0.0204512 -0.0640426 0.00106214 0.999982 -0.00597988 -0.0282468 0.0204579 0.0059569 0.999773 3.64648 
