1 0 -0 0 -0 1 0 0 0 -0 1 -0 
1 -0.000520383 -0.000229703 -0.00614867 0.000520753 0.999999 0.00161401 -0.0213337 0.000228863 -0.00161413 0.999999 1.33159 
0.999998 -0.00165116 -0.000675856 -0.0118728 0.00165231 0.999997 0.00170982 -0.0433723 0.000673031 -0.00171094 0.999998 2.66529 
0.999995 -0.00298102 -0.000762309 -0.0171439 0.00298149 0.999995 0.000616881 -0.0626571 0.000760467 -0.00061915 1 4.00186 
0.999995 -0.00325079 -0.000614579 -0.0238884 0.0032512 0.999994 0.000679837 -0.0830197 0.000612365 -0.000681832 1 5.34449 
0.999993 -0.00375271 -0.000614508 -0.030635 0.00375367 0.999992 0.00156053 -0.10485 0.000608647 -0.00156283 0.999999 6.68945 
0.999986 -0.00519679 -0.000500812 -0.0356915 0.00519815 0.999983 0.00273966 -0.124763 0.000486566 -0.00274223 0.999996 8.03804 
0.999988 -0.00477616 -0.000736083 -0.0431529 0.00477854 0.999983 0.00326866 -0.144895 0.00072046 -0.00327213 0.999994 9.38844 
0.999992 -0.00394173 -0.0011294 -0.0519615 0.00394338 0.999991 0.00146155 -0.164744 0.00112363 -0.00146599 0.999998 10.7404 
0.999999 -0.00110904 -0.00120201 -0.0642251 0.00110812 0.999999 -0.000763854 -0.185294 0.00120286 0.000762521 0.999999 12.0947 
0.999997 0.00233651 -0.0010202 -0.0782068 -0.00233818 0.999996 -0.00163839 -0.208608 0.00101637 0.00164077 0.999998 13.4536 
0.999989 0.00467498 -0.000988134 -0.0912175 -0.0046767 0.999988 -0.00174035 -0.23341 0.000979986 0.00174495 0.999998 14.8181 
0.999983 0.00570211 -0.000871314 -0.102215 -0.00570286 0.999983 -0.00087095 -0.257453 0.000866333 0.000875904 0.999999 16.1845 
0.999995 0.0032451 -0.000472669 -0.107723 -0.00324421 0.999993 0.00186406 -0.279173 0.000478714 -0.00186252 0.999998 17.5559 
1 -0.000841904 -0.000382049 -0.109665 0.000843289 0.999993 0.00363867 -0.299728 0.000378983 -0.00363899 0.999993 18.9283 
0.999995 -0.00319122 -0.000738737 -0.112171 0.00319221 0.999994 0.00135118 -0.32054 0.000734421 -0.00135353 0.999999 20.2989 
0.999991 -0.00424075 -0.000798353 -0.117053 0.00424023 0.999991 -0.000643946 -0.34054 0.000801077 0.000640555 0.999999 21.6725 
0.999998 -0.00191987 -0.000237742 -0.126998 0.00191934 0.999996 -0.00223136 -0.365374 0.000242025 0.0022309 0.999997 23.0494 
1 0.00080028 0.0005708 -0.139201 -0.000800147 1 -0.000232949 -0.385974 -0.000570986 0.000232493 1 24.4315 
0.999999 0.00129421 0.00109755 -0.147072 -0.00129786 0.999994 0.00333584 -0.406815 -0.00109323 -0.00333725 0.999994 25.8182 
0.999998 -0.00107693 0.00156215 -0.148794 0.00106863 0.999985 0.00530245 -0.422647 -0.00156784 -0.00530078 0.999985 27.2055 
0.999987 -0.00494739 0.00113611 -0.147134 0.00494347 0.999982 0.00343012 -0.440702 -0.00115306 -0.00342446 0.999993 28.5925 
0.999985 -0.00530324 0.00111636 -0.150009 0.00530195 0.999985 0.0011538 -0.459711 -0.00112246 -0.00114786 0.999999 29.9814 
0.999983 -0.00551327 0.00170691 -0.153693 0.00551559 0.999984 -0.0013583 -0.481979 -0.00169939 0.00136769 0.999998 31.3737 
0.999995 -0.00211091 0.00235434 -0.162485 0.00211584 0.999996 -0.00209517 -0.507751 -0.00234991 0.00210014 0.999995 32.7694 
0.999996 -0.00123258 0.00265583 -0.167663 0.0012439 0.99999 -0.00426312 -0.534029 -0.00265055 0.00426641 0.999987 34.1675 
0.999996 -0.000205068 0.00269217 -0.172832 0.000215018 0.999993 -0.00369604 -0.56102 -0.0026914 0.00369661 0.99999 35.5676 
0.999997 -0.000190932 0.00249926 -0.176366 0.00019714 0.999997 -0.00248382 -0.588126 -0.00249878 0.0024843 0.999994 36.9751 
0.999997 0.00099392 0.00214036 -0.182267 -0.000991889 0.999999 -0.000949732 -0.613469 -0.00214131 0.000947606 0.999997 38.3841 
0.99999 0.00382125 0.00218579 -0.19148 -0.00381983 0.999992 -0.000655816 -0.638398 -0.00218828 0.00064746 0.999997 39.7973 
0.999978 0.0061892 0.00242853 -0.199945 -0.0061867 0.99998 -0.00103413 -0.663033 -0.00243488 0.00101908 0.999997 41.2137 
0.999961 0.00855727 0.00239287 -0.208998 -0.00855588 0.999963 -0.000592285 -0.687852 -0.00239785 0.000571788 0.999997 42.6338 
0.999954 0.00935392 0.00209977 -0.215421 -0.00935281 0.999956 -0.000539991 -0.712489 -0.00210472 0.000520327 0.999998 44.0579 
0.999963 0.00847699 0.00162514 -0.220671 -0.00847596 0.999964 -0.000642027 -0.737651 -0.00163052 0.000628228 0.999998 45.4844 
0.999969 0.00782479 0.000943928 -0.226144 -0.00782375 0.999969 -0.00109977 -0.762086 -0.000952504 0.00109235 0.999999 46.9133 
0.999974 0.00715745 3.60105e-05 -0.233314 -0.00715741 0.999974 -0.00087313 -0.787558 -4.22589e-05 0.00087285 1 48.3462 
0.999971 0.00752472 -0.000886306 -0.24312 -0.00752448 0.999972 0.000273033 -0.812349 0.000888336 -0.000266356 1 49.7842 
0.999966 0.00800091 -0.00188504 -0.255414 -0.00800108 0.999968 -8.54291e-05 -0.837003 0.00188429 0.000100509 0.999998 51.2242 
0.99996 0.00838212 -0.00301118 -0.267891 -0.00838131 0.999965 0.000281952 -0.859952 0.00301344 -0.000256703 0.999995 52.671 
0.999956 0.00845024 -0.00411694 -0.281635 -0.00844532 0.999964 0.00121153 -0.884415 0.00412703 -0.00117671 0.999991 54.1203 
0.999965 0.00690359 -0.00481744 -0.295093 -0.00689338 0.999974 0.00213434 -0.907553 0.00483205 -0.00210106 0.999986 55.5721 
0.99997 0.00564474 -0.00532186 -0.308452 -0.00563271 0.999982 0.00227328 -0.930417 0.0053346 -0.00224324 0.999983 57.0223 
0.999978 0.00323906 -0.0057822 -0.321131 -0.00323008 0.999994 0.00156032 -0.952643 0.00578721 -0.00154161 0.999982 58.4721 
0.99998 0.00222372 -0.00583915 -0.334903 -0.00221281 0.999996 0.00187394 -0.976568 0.00584329 -0.00186099 0.999981 59.9215 
0.999985 0.000999739 -0.00539734 -0.348717 -0.000986151 0.999996 0.00251955 -1.0006 0.00539984 -0.00251419 0.999982 61.3689 
0.999988 -7.33796e-05 -0.00491948 -0.362129 8.88449e-05 0.999995 0.00314356 -1.02433 0.00491922 -0.00314396 0.999983 62.8145 
0.999989 -0.00166131 -0.00439226 -0.374146 0.00167339 0.999995 0.0027481 -1.04875 0.00438768 -0.00275542 0.999987 64.2565 
0.999987 -0.00329631 -0.00396259 -0.385155 0.00330405 0.999993 0.00194874 -1.07319 0.00395613 -0.00196181 0.99999 65.6944 
0.999991 -0.00256706 -0.00332327 -0.399042 0.00257211 0.999996 0.00151732 -1.09835 0.00331936 -0.00152585 0.999993 67.1287 
0.999996 -0.000971721 -0.00250078 -0.413731 0.00097491 0.999999 0.00127419 -1.12399 0.00249954 -0.00127662 0.999996 68.5612 
0.999995 0.00238605 -0.00192807 -0.429567 -0.00238113 0.999994 0.00254786 -1.14897 0.00193414 -0.00254325 0.999995 69.9912 
0.999983 0.00568658 -0.00116992 -0.444822 -0.00568203 0.999976 0.00385565 -1.17291 0.00119182 -0.00384894 0.999992 71.4169 
0.999952 0.00982763 -0.000376788 -0.461224 -0.00982592 0.999942 0.00429584 -1.19583 0.000418985 -0.00429193 0.999991 72.8377 
0.9999 0.0141415 0.000281027 -0.477746 -0.0141425 0.999892 0.00398417 -1.21864 -0.000224654 -0.00398775 0.999992 74.2548 
0.999849 0.0173631 0.000965898 -0.49141 -0.0173663 0.999843 0.0033843 -1.24168 -0.000906984 -0.00340056 0.999994 75.6674 
0.999813 0.0192697 0.00166462 -0.50333 -0.019275 0.999809 0.00324343 -1.26475 -0.0016018 -0.00327491 0.999993 77.0786 
0.999808 0.0194677 0.00202251 -0.512059 -0.0194749 0.999804 0.00360338 -1.2878 -0.00195196 -0.00364207 0.999991 78.4869 
0.999827 0.0184818 0.00211154 -0.51778 -0.0184887 0.999824 0.00329966 -1.31115 -0.00205018 -0.00333813 0.999992 79.891 
0.99985 0.0172216 0.00196054 -0.522722 -0.0172263 0.999849 0.00244212 -1.33503 -0.00191819 -0.00247552 0.999995 81.2898 
0.999858 0.0167548 0.00160906 -0.52771 -0.0167586 0.999857 0.00242473 -1.35993 -0.00156821 -0.00245135 0.999996 82.6832 
0.99986 0.0166931 0.0013496 -0.535079 -0.0166965 0.999857 0.00259178 -1.38389 -0.00130614 -0.00261395 0.999996 84.0777 
0.999863 0.0165209 0.000818376 -0.543026 -0.0165226 0.999861 0.0021261 -1.40801 -0.000783137 -0.00213933 0.999997 85.4706 
0.999862 0.0166424 0.000103227 -0.552761 -0.0166426 0.999858 0.00246242 -1.43233 -6.22319e-05 -0.0024638 0.999997 86.8613 
0.99987 0.016072 -0.000889576 -0.562613 -0.016069 0.999865 0.00332665 -1.45631 0.000942922 -0.00331192 0.999994 88.2503 
0.999901 0.0139628 -0.0019783 -0.570622 -0.0139542 0.999893 0.00429646 -1.47936 0.00203808 -0.00426842 0.999989 89.637 
0.999924 0.0118811 -0.00314975 -0.580266 -0.0118659 0.999918 0.00478019 -1.50127 0.00320628 -0.00474245 0.999984 91.0189 
0.999943 0.00994854 -0.00388235 -0.590484 -0.00992991 0.999939 0.00478889 -1.52297 0.00392975 -0.00475007 0.999981 92.4011 
0.999954 0.00851425 -0.00435301 -0.603512 -0.00849541 0.999955 0.00432769 -1.54482 0.00438966 -0.00429052 0.999981 93.7779 
0.999961 0.00753943 -0.00458915 -0.616917 -0.0075214 0.999964 0.00393409 -1.56705 0.00461865 -0.00389942 0.999982 95.154 
0.999957 0.00806231 -0.00468444 -0.632318 -0.00804664 0.999962 0.00335574 -1.58994 0.00471132 -0.0033179 0.999983 96.5276 
0.999959 0.00784025 -0.00456027 -0.646639 -0.00782728 0.999965 0.00285463 -1.61335 0.00458249 -0.00281882 0.999986 97.8965 
0.999952 0.00879283 -0.00442795 -0.662383 -0.00878345 0.999959 0.00213488 -1.63725 0.00444654 -0.00209589 0.999988 99.2639 
0.999941 0.0100719 -0.00410563 -0.679496 -0.0100618 0.999946 0.00248644 -1.66076 0.00413045 -0.00244499 0.999988 100.627 
0.999935 0.0106807 -0.00386612 -0.694184 -0.0106654 0.999935 0.00394052 -1.68371 0.00390795 -0.00389903 0.999985 101.99 
0.999923 0.0118248 -0.00375967 -0.710654 -0.0118048 0.999916 0.005308 -1.70676 0.00382212 -0.00526321 0.999979 103.348 
0.999932 0.0111124 -0.0036509 -0.724418 -0.0110982 0.999931 0.00390127 -1.7285 0.003694 -0.00386048 0.999986 104.701 
0.999932 0.0110946 -0.00355485 -0.73761 -0.0110892 0.999937 0.00156039 -1.75066 0.00357193 -0.00152087 0.999992 106.049 
0.999938 0.010468 -0.00368498 -0.751449 -0.0104668 0.999945 0.000363073 -1.77378 0.00368858 -0.000324481 0.999993 107.397 
0.999959 0.00825804 -0.00358414 -0.762161 -0.00825247 0.999965 0.00156741 -1.7978 0.00359696 -0.00153777 0.999992 108.745 
0.999979 0.00586598 -0.00292579 -0.772508 -0.0058556 0.999977 0.00354452 -1.82057 0.00294651 -0.00352731 0.999989 110.096 
0.999989 0.00432647 -0.00206483 -0.781702 -0.00431798 0.999982 0.00409798 -1.8423 0.00208252 -0.00408902 0.999989 111.443 
0.999993 0.00351593 -0.00127323 -0.791056 -0.00351248 0.99999 0.00269814 -1.86353 0.00128271 -0.00269365 0.999996 112.789 
0.999984 0.0055603 -0.000570108 -0.802379 -0.0055601 0.999984 0.00035666 -1.88622 0.000572082 -0.000353484 1 114.134 
0.99997 0.00768195 0.000639382 -0.814015 -0.00768081 0.999969 -0.00175775 -1.91086 -0.000652865 0.00175279 0.999998 115.481 
0.999939 0.0108175 0.00205087 -0.825831 -0.010814 0.99994 -0.00171034 -1.93606 -0.00206925 0.00168805 0.999996 116.832 
0.999921 0.0120729 0.00350954 -0.833433 -0.0120738 0.999927 0.000235858 -1.96149 -0.00350644 -0.000278213 0.999994 118.185 
0.999915 0.0121927 0.00456142 -0.836886 -0.012204 0.999923 0.00245105 -1.9848 -0.00453118 -0.00250651 0.999987 119.539 
0.99992 0.0114513 0.00533909 -0.837168 -0.0114672 0.99993 0.00296247 -2.0059 -0.00530479 -0.00302346 0.999981 120.898 
0.999909 0.0119007 0.00636386 -0.838403 -0.0119159 0.999926 0.00234786 -2.02603 -0.00633545 -0.00242348 0.999977 122.258 
0.999875 0.0138804 0.00759302 -0.840528 -0.0138942 0.999902 0.00176665 -2.04644 -0.00756776 -0.00187193 0.99997 123.621 
0.999834 0.0159554 0.00881244 -0.84242 -0.0159685 0.999871 0.00141327 -2.0686 -0.00878875 -0.00155375 0.99996 124.983 
0.999811 0.0166975 0.0099422 -0.84177 -0.016702 0.99986 0.000371408 -2.09108 -0.00993461 -0.000537392 0.999951 126.348 
0.999781 0.0178404 0.0109254 -0.838533 -0.0178367 0.999841 -0.000435983 -2.11476 -0.0109315 0.000241014 0.99994 127.713 
0.999785 0.0169376 0.0119543 -0.832597 -0.0169312 0.999856 -0.000638874 -2.13868 -0.0119634 0.000436336 0.999928 129.081 
0.999781 0.0165263 0.0128232 -0.825175 -0.016533 0.999863 0.000419628 -2.16282 -0.0128145 -0.000631543 0.999918 130.449 
0.999791 0.0151763 0.0136717 -0.816653 -0.0151957 0.999884 0.0013185 -2.18649 -0.0136501 -0.00152598 0.999906 131.818 
0.9998 0.0143516 0.0139571 -0.806766 -0.0143759 0.999895 0.00164645 -2.20922 -0.013932 -0.00184677 0.999901 133.186 
0.999829 0.0121106 0.01396 -0.794446 -0.0121369 0.999925 0.00179633 -2.23158 -0.0139372 -0.00196545 0.999901 134.552 
0.99985 0.0105189 0.0137328 -0.783738 -0.0105545 0.999941 0.0025243 -2.25353 -0.0137055 -0.00266887 0.999903 135.917 
0.999873 0.00896187 0.0132047 -0.774009 -0.00899113 0.999957 0.00215763 -2.27544 -0.0131848 -0.00227608 0.99991 137.283 
0.999899 0.00757153 0.0120099 -0.763081 -0.00759727 0.999969 0.00209938 -2.29695 -0.0119936 -0.00219041 0.999926 138.651 
0.999922 0.00609939 0.0108978 -0.754077 -0.00613276 0.999977 0.00303146 -2.31854 -0.0108791 -0.00309805 0.999936 140.021 
0.999941 0.00454309 0.00982745 -0.74547 -0.00457483 0.999984 0.00321048 -2.34043 -0.00981272 -0.00325525 0.999947 141.392 
0.999955 0.00411734 0.00856401 -0.740061 -0.00414514 0.999986 0.00323057 -2.361 -0.00855059 -0.00326592 0.999958 142.764 
0.999966 0.00373331 0.00737439 -0.736656 -0.00375322 0.999989 0.00268793 -2.38279 -0.00736427 -0.00271552 0.999969 144.135 
0.999973 0.00357797 0.00637349 -0.734602 -0.00359313 0.999991 0.00236952 -2.40456 -0.00636495 -0.00239235 0.999977 145.506 
0.999985 0.00117816 0.00540091 -0.732208 -0.00117824 0.999999 1.16983e-05 -2.42949 -0.00540089 -1.80617e-05 0.999985 146.875 
0.999982 -0.00418417 0.00432087 -0.725563 0.00418601 0.999991 -0.00041488 -2.45284 -0.00431909 0.00043296 0.999991 148.247 
0.999924 -0.0119216 0.00322632 -0.715599 0.0119155 0.999927 0.00192689 -2.47656 -0.00324906 -0.0018883 0.999993 149.624 
0.999825 -0.0186534 0.0015899 -0.705142 0.0186479 0.99982 0.00340195 -2.4966 -0.00165307 -0.0033717 0.999993 150.999 
0.99976 -0.0219117 0.000515053 -0.700715 0.0219117 0.99976 2.43523e-05 -2.51911 -0.000515463 -1.30608e-05 1 152.369 
0.999773 -0.0213045 0.000826151 -0.703887 0.0213069 0.999768 -0.00302266 -2.54554 -0.000761563 0.00303958 0.999995 153.739 
0.999835 -0.0181115 0.00170659 -0.711641 0.0181199 0.999823 -0.00503688 -2.57704 -0.00161506 0.00506697 0.999986 155.11 
0.999833 -0.0181103 0.00240701 -0.714315 0.0181222 0.999823 -0.00501601 -2.60902 -0.00231574 0.00505879 0.999985 156.485 
0.999765 -0.0214652 0.00296373 -0.711143 0.0214697 0.999768 -0.0014904 -2.63827 -0.00293105 0.00155368 0.999994 157.861 
0.999638 -0.0266903 0.00334714 -0.703892 0.0266861 0.999643 0.00128477 -2.66418 -0.00338023 -0.00119498 0.999994 159.237 
0.999532 -0.0304002 0.00333701 -0.697567 0.0303917 0.999535 0.00256451 -2.68589 -0.00341342 -0.00246189 0.999991 160.61 
0.999482 -0.0319927 0.00336635 -0.694508 0.0319847 0.999485 0.00241834 -2.70702 -0.00344199 -0.00230941 0.999991 161.983 
0.999537 -0.0301185 0.00431617 -0.696716 0.030105 0.999542 0.00316458 -2.72841 -0.00440951 -0.00303317 0.999986 163.355 
0.999643 -0.0261369 0.00549175 -0.701815 0.0261245 0.999656 0.0023054 -2.75009 -0.00555012 -0.00216111 0.999982 164.727 
0.999724 -0.0225928 0.00640613 -0.705679 0.0225922 0.999745 0.000163649 -2.77228 -0.00640819 -1.88749e-05 0.999979 166.1 
0.99978 -0.0197217 0.00718011 -0.707279 0.019725 0.999805 -0.000388922 -2.79476 -0.00717105 0.000530464 0.999974 167.473 
0.999811 -0.0178717 0.00759012 -0.707351 0.017866 0.99984 0.000820131 -2.81865 -0.00760357 -0.000684371 0.999971 168.849 
0.999845 -0.0160075 0.00738683 -0.706935 0.0160047 0.999872 0.000439624 -2.84232 -0.00739292 -0.000321332 0.999973 170.222 
0.999879 -0.0139493 0.00694857 -0.70785 0.0139638 0.9999 -0.00204745 -2.86637 -0.00691931 0.00214423 0.999974 171.596 
0.999927 -0.010128 0.00652698 -0.712226 0.0101598 0.999937 -0.00484889 -2.89322 -0.00647745 0.00491485 0.999967 172.969 
0.999967 -0.00500056 0.00640621 -0.719656 0.00503992 0.999968 -0.00614198 -2.92156 -0.0063753 0.00617407 0.999961 174.35 
0.999977 -0.000355437 0.00674256 -0.726251 0.000388825 0.999988 -0.00495113 -2.95229 -0.00674072 0.00495364 0.999965 175.735 
0.99997 0.00256548 0.00736198 -0.731238 -0.00254317 0.999992 -0.0030373 -2.98169 -0.00736972 0.00301848 0.999968 177.125 
0.999967 0.00340688 0.00738511 -0.730831 -0.00340094 0.999994 -0.000816616 -3.00739 -0.00738785 0.000791473 0.999972 178.52 
0.999978 0.000194196 0.00661724 -0.725597 -0.000194847 1 9.76271e-05 -3.03104 -0.00661723 -9.89143e-05 0.999978 179.918 
0.999986 -0.00193229 0.00492757 -0.722309 0.00193113 0.999998 0.00023912 -3.05364 -0.00492803 -0.000229601 0.999988 181.318 
0.999993 -0.00226921 0.00290506 -0.722826 0.00228091 0.999989 -0.00403136 -3.07965 -0.00289589 0.00403796 0.999988 182.718 
0.999999 -0.000546654 0.00142927 -0.728278 0.000558478 0.999966 -0.00828479 -3.10915 -0.00142469 0.00828558 0.999965 184.124 
0.99999 0.00428758 0.000793157 -0.742399 -0.00428036 0.999951 -0.00889305 -3.14323 -0.000831248 0.00888957 0.99996 185.535 
0.99997 0.00769988 0.00063541 -0.755658 -0.0076946 0.999939 -0.00792232 -3.17821 -0.000696372 0.00791719 0.999968 186.955 
0.999951 0.00988729 0.000893779 -0.766999 -0.00988319 0.999941 -0.00447935 -3.20904 -0.000938015 0.00447029 0.99999 188.379 
0.999943 0.0106144 0.00123825 -0.776486 -0.0106112 0.99994 -0.00253907 -3.23756 -0.00126512 0.00252578 0.999996 189.804 
0.999948 0.0100865 0.00131054 -0.781971 -0.0100843 0.999948 -0.00165048 -3.26206 -0.00132712 0.00163718 0.999998 191.233 
0.999964 0.00839679 0.00127793 -0.786544 -0.00839546 0.999964 -0.001043 -3.28827 -0.00128664 0.00103224 0.999999 192.664 
0.999982 0.00585737 0.00139298 -0.789467 -0.00585669 0.999983 -0.000495826 -3.31405 -0.00139586 0.000487659 0.999999 194.099 
0.999994 0.00317637 0.00161663 -0.790315 -0.00317559 0.999995 -0.000488581 -3.33956 -0.00161818 0.000483444 0.999999 195.537 
0.999998 2.15325e-05 0.00197807 -0.790316 -2.2649e-05 1 0.000564428 -3.36363 -0.00197806 -0.000564472 0.999998 196.98 
0.999988 -0.00428454 0.00239912 -0.788655 0.00427956 0.999989 0.00207727 -3.3863 -0.002408 -0.00206698 0.999995 198.427 
0.999973 -0.0069042 0.00267064 -0.787003 0.00689902 0.999974 0.00194482 -3.40897 -0.002684 -0.00192634 0.999995 199.874 
0.999984 -0.00489789 0.00286731 -0.790672 0.00490478 0.999985 -0.0024017 -3.43414 -0.00285551 0.00241572 0.999993 201.321 
0.999992 0.00231557 0.0032578 -0.801302 -0.00229132 0.99997 -0.0074277 -3.46309 -0.0032749 0.00742017 0.999967 202.77 
0.999925 0.0113398 0.00453837 -0.818639 -0.0113058 0.999908 -0.0074436 -3.49552 -0.00462236 0.00739174 0.999962 204.224 
0.999799 0.0191958 0.00576086 -0.833783 -0.0191743 0.999809 -0.00377474 -3.52739 -0.00583222 0.00366352 0.999976 205.686 
0.999775 0.0201593 0.00654107 -0.837805 -0.0201488 0.999796 -0.00165847 -3.55367 -0.00657317 0.0015263 0.999977 207.151 
0.999815 0.0182672 0.00606366 -0.835179 -0.0182602 0.999833 -0.00120147 -3.57788 -0.00608459 0.00109053 0.999981 208.616 
0.999875 0.0150762 0.00483807 -0.829547 -0.0150702 0.999886 -0.00126107 -3.60343 -0.00485653 0.001188 0.999988 210.085 
0.999907 0.0130855 0.00387479 -0.827204 -0.0130784 0.999913 -0.00184334 -3.63082 -0.00389858 0.0017925 0.999991 211.555 
0.999904 0.0134728 0.00330146 -0.829497 -0.0134651 0.999907 -0.00233871 -3.65912 -0.00333266 0.00229403 0.999992 213.028 
0.999886 0.0147992 0.00313295 -0.834521 -0.0147925 0.999888 -0.0021496 -3.68732 -0.00316441 0.00210301 0.999993 214.511 
0.999865 0.0161321 0.00306304 -0.841854 -0.0161282 0.999869 -0.0012951 -3.71421 -0.00308353 0.00124553 0.999994 215.998 
0.999876 0.0154885 0.00277483 -0.847029 -0.0154835 0.999878 -0.00182428 -3.74174 -0.00280274 0.00178109 0.999994 217.487 
0.999882 0.0151553 0.0023948 -0.852182 -0.0151486 0.999881 -0.0028107 -3.76958 -0.00243711 0.00277409 0.999993 218.976 
0.999894 0.0144197 0.00212114 -0.857221 -0.0144131 0.999891 -0.00313672 -3.79787 -0.00216614 0.00310581 0.999993 220.473 
0.999889 0.014782 0.00174596 -0.863515 -0.0147763 0.999886 -0.00323187 -3.82767 -0.00179354 0.00320571 0.999993 221.973 
0.999884 0.015144 0.00147834 -0.871407 -0.0151388 0.999879 -0.00345749 -3.85786 -0.00153052 0.00343471 0.999993 223.476 
0.999885 0.0151251 0.00121493 -0.87885 -0.0151206 0.999879 -0.00362896 -3.88755 -0.00126967 0.00361018 0.999993 224.983 
0.999869 0.0161708 0.000808317 -0.88835 -0.0161675 0.999861 -0.00397376 -3.91841 -0.000872464 0.00396017 0.999992 226.493 
0.999873 0.0159212 0.000436509 -0.89608 -0.0159192 0.999865 -0.00412161 -3.94806 -0.000502071 0.00411414 0.999991 228.006 
0.999865 0.0164057 0.000137283 -0.905132 -0.016405 0.999857 -0.00405072 -3.97958 -0.000203718 0.00404793 0.999992 229.525 
0.999877 0.0157127 4.42577e-05 -0.913478 -0.0157124 0.999868 -0.00410955 -4.01057 -0.000108824 0.00410835 0.999992 231.047 
0.999898 0.0143044 8.704e-05 -0.921349 -0.0143039 0.999888 -0.00434458 -4.04227 -0.000149177 0.00434289 0.999991 232.571 
0.999913 0.0132179 0.000169077 -0.92874 -0.0132171 0.999904 -0.00411799 -4.07367 -0.000223492 0.0041154 0.999992 234.097 
0.999929 0.0118979 0.000351371 -0.935686 -0.0118966 0.999924 -0.00333213 -4.10581 -0.00039099 0.00332772 0.999994 235.63 
0.999929 0.0119531 0.000261124 -0.944685 -0.0119522 0.999924 -0.0031166 -4.1377 -0.000298357 0.00311325 0.999995 237.164 
0.999923 0.0124182 0.000301576 -0.953574 -0.0124171 0.999917 -0.00342055 -4.16971 -0.000344028 0.00341654 0.999994 238.699 
0.999915 0.0130571 0.000553481 -0.962148 -0.0130548 0.999907 -0.00404637 -4.20214 -0.000606263 0.0040388 0.999992 240.235 
0.999897 0.0143476 0.00104046 -0.971638 -0.014344 0.999891 -0.00335574 -4.23395 -0.00108849 0.00334047 0.999994 241.777 
0.999891 0.014676 0.00173568 -0.979237 -0.0146738 0.999892 -0.00127408 -4.26399 -0.00175419 0.00124848 0.999998 243.321 
0.999892 0.0144916 0.00230531 -0.985213 -0.0144898 0.999895 -0.000798086 -4.29385 -0.00231664 0.000764597 0.999997 244.866 
0.999886 0.0148319 0.00281713 -0.990456 -0.0148251 0.999887 -0.00240128 -4.32339 -0.00285243 0.00235925 0.999993 246.411 
0.99988 0.015151 0.00333747 -0.996082 -0.0151385 0.999878 -0.00374132 -4.35337 -0.00339375 0.00369035 0.999987 247.958 
0.999866 0.0159328 0.00365623 -1.0008 -0.0159209 0.999868 -0.00326115 -4.38418 -0.00370771 0.0032025 0.999988 249.51 
0.999871 0.0156132 0.00367957 -1.0061 -0.0156052 0.999876 -0.00221161 -4.41395 -0.00371364 0.0021539 0.999991 251.063 
0.999869 0.0158156 0.00335983 -1.00892 -0.0158098 0.999873 -0.00175165 -4.44543 -0.00338711 0.0016983 0.999993 252.618 
0.999864 0.0161752 0.00313913 -1.01403 -0.0161698 0.999868 -0.00175136 -4.47414 -0.00316704 0.00170036 0.999994 254.173 
0.999839 0.0176149 0.00327538 -1.01973 -0.0176102 0.999844 -0.00146601 -4.50333 -0.00330069 0.00140809 0.999994 255.732 
0.999816 0.0188398 0.0035392 -1.02752 -0.0188345 0.999821 -0.00152173 -4.53096 -0.00356724 0.00145479 0.999993 257.291 
0.999813 0.0190236 0.00348853 -1.03348 -0.0190193 0.999818 -0.00124819 -4.55974 -0.00351164 0.0011816 0.999993 258.854 
0.99984 0.0175704 0.00341207 -1.03596 -0.0175668 0.999845 -0.00108891 -4.58731 -0.00343067 0.00102879 0.999994 260.42 
0.999871 0.0157143 0.00336273 -1.03844 -0.0157132 0.999876 -0.00033166 -4.61424 -0.00336752 0.000278777 0.999994 261.988 
0.999906 0.0132482 0.00342029 -1.03851 -0.0132497 0.999912 0.000411582 -4.64105 -0.00341454 -0.000456862 0.999994 263.558 
0.999926 0.0117939 0.00310099 -1.04029 -0.011793 0.99993 -0.000307075 -4.66855 -0.0031044 0.000270482 0.999995 265.125 
0.999938 0.0107288 0.00288938 -1.04259 -0.010725 0.999942 -0.00130671 -4.69573 -0.00290324 0.00127564 0.999995 266.692 
0.999954 0.0089698 0.0034196 -1.04473 -0.00897132 0.99996 0.000429806 -4.72278 -0.0034156 -0.000460464 0.999994 268.265 
0.999969 0.00689743 0.00380246 -1.0467 -0.00690594 0.999974 0.00222897 -4.74869 -0.00378698 -0.00225516 0.99999 269.839 
0.999975 0.00592468 0.00383615 -1.04784 -0.00592989 0.999982 0.00134716 -4.77158 -0.0038281 -0.00136987 0.999992 271.41 
0.999976 0.00549333 0.00421224 -1.04865 -0.00549488 0.999985 0.000357939 -4.79624 -0.00421021 -0.000381077 0.999991 272.986 
0.999969 0.00623583 0.00488856 -1.0523 -0.00623624 0.999981 6.99018e-05 -4.82372 -0.00488803 -0.000100386 0.999988 274.561 
0.99995 0.00801817 0.00589594 -1.0566 -0.00801906 0.999968 0.000127263 -4.85144 -0.00589473 -0.000174537 0.999983 276.144 
0.99993 0.00966208 0.00685101 -1.06001 -0.00966082 0.999953 -0.000216775 -4.87998 -0.00685278 0.000150573 0.999977 277.726 
0.999912 0.0107434 0.00776817 -1.06039 -0.0107406 0.999942 -0.000408593 -4.91004 -0.00777211 0.000325123 0.99997 279.309 
0.999895 0.0116552 0.00863524 -1.0602 -0.0116498 0.999932 -0.000681857 -4.93872 -0.0086426 0.000581186 0.999962 280.899 
0.999885 0.011927 0.00941057 -1.05805 -0.0119145 0.999928 -0.00137888 -4.96798 -0.00942634 0.0012666 0.999955 282.484 
0.999882 0.0113428 0.0103149 -1.05317 -0.0113232 0.999934 -0.00196359 -4.998 -0.0103365 0.00184656 0.999945 284.07 
0.99988 0.0106759 0.0111965 -1.044 -0.0106588 0.999942 -0.00158759 -5.02808 -0.0112128 0.00146806 0.999936 285.656 
0.999884 0.00957394 0.0118299 -1.03316 -0.00956794 0.999954 -0.00056333 -5.05838 -0.0118347 0.000450078 0.99993 287.245 
0.999891 0.00848043 0.0121076 -1.02062 -0.0084776 0.999964 -0.000285482 -5.08782 -0.0121096 0.000182807 0.999927 288.835 
0.999896 0.00790711 0.0120496 -1.0077 -0.00787473 0.999965 -0.0027327 -5.11911 -0.0120708 0.00263753 0.999924 290.422 
0.999909 0.00659184 0.0117406 -0.996837 -0.00653461 0.999967 -0.00490644 -5.1499 -0.0117725 0.00482927 0.999919 292.011 
0.999918 0.00670833 0.0108926 -0.985392 -0.00665502 0.999966 -0.0049227 -5.18327 -0.0109252 0.00484981 0.999929 293.604 
0.999935 0.0054541 0.010049 -0.974481 -0.00540472 0.999973 -0.00493454 -5.21538 -0.0100757 0.0048799 0.999937 295.199 
0.999943 0.00562999 0.00908643 -0.966635 -0.00557944 0.999969 -0.00557919 -5.24864 -0.00911756 0.00552818 0.999943 296.796 
0.999947 0.00583128 0.00842914 -0.961473 -0.00578181 0.999966 -0.00588135 -5.28277 -0.00846315 0.00583231 0.999947 298.393 
0.999952 0.00589074 0.00779309 -0.956954 -0.0058488 0.999968 -0.00539345 -5.31878 -0.00782462 0.00534761 0.999955 299.995 
0.999961 0.00554146 0.00684756 -0.952413 -0.0055054 0.999971 -0.00527441 -5.35361 -0.00687659 0.00523651 0.999963 301.6 
0.99997 0.00502077 0.00586168 -0.949899 -0.00499795 0.99998 -0.00390113 -5.38789 -0.00588115 0.00387171 0.999975 303.208 
0.999962 0.00695864 0.00533045 -0.950694 -0.00694492 0.999973 -0.00258804 -5.42016 -0.00534831 0.00255092 0.999982 304.822 
0.999954 0.0073783 0.00607802 -0.950112 -0.00736303 0.99997 -0.00253063 -5.45037 -0.0060965 0.00248576 0.999978 306.439 
0.999945 0.00783609 0.00694548 -0.948961 -0.00781674 0.999966 -0.00280869 -5.48221 -0.00696725 0.00275424 0.999972 308.059 
0.999952 0.00661145 0.00728639 -0.943099 -0.00658981 0.999974 -0.0029903 -5.51348 -0.00730597 0.00294214 0.999969 309.686 
0.999962 0.00464401 0.00743944 -0.935738 -0.00461457 0.999981 -0.00396995 -5.54565 -0.00745774 0.00393547 0.999964 311.314 
0.999964 0.00321705 0.00779493 -0.928193 -0.00317091 0.999977 -0.0059233 -5.5809 -0.00781381 0.00589838 0.999952 312.944 
0.999967 0.00278309 0.00762356 -0.923045 -0.00273034 0.999972 -0.00692149 -5.61638 -0.00764261 0.00690044 0.999947 314.581 
0.999979 0.00352921 0.00544854 -0.921911 -0.00348605 0.999963 -0.00790951 -5.65398 -0.00547626 0.00789035 0.999954 316.218 
0.999984 0.00457998 0.00335703 -0.925192 -0.00455573 0.999964 -0.00719625 -5.69119 -0.00338986 0.00718084 0.999968 317.863 
0.999979 0.00576588 0.00301132 -0.930341 -0.00575403 0.999976 -0.00392888 -5.72683 -0.0030339 0.00391147 0.999988 319.515 
0.999984 0.00432226 0.00354046 -0.93152 -0.00431916 0.99999 -0.000881196 -5.75793 -0.00354423 0.000865891 0.999993 321.17 
0.999987 0.00347096 0.0036899 -0.932699 -0.00347038 0.999994 -0.000163527 -5.78626 -0.00369045 0.000150719 0.999993 322.826 
0.999989 0.00251747 0.00396302 -0.931899 -0.00251187 0.999996 -0.00141694 -5.81504 -0.00396657 0.00140697 0.999991 324.483 
0.99999 0.00153307 0.00429127 -0.931464 -0.00152676 0.999998 -0.00147356 -5.84573 -0.00429352 0.00146699 0.99999 326.142 
0.999988 0.00151582 0.00457022 -0.932383 -0.00151053 0.999998 -0.00116101 -5.87775 -0.00457197 0.00115409 0.999989 327.802 
0.999986 0.00160659 0.00504772 -0.931915 -0.00160071 0.999998 -0.00116803 -5.91077 -0.00504958 0.00115993 0.999987 329.457 
0.99998 0.00315771 0.00548359 -0.932899 -0.00314626 0.999993 -0.00209524 -5.94553 -0.00549017 0.00207795 0.999983 331.111 
0.999973 0.00391219 0.00618198 -0.932974 -0.00389561 0.999989 -0.00269251 -5.97951 -0.00619244 0.00266835 0.999977 332.763 
0.999972 0.00260632 0.00694944 -0.929345 -0.00260137 0.999996 -0.000721207 -6.01402 -0.00695129 0.000703109 0.999976 334.417 
0.999974 0.00172226 0.00706658 -0.924785 -0.00172307 0.999999 0.000109 -6.04652 -0.00706638 -0.000121173 0.999975 336.069 
0.999976 0.000624196 0.0068998 -0.918541 -0.000616577 0.999999 -0.00110628 -6.07723 -0.00690049 0.001102 0.999976 337.719 
0.999974 0.00204097 0.00689091 -0.915903 -0.00203397 0.999997 -0.00102219 -6.11036 -0.00689298 0.00100815 0.999976 339.368 
0.999971 0.00375049 0.00664801 -0.916414 -0.00373064 0.999989 -0.00299656 -6.14439 -0.00665917 0.00297167 0.999973 341.013 
0.999967 0.00548949 0.00596991 -0.916437 -0.00545374 0.999967 -0.00598777 -6.18038 -0.00600258 0.00595501 0.999964 342.659 
0.999964 0.00680869 0.00512573 -0.917355 -0.00678046 0.999962 -0.00550377 -6.21901 -0.005163 0.00546882 0.999972 344.302 
0.999962 0.00765208 0.00422584 -0.920313 -0.00764367 0.999969 -0.00200266 -6.2554 -0.00424103 0.00197028 0.999989 345.945 
0.999956 0.00881192 0.00317437 -0.92415 -0.00881449 0.999961 0.000795788 -6.28848 -0.00316723 -0.000823733 0.999995 347.587 
0.999956 0.00922423 0.00183378 -0.930434 -0.00922348 0.999957 -0.000421157 -6.31839 -0.00183759 0.000404224 0.999998 349.224 
0.999962 0.00866041 2.69587e-05 -0.937544 -0.00866034 0.999961 -0.0019623 -6.34903 -4.39519e-05 0.00196199 0.999998 350.857 
0.999971 0.00743082 -0.00177652 -0.945879 -0.00743187 0.999972 -0.000586254 -6.38232 0.00177211 0.00059944 0.999998 352.495 
0.999979 0.0059026 -0.00273528 -0.956247 -0.00590278 0.999983 -5.51613e-05 -6.41487 0.0027349 7.13058e-05 0.999996 354.13 
0.999979 0.00572651 -0.00318947 -0.968684 -0.00572932 0.999983 -0.000875003 -6.44597 0.0031844 0.000893258 0.999995 355.764 
0.999981 0.00510229 -0.00351682 -0.981229 -0.00510842 0.999985 -0.00173539 -6.47879 0.00350791 0.00175332 0.999992 357.398 
0.999982 0.00486573 -0.00362846 -0.994352 -0.00487251 0.999986 -0.0018636 -6.51133 0.00361934 0.00188125 0.999992 359.031 
0.999984 0.00437137 -0.00362364 -1.00707 -0.00437871 0.999988 -0.00201952 -6.54495 0.00361477 0.00203536 0.999991 360.663 
0.999986 0.00387476 -0.00367338 -1.02031 -0.0038842 0.999989 -0.00256617 -6.58026 0.0036634 0.0025804 0.99999 362.29 
0.999986 0.00368288 -0.00381541 -1.03351 -0.00369515 0.999988 -0.00321403 -6.61528 0.00380353 0.00322808 0.999988 363.917 
0.999988 0.00305225 -0.00375078 -1.04592 -0.00306325 0.999991 -0.00293107 -6.6511 0.0037418 0.00294252 0.999989 365.547 
0.999988 0.00334637 -0.00369041 -1.06097 -0.00336011 0.999987 -0.00372332 -6.68654 0.0036779 0.00373568 0.999986 367.174 
0.999991 0.00192645 -0.00374139 -1.07278 -0.00194521 0.999986 -0.00501922 -6.72208 0.00373167 0.00502645 0.99998 368.803 
0.999993 0.000418436 -0.00370116 -1.08345 -0.000430069 0.999995 -0.00314282 -6.75846 0.00369983 0.00314439 0.999988 370.436 
0.999992 -0.00112953 -0.00377687 -1.09382 0.00112054 0.999997 -0.00238218 -6.79246 0.00377955 0.00237793 0.99999 372.068 
0.999992 -0.0015392 -0.00372146 -1.10624 0.00152659 0.999993 -0.00338801 -6.82582 0.00372665 0.0033823 0.999987 373.7 
0.999994 -0.000319341 -0.00342797 -1.12136 0.000305645 0.999992 -0.0039952 -6.85926 0.00342922 0.00399413 0.999986 375.334 
0.999995 0.00138218 -0.00301037 -1.13618 -0.00139153 0.999994 -0.00310593 -6.89453 0.00300606 0.0031101 0.999991 376.965 
0.999993 0.00268053 -0.00254501 -1.15108 -0.00268598 0.999994 -0.00214316 -6.92962 0.00253925 0.00214998 0.999994 378.594 
0.999996 0.0024736 -0.00163991 -1.19827 -0.00247776 0.999994 -0.00253972 -6.94804 0.00163362 0.00254377 0.999995 380.168 
0.999963 0.00601536 -0.0060727 -0.899053 -0.00603716 0.999975 -0.00357823 -7.08489 0.00605103 0.00361477 0.999975 382.982 
0.999964 0.00608573 -0.00593222 -0.91644 -0.00610809 0.999974 -0.0037582 -7.11778 0.0059092 0.0037943 0.999975 384.561 
0.999963 0.00651889 -0.00559943 -0.935902 -0.00654102 0.999971 -0.00394149 -7.15057 0.00557357 0.00397797 0.999977 386.143 
0.999956 0.0077728 -0.00526298 -0.958512 -0.00779311 0.999962 -0.00384857 -7.18317 0.00523286 0.00388941 0.999979 387.731 
0.999942 0.00964499 -0.0047436 -0.984733 -0.00966092 0.999948 -0.00334582 -7.21505 0.00471108 0.00339145 0.999983 389.318 
0.999932 0.0108626 -0.00432809 -1.00531 -0.01088 0.999933 -0.00403771 -7.248 0.00428394 0.00408452 0.999982 390.904 
0.999926 0.0115077 -0.00397534 -1.02452 -0.0115267 0.999922 -0.00480153 -7.27644 0.00391978 0.00484699 0.999981 392.505 
0.999923 0.0116773 -0.00417131 -1.03683 -0.0116973 0.99992 -0.00480841 -7.30802 0.00411482 0.00485684 0.99998 394.301 
0.999907 0.0131153 -0.00385974 -1.05788 -0.0131307 0.999906 -0.00398968 -7.34129 0.00380705 0.00403998 0.999985 396.005 
0.999894 0.0141163 -0.00354302 -1.07428 -0.0141293 0.999893 -0.00368058 -7.37749 0.00349069 0.00373025 0.999987 397.703 
0.999883 0.0149396 -0.00322011 -1.09139 -0.0149531 0.999879 -0.00419861 -7.41194 0.003157 0.00424627 0.999986 399.406 
0.99988 0.0151943 -0.00299024 -1.10811 -0.0152062 0.999876 -0.00398767 -7.44585 0.00292928 0.00403266 0.999988 401.112 
