1 0 -0 0 -0 1 0 0 0 -0 1 -0 
0.999933 -0.00279989 0.0112291 0.0160495 0.00278732 0.999995 0.00113486 -0.00621995 -0.0112322 -0.00110349 0.999936 0.289328 
0.99983 -0.00495653 0.0177443 0.0291162 0.00493608 0.999987 0.00119598 -0.0109941 -0.01775 -0.00110819 0.999842 0.582257 
0.999781 -0.00773839 0.0194462 0.0422004 0.00774246 0.99997 -0.000134005 -0.0141402 -0.0194445 0.000284537 0.999811 0.880813 
0.999811 -0.0093298 0.0170847 0.0487246 0.00936036 0.999955 -0.00170945 -0.0170108 -0.017068 0.00186905 0.999853 1.18354 
0.999878 -0.0119473 0.0100761 0.053067 0.01198 0.999923 -0.00319272 -0.0189632 -0.0100372 0.00331305 0.999944 1.49992 
0.9999 -0.0138648 -0.0026487 0.0526715 0.0138505 0.99989 -0.00533564 -0.0218174 0.00272239 0.00529842 0.999982 1.82165 
0.99972 -0.0133463 -0.0195607 0.0390022 0.0132381 0.999896 -0.00564865 -0.028148 0.0196341 0.00538812 0.999793 2.15328 
0.999192 -0.00894184 -0.0391732 0.00888757 0.00872698 0.999946 -0.00565238 -0.0345896 0.0392217 0.00530595 0.999216 2.49493 
0.998228 -0.00553214 -0.0592401 -0.0257163 0.00512569 0.999962 -0.00701085 -0.0388886 0.0592767 0.00669479 0.998219 2.84874 
0.996804 -0.00541042 -0.0797069 -0.0633354 0.00482224 0.99996 -0.0075699 -0.04274 0.0797447 0.00716133 0.99679 3.21307 
0.994864 -0.00699135 -0.100976 -0.109051 0.00629927 0.999954 -0.00717118 -0.0454269 0.101021 0.00649828 0.994863 3.58977 
0.992606 -0.00863503 -0.121077 -0.161885 0.00791321 0.999948 -0.0064412 -0.0504695 0.121126 0.00543547 0.992622 3.9775 
0.990251 -0.00773055 -0.139078 -0.229314 0.00698407 0.999958 -0.00585462 -0.056923 0.139117 0.00482622 0.990264 4.37459 
0.987923 -0.00664003 -0.154802 -0.305698 0.00591324 0.999969 -0.00515493 -0.0638998 0.154832 0.00417729 0.987932 4.78229 
0.985705 -0.00608029 -0.16837 -0.389091 0.00525835 0.999972 -0.00532717 -0.0704398 0.168398 0.00436567 0.985709 5.2005 
0.983537 -0.00757241 -0.180549 -0.475623 0.00655622 0.999959 -0.00622444 -0.077855 0.180588 0.00493825 0.983546 5.6302 
0.981642 -0.0113407 -0.190393 -0.562866 0.00988103 0.999914 -0.008614 -0.0847978 0.190475 0.00657459 0.98167 6.07286 
0.980098 -0.0105551 -0.198234 -0.661861 0.0086215 0.999906 -0.0106149 -0.0907128 0.198328 0.00869453 0.980097 6.52846 
0.978551 -0.0103276 -0.205747 -0.767427 0.00796214 0.999892 -0.0123218 -0.0972396 0.205852 0.0104193 0.978528 6.99707 
0.976817 -0.0109864 -0.213796 -0.878908 0.00793883 0.999854 -0.0151079 -0.107678 0.213931 0.0130604 0.976762 7.47469 
0.975004 -0.0149758 -0.221681 -0.991058 0.0115384 0.999792 -0.0167929 -0.119538 0.221887 0.0138153 0.974975 7.96634 
0.973079 -0.0214405 -0.229474 -1.10537 0.0177495 0.999678 -0.0181372 -0.131851 0.229789 0.0135759 0.973146 8.47105 
0.970989 -0.0219851 -0.238112 -1.23612 0.0175687 0.999632 -0.0206539 -0.146086 0.238478 0.0158714 0.971018 8.98303 
0.968922 -0.0180087 -0.246711 -1.38518 0.0122346 0.999615 -0.0249171 -0.159528 0.247065 0.0211243 0.968769 9.50282 
0.966687 -0.0151816 -0.255511 -1.53975 0.00833468 0.999577 -0.0278586 -0.177413 0.255826 0.024801 0.966405 10.0368 
0.96441 -0.0175847 -0.263827 -1.69604 0.0101366 0.999511 -0.0295657 -0.199426 0.264218 0.0258392 0.964117 10.5844 
0.96196 -0.0204843 -0.27242 -1.8565 0.0122278 0.999414 -0.0319713 -0.219543 0.272915 0.027424 0.961647 11.1485 
0.959702 -0.0200333 -0.280305 -2.03352 0.0107873 0.999347 -0.0344897 -0.243193 0.280813 0.0300761 0.959291 11.7195 
0.957336 -0.0193474 -0.288329 -2.22028 0.00874584 0.999239 -0.038012 -0.269697 0.288845 0.0338685 0.956777 12.3014 
0.955011 -0.0203931 -0.295869 -2.41201 0.00795153 0.999035 -0.0431935 -0.299224 0.296464 0.0388977 0.954252 12.8937 
0.953222 -0.021915 -0.301477 -2.61022 0.00691094 0.998688 -0.0507455 -0.333532 0.302193 0.0462882 0.952122 13.495 
0.951913 -0.0226478 -0.305529 -2.81617 0.00487051 0.998257 -0.0588225 -0.371924 0.306328 0.0545058 0.950364 14.1074 
0.950672 -0.0226191 -0.309371 -3.03058 0.00177353 0.997718 -0.0674964 -0.414703 0.310192 0.0636183 0.948543 14.7302 
0.949329 -0.022164 -0.3135 -3.25125 -0.00192888 0.997081 -0.0763331 -0.464015 0.314277 0.07307 0.946515 15.3632 
0.948021 -0.0215919 -0.317473 -3.47953 -0.0051487 0.996524 -0.08315 -0.521583 0.318165 0.0804625 0.944615 16.0057 
0.946436 -0.0197088 -0.32229 -3.7169 -0.00982128 0.995916 -0.0897439 -0.584358 0.322743 0.0881021 0.942377 16.6585 
0.944818 -0.018768 -0.327058 -3.96071 -0.013272 0.995345 -0.0954577 -0.652623 0.327327 0.0945309 0.940171 17.3223 
0.94319 -0.0167334 -0.331833 -4.21431 -0.0178193 0.994746 -0.100811 -0.725285 0.331776 0.100997 0.937936 17.9942 
0.94148 -0.0141835 -0.336771 -4.47604 -0.0221917 0.994338 -0.103917 -0.800459 0.336338 0.105309 0.935835 18.678 
0.939703 -0.0131698 -0.341739 -4.74454 -0.0243331 0.994151 -0.105223 -0.880235 0.341126 0.107194 0.933886 19.3746 
0.937479 -0.0128153 -0.347805 -5.01631 -0.0251003 0.99423 -0.104289 -0.964 0.347135 0.106499 0.931748 20.0803 
0.935165 -0.0124256 -0.353994 -5.29721 -0.0257008 0.99437 -0.102799 -1.04704 0.353278 0.105232 0.929581 20.7943 
0.932569 -0.0126734 -0.36077 -5.58604 -0.0255477 0.994561 -0.100977 -1.12964 0.360087 0.103385 0.927172 21.5157 
0.929353 -0.0118731 -0.369 -5.88374 -0.0261548 0.994854 -0.0978834 -1.21216 0.368264 0.100619 0.924261 22.242 
0.926027 -0.00996311 -0.377326 -6.19365 -0.0268451 0.995382 -0.0921651 -1.2929 0.376502 0.0954767 0.921483 22.9779 
0.922515 -0.00638893 -0.385908 -6.51834 -0.0294916 0.995773 -0.0869855 -1.37241 0.384833 0.0916265 0.918427 23.7165 
0.918916 -0.00260309 -0.394445 -6.85487 -0.032777 0.996016 -0.0829318 -1.45026 0.39309 0.0891361 0.91517 24.4607 
0.915093 -0.00163452 -0.403241 -7.19895 -0.0339901 0.99612 -0.081173 -1.52445 0.401809 0.087987 0.911487 25.2077 
0.911056 -0.00173796 -0.41228 -7.55119 -0.0345557 0.996151 -0.0805604 -1.59668 0.410833 0.0876416 0.907488 25.9633 
0.907168 -0.00169501 -0.420766 -7.91515 -0.0349351 0.996236 -0.0793331 -1.66784 0.419316 0.0866679 0.903694 26.7259 
0.903242 -0.000651464 -0.429131 -8.29431 -0.0361607 0.996327 -0.077624 -1.73976 0.427606 0.0856309 0.8999 27.4956 
0.899408 -0.00139744 -0.437108 -8.68205 -0.0350589 0.996543 -0.0753242 -1.81224 0.435702 0.0830718 0.896249 28.2728 
0.89551 -0.000747215 -0.445041 -9.08162 -0.0345651 0.996861 -0.0712255 -1.88193 0.443697 0.079166 0.892673 29.058 
0.891768 0.00155115 -0.45249 -9.49375 -0.0349873 0.997237 -0.0655345 -1.94897 0.451138 0.074273 0.889358 29.8485 
0.887897 0.00175583 -0.460038 -9.9174 -0.0337716 0.997543 -0.0613736 -2.01492 0.458801 0.0700297 0.885775 30.6461 
0.884199 0.000871658 -0.46711 -10.3506 -0.0324194 0.997701 -0.0595053 -2.07841 0.465985 0.067758 0.882194 31.4496 
0.880913 0.000240853 -0.473278 -10.7951 -0.0316951 0.997785 -0.0584863 -2.13719 0.472216 0.066522 0.878969 32.2582 
0.87777 0.000794983 -0.479082 -11.2509 -0.0317742 0.997893 -0.0565605 -2.19528 0.478028 0.0648696 0.875946 33.0724 
0.87479 -0.000433343 -0.484503 -11.7169 -0.0301588 0.998012 -0.0553456 -2.25471 0.483564 0.0630278 0.873037 33.898 
0.872142 -0.00166545 -0.48925 -12.195 -0.0291315 0.998043 -0.0553275 -2.31467 0.488385 0.062506 0.870387 34.737 
0.870025 -0.00271433 -0.492999 -12.6932 -0.028551 0.998029 -0.0558806 -2.37252 0.492179 0.0626932 0.868233 35.5945 
0.868672 -0.00229646 -0.495382 -13.198 -0.0294824 0.997977 -0.0563249 -2.43372 0.49451 0.063533 0.866847 36.4584 
0.868176 -0.00216192 -0.496252 -13.713 -0.0291828 0.998038 -0.0554022 -2.49617 0.495398 0.0625808 0.866409 37.339 
0.868009 -0.00167826 -0.496546 -14.2341 -0.0288153 0.998139 -0.0537453 -2.55991 0.495712 0.0609595 0.866345 38.2332 
0.867694 -0.00296729 -0.497089 -14.7597 -0.0270726 0.998216 -0.0532152 -2.62434 0.49636 0.059632 0.866066 39.1363 
0.867041 -0.0049949 -0.498212 -15.2918 -0.0252931 0.998219 -0.0540256 -2.68784 0.497595 0.0594437 0.86537 40.0503 
0.8659 -0.00727204 -0.500164 -15.8284 -0.0230669 0.99825 -0.054448 -2.75196 0.499685 0.0586837 0.864217 40.9698 
0.864302 -0.00763161 -0.502916 -16.3716 -0.0217157 0.998386 -0.0524705 -2.81684 0.502505 0.0562715 0.862741 41.8933 
0.862197 -0.00682586 -0.506527 -16.9203 -0.0206603 0.998603 -0.0486244 -2.88096 0.506152 0.0523888 0.860852 42.8134 
0.859338 -0.00711459 -0.511359 -17.4716 -0.0182722 0.998838 -0.0446033 -2.94449 0.511082 0.047673 0.858209 43.7307 
0.855306 -0.00737523 -0.518071 -18.0282 -0.0171856 0.998945 -0.0425933 -3.00637 0.517838 0.0453337 0.854276 44.6387 
0.850003 -0.0110125 -0.526663 -18.5906 -0.0148711 0.998881 -0.0448877 -3.06686 0.526568 0.0459868 0.848888 45.5363 
0.843924 -0.0146468 -0.536263 -19.1632 -0.0132692 0.998751 -0.0481604 -3.12726 0.536299 0.0477595 0.842676 46.4264 
0.837728 -0.0149854 -0.545882 -19.7504 -0.0131043 0.998784 -0.0475286 -3.18683 0.545931 0.0469695 0.836513 47.3155 
0.831907 -0.0116763 -0.554793 -20.352 -0.0141826 0.999005 -0.0422919 -3.24771 0.554734 0.0430514 0.830913 48.2014 
0.826756 -0.00701375 -0.562517 -20.9662 -0.0172946 0.999133 -0.0378764 -3.30583 0.562295 0.041043 0.825918 49.0826 
0.822731 -0.00720842 -0.568386 -21.5834 -0.0184936 0.999051 -0.0394394 -3.36075 0.568131 0.0429595 0.821816 49.9567 
0.819325 -0.00936488 -0.573253 -22.2055 -0.0190665 0.998868 -0.0435687 -3.41938 0.573013 0.0466268 0.818219 50.8271 
0.816357 -0.0115462 -0.577432 -22.8331 -0.0216639 0.998484 -0.0505933 -3.48092 0.577141 0.0538116 0.814869 51.6894 
0.813095 -0.0128126 -0.58199 -23.4636 -0.0214746 0.998417 -0.0519824 -3.54582 0.581735 0.0547646 0.811533 52.5558 
0.809753 -0.0112848 -0.586662 -24.1011 -0.0208781 0.998628 -0.0480268 -3.61073 0.586399 0.0511382 0.808407 53.4231 
0.806573 -0.00866488 -0.59107 -24.7444 -0.0205863 0.998874 -0.0427352 -3.6738 0.590775 0.046637 0.805487 54.2876 
0.80353 -0.00682478 -0.595225 -25.3917 -0.020978 0.998988 -0.0397738 -3.73082 0.594895 0.0444461 0.802574 55.1471 
0.80041 -0.00658175 -0.599417 -26.0441 -0.0219372 0.998948 -0.0402618 -3.78679 0.599051 0.0453755 0.799424 56.0019 
0.79687 -0.00770638 -0.604101 -26.7009 -0.0221366 0.998875 -0.0419428 -3.84412 0.603745 0.0467958 0.795803 56.8536 
0.792871 -0.0104098 -0.6093 -27.3614 -0.0211195 0.998784 -0.0445466 -3.90257 0.609023 0.0481879 0.791687 57.7022 
0.788574 -0.011562 -0.614831 -28.0298 -0.020316 0.998788 -0.0448395 -3.96204 0.614604 0.0478502 0.787383 58.5492 
0.784051 -0.0117151 -0.620585 -28.7086 -0.019858 0.998837 -0.0439444 -4.02253 0.620378 0.0467783 0.782907 59.3945 
0.779117 -0.0113038 -0.626777 -29.3946 -0.0202425 0.998862 -0.0431768 -4.08356 0.626552 0.0463273 0.778001 60.2338 
0.773788 -0.0125852 -0.63332 -30.0878 -0.0199704 0.998821 -0.0442482 -4.14428 0.63313 0.0468863 0.772624 61.0693 
0.768345 -0.0140044 -0.639883 -30.7909 -0.0193825 0.998793 -0.0451331 -4.20411 0.639743 0.0470804 0.767146 61.902 
0.762746 -0.015212 -0.646519 -31.5014 -0.019067 0.99876 -0.0459946 -4.26493 0.646417 0.0474094 0.76151 62.7305 
0.757114 -0.0165324 -0.653073 -32.221 -0.0187311 0.998719 -0.0469975 -4.32801 0.653014 0.0478153 0.755835 63.5517 
0.751068 -0.0182133 -0.659974 -32.9486 -0.0180385 0.99868 -0.0480889 -4.39174 0.659978 0.0480229 0.749748 64.3697 
0.744902 -0.0193649 -0.666892 -33.6918 -0.0170692 0.998698 -0.0480656 -4.4567 0.666955 0.0471875 0.743602 65.1872 
0.738614 -0.0190635 -0.673858 -34.4396 -0.0164851 0.99879 -0.0463252 -4.52187 0.673926 0.0453251 0.737407 65.9968 
0.73216 -0.0194264 -0.680856 -35.1965 -0.0159251 0.998832 -0.0456242 -4.58563 0.680947 0.0442469 0.730995 66.8001 
0.72566 -0.0213921 -0.687721 -35.9642 -0.0145504 0.998816 -0.046422 -4.64978 0.6879 0.0436932 0.724489 67.6028 
0.719183 -0.0231194 -0.694436 -36.746 -0.0143574 0.998738 -0.0481195 -4.71338 0.694673 0.044577 0.717944 68.3989 
0.713179 -0.0223872 -0.700624 -37.5402 -0.0157988 0.998723 -0.0479943 -4.77736 0.700803 0.0452976 0.711915 69.1919 
0.707743 -0.021844 -0.706133 -38.3435 -0.0160868 0.998764 -0.0470199 -4.84348 0.706287 0.0446374 0.706517 69.9847 
0.702826 -0.0213568 -0.711041 -39.1601 -0.0171048 0.998753 -0.0469057 -4.90896 0.711156 0.0451288 0.701585 70.7755 
0.698 -0.0223735 -0.715748 -39.9821 -0.0171041 0.998706 -0.0478985 -4.97464 0.715893 0.0456753 0.696714 71.5634 
0.692784 -0.0241107 -0.720742 -40.8117 -0.0178489 0.998561 -0.0505609 -5.04263 0.720925 0.0478922 0.691357 72.3482 
0.687785 -0.026494 -0.725431 -41.6529 -0.0176097 0.998431 -0.0531603 -5.11211 0.725701 0.0493374 0.686239 73.1322 
0.682693 -0.0270145 -0.730205 -42.5036 -0.0180196 0.99839 -0.0537833 -5.18398 0.730483 0.0498755 0.681108 73.9163 
0.67781 -0.0266144 -0.734756 -43.3656 -0.0175739 0.998473 -0.0523788 -5.25715 0.735027 0.0484154 0.676307 74.6994 
0.672702 -0.0265627 -0.739437 -44.2379 -0.017047 0.998534 -0.0513787 -5.33194 0.739717 0.0471678 0.671262 75.4812 
0.66757 -0.0277526 -0.74403 -45.1147 -0.0162381 0.998525 -0.0518148 -5.40461 0.74437 0.0466717 0.666134 76.2586 
0.662803 -0.0288326 -0.748239 -45.9997 -0.0151968 0.998535 -0.0519392 -5.47747 0.74864 0.0457963 0.661393 77.0331 
0.658401 -0.0294202 -0.752092 -46.8956 -0.0143651 0.998563 -0.0516371 -5.55151 0.75253 0.0448018 0.657032 77.8067 
0.654347 -0.0303885 -0.755583 -47.7989 -0.0130953 0.998587 -0.0515026 -5.6251 0.756081 0.0435952 0.653025 78.5803 
0.650395 -0.0332999 -0.758866 -48.7087 -0.0103267 0.998559 -0.0526685 -5.70048 0.759526 0.0420919 0.649114 79.3532 
0.646146 -0.0380729 -0.762264 -49.6241 -0.00705563 0.998414 -0.0558488 -5.77719 0.763181 0.0414647 0.644853 80.1244 
0.641299 -0.0422436 -0.766127 -50.546 -0.00272715 0.998351 -0.0573311 -5.85509 0.767286 0.0388557 0.640126 80.8924 
0.634585 -0.0457896 -0.771496 -51.4792 0.00226489 0.998349 -0.0573908 -5.93611 0.77285 0.0346719 0.633641 81.6622 
0.626142 -0.0495771 -0.778131 -52.4205 0.00710888 0.998298 -0.0578842 -6.01854 0.779677 0.0307121 0.625429 82.4215 
0.617073 -0.0505166 -0.785283 -53.3751 0.0098082 0.998354 -0.056516 -6.09939 0.786845 0.0271723 0.616552 83.1701 
0.608258 -0.0489168 -0.792231 -54.346 0.01008 0.998495 -0.0539135 -6.18039 0.793676 0.0248076 0.607835 83.9076 
0.599207 -0.0486492 -0.799114 -55.3256 0.00946247 0.998513 -0.053693 -6.26037 0.800538 0.0246116 0.598777 84.6341 
0.589676 -0.0499972 -0.806091 -56.3154 0.00860004 0.998414 -0.0556348 -6.3369 0.807594 0.0258741 0.589171 85.3505 
0.579675 -0.0521491 -0.813177 -57.3172 0.00903407 0.9983 -0.0575811 -6.41806 0.814797 0.0260321 0.579161 86.0592 
0.569826 -0.0538391 -0.82 -58.3358 0.0094973 0.998216 -0.0589405 -6.49982 0.821711 0.025798 0.569321 86.7604 
0.559641 -0.0545817 -0.826936 -59.3666 0.0123176 0.998266 -0.0575542 -6.58458 0.828644 0.0220238 0.559343 87.4555 
0.549303 -0.0546078 -0.833837 -60.4086 0.0135224 0.998313 -0.0564711 -6.66963 0.835514 0.0197442 0.549114 88.1399 
0.538918 -0.05525 -0.840545 -61.4586 0.0137087 0.99829 -0.0568294 -6.75395 0.842247 0.0191036 0.538753 88.8075 
0.5287 -0.0562425 -0.846943 -62.5203 0.0130653 0.998223 -0.0581326 -6.83824 0.848708 0.0196692 0.528496 89.4636 
0.518642 -0.0565829 -0.853117 -63.5927 0.011436 0.998178 -0.0592516 -6.92439 0.854915 0.0209741 0.518343 90.1065 
0.508745 -0.0576401 -0.858986 -64.6754 0.0103695 0.998094 -0.0608331 -7.01344 0.860855 0.0220413 0.508373 90.7391 
0.499154 -0.0573729 -0.864612 -65.7693 0.00921446 0.998101 -0.0609111 -7.10234 0.866465 0.0224371 0.498734 91.363 
0.490415 -0.0552208 -0.869738 -66.8767 0.00835923 0.998243 -0.0586663 -7.19097 0.871449 0.0215005 0.490015 91.9778 
0.482427 -0.0536211 -0.874294 -67.99 0.0089015 0.998373 -0.0563193 -7.27947 0.875891 0.0193874 0.482119 92.586 
0.474753 -0.0538289 -0.878472 -69.1105 0.0089275 0.998371 -0.0563511 -7.36684 0.880074 0.0189103 0.47446 93.1846 
0.46713 -0.0568891 -0.882357 -70.2357 0.0106058 0.998217 -0.0587442 -7.45369 0.884125 0.0180831 0.4669 93.7781 
0.460206 -0.0604009 -0.885755 -71.3685 0.0132946 0.99804 -0.0611504 -7.54273 0.887713 0.016366 0.460107 94.3651 
0.454068 -0.0630461 -0.888734 -72.5053 0.0142465 0.99788 -0.0635101 -7.63707 0.890853 0.0161765 0.454003 94.9411 
0.448585 -0.0665728 -0.891257 -73.6432 0.0161797 0.997663 -0.0663773 -7.73509 0.893594 0.0153555 0.448614 95.5102 
0.443785 -0.0674954 -0.893588 -74.7828 0.0187833 0.997641 -0.0660265 -7.83474 0.895936 0.0125171 0.444006 96.0747 
0.439554 -0.0648691 -0.895871 -75.9283 0.020364 0.997852 -0.062262 -7.93452 0.897985 0.00912401 0.439931 96.634 
0.435728 -0.0628801 -0.897879 -77.0696 0.0233843 0.998011 -0.0585445 -8.03187 0.899774 0.00451321 0.436332 97.1886 
0.43225 -0.0622697 -0.899601 -78.211 0.0248649 0.998057 -0.0571374 -8.12494 0.901411 0.00232913 0.432959 97.7356 
0.429314 -0.0621129 -0.901017 -79.3529 0.0263946 0.998069 -0.0562269 -8.21636 0.90277 0.000356971 0.430124 98.2757 
0.426955 -0.0612379 -0.902197 -80.4871 0.0280881 0.998121 -0.0544564 -8.30448 0.903837 -0.00209058 0.427873 98.8072 
0.424686 -0.0602897 -0.903331 -81.6263 0.0295581 0.998172 -0.0527233 -8.39229 0.904858 -0.00430992 0.425691 99.3364 
0.422581 -0.0614123 -0.904242 -82.7575 0.0320626 0.99809 -0.0528022 -8.47668 0.905758 -0.0066791 0.423743 99.8586 
0.420509 -0.06198 -0.905169 -83.8909 0.034523 0.998034 -0.0523007 -8.55665 0.906631 -0.00925615 0.421823 100.375 
0.418515 -0.061419 -0.906131 -85.0186 0.0379596 0.998022 -0.0501151 -8.63559 0.907416 -0.0134225 0.420018 100.885 
0.416639 -0.0607062 -0.907043 -86.1239 0.0398028 0.998029 -0.0485127 -8.71597 0.9082 -0.0158905 0.418234 101.387 
0.415045 -0.0620694 -0.907681 -87.2162 0.0422292 0.997909 -0.0489297 -8.79471 0.90882 -0.0180226 0.416798 101.883 
0.413777 -0.0632834 -0.908176 -88.2926 0.04368 0.997812 -0.0496282 -8.8737 0.90933 -0.0191341 0.415636 102.372 
0.413353 -0.0645206 -0.908282 -89.3562 0.0436112 0.997745 -0.0510285 -8.95441 0.909526 -0.0185185 0.415234 102.851 
0.413814 -0.0650789 -0.908032 -90.406 0.0427666 0.99773 -0.0520177 -9.03653 0.909356 -0.0173078 0.415658 103.324 
0.416247 -0.0647847 -0.906941 -91.4452 0.0406039 0.997788 -0.0526386 -9.1165 0.908345 -0.0149147 0.417956 103.79 
0.420622 -0.0648915 -0.904912 -92.4735 0.0385609 0.997816 -0.0536297 -9.19803 0.906416 -0.0123364 0.422206 104.258 
0.425789 -0.0652098 -0.90247 -93.4899 0.0371274 0.997819 -0.0545826 -9.27969 0.904061 -0.0102657 0.427281 104.729 
0.431666 -0.0651885 -0.899675 -94.4983 0.0364983 0.997831 -0.0547887 -9.35878 0.901295 -0.00918621 0.433109 105.206 
0.43862 -0.0639162 -0.896397 -95.5016 0.0353504 0.997923 -0.0538579 -9.43648 0.897977 -0.00806481 0.439968 105.689 
0.446699 -0.0626844 -0.892486 -96.4963 0.0340866 0.998011 -0.0530353 -9.51231 0.894035 -0.00673095 0.447947 106.178 
0.455521 -0.0621826 -0.88805 -97.4789 0.0337195 0.998047 -0.0525885 -9.58749 0.889586 -0.00598943 0.456728 106.675 
0.464958 -0.0616948 -0.88318 -98.4541 0.0329452 0.998084 -0.0523771 -9.66142 0.884719 -0.00474338 0.4661 107.18 
0.474786 -0.0624052 -0.877886 -99.4188 0.0319803 0.998048 -0.0536511 -9.73619 0.87952 -0.00260231 0.475855 107.694 
0.485089 -0.0637427 -0.872138 -100.371 0.0300572 0.997966 -0.0562211 -9.81101 0.873948 0.00105823 0.486018 108.217 
0.496503 -0.0646147 -0.865627 -101.315 0.0284095 0.997901 -0.0581934 -9.88701 0.86757 0.00430113 0.497296 108.751 
0.508682 -0.062775 -0.858663 -102.251 0.0261518 0.998005 -0.0574693 -9.96391 0.860557 0.00677797 0.509308 109.297 
0.52142 -0.0600476 -0.851185 -103.175 0.0245893 0.998164 -0.0553535 -10.0425 0.852946 0.00793241 0.521939 109.855 
0.533715 -0.0575711 -0.843703 -104.086 0.023849 0.998308 -0.0530343 -10.1192 0.845328 0.00818372 0.534185 110.423 
0.545579 -0.0568914 -0.836126 -104.986 0.0238462 0.998343 -0.0523691 -10.195 0.83772 0.00863302 0.546032 111.003 
0.557101 -0.0570531 -0.828483 -105.868 0.0239699 0.998326 -0.0526311 -10.2723 0.830099 0.00946213 0.557536 111.587 
0.568114 -0.0580792 -0.820898 -106.736 0.0242871 0.998255 -0.0538191 -10.3461 0.822592 0.0106381 0.568533 112.18 
0.578978 -0.0597142 -0.813154 -107.589 0.0264548 0.998165 -0.0544644 -10.4206 0.814914 0.0100218 0.579495 112.784 
0.589635 -0.059499 -0.805475 -108.427 0.0268518 0.998176 -0.0540771 -10.4947 0.807223 0.0102573 0.590157 113.396 
0.600277 -0.0570287 -0.797756 -109.255 0.0259283 0.998318 -0.0518562 -10.5675 0.799372 0.0104436 0.600746 114.01 
0.610171 -0.0542495 -0.79041 -110.069 0.0263208 0.99849 -0.0482122 -10.6381 0.791832 0.00861346 0.610678 114.633 
0.62022 -0.0523429 -0.78268 -110.866 0.0249232 0.998582 -0.0470318 -10.7052 0.784032 0.00966321 0.620645 115.255 
0.630263 -0.0519635 -0.774641 -111.649 0.0232554 0.998573 -0.0480641 -10.7698 0.776033 0.0122784 0.630572 115.881 
0.639765 -0.0515594 -0.766839 -112.421 0.0214235 0.998556 -0.0492658 -10.8345 0.768272 0.0150902 0.639946 116.516 
0.648949 -0.050933 -0.759125 -113.176 0.0213356 0.998583 -0.0487601 -10.9007 0.760533 0.0154464 0.649116 117.157 
0.658071 -0.0489859 -0.751361 -113.923 0.0210868 0.998689 -0.0466421 -10.9648 0.752661 0.01485 0.658241 117.806 
0.666767 -0.047145 -0.743774 -114.656 0.0212048 0.998793 -0.0443003 -11.0281 0.744965 0.0137665 0.666962 118.458 
0.674929 -0.0466331 -0.736408 -115.377 0.0216217 0.998822 -0.0434339 -11.0895 0.737566 0.0133924 0.675142 119.114 
0.682718 -0.0457973 -0.729245 -116.086 0.0204753 0.998841 -0.0435593 -11.1483 0.730395 0.0148072 0.682865 119.771 
0.690205 -0.0448155 -0.722224 -116.784 0.019853 0.998877 -0.0430095 -11.2054 0.723341 0.0153471 0.69032 120.43 
0.697462 -0.0420558 -0.715386 -117.472 0.0189829 0.99901 -0.0402221 -11.2609 0.71637 0.0144733 0.69757 121.093 
0.704946 -0.0391063 -0.708182 -118.146 0.0178493 0.999141 -0.0374055 -11.3172 0.709036 0.0137283 0.705038 121.756 
0.712295 -0.0375046 -0.700878 -118.806 0.0168235 0.999197 -0.0363705 -11.3706 0.701679 0.0141153 0.712354 122.417 
0.71984 -0.0365687 -0.693176 -119.449 0.0160747 0.999222 -0.0360212 -11.421 0.693953 0.0147869 0.719868 123.079 
0.727766 -0.0336682 -0.684999 -120.081 0.0134861 0.999304 -0.0347884 -11.4693 0.685693 0.0160798 0.727713 123.741 
0.73675 -0.0308551 -0.675461 -120.698 0.0127064 0.999414 -0.0317938 -11.5168 0.676046 0.0148414 0.73671 124.406 
0.746203 -0.0269101 -0.665174 -121.299 0.0107643 0.99954 -0.0283615 -11.5624 0.665631 0.0140033 0.746149 125.074 
0.756334 -0.0247993 -0.653715 -121.884 0.00903583 0.999582 -0.0274658 -11.6063 0.654123 0.0148664 0.756242 125.742 
0.766304 -0.0238497 -0.642035 -122.453 0.00742821 0.999573 -0.0282651 -11.6481 0.642435 0.0168905 0.766154 126.413 
0.776173 -0.0248811 -0.630029 -123.008 0.00752885 0.999516 -0.0301975 -11.6883 0.630476 0.0186951 0.775984 127.093 
0.786176 -0.0238491 -0.617542 -123.554 0.00698617 0.999534 -0.0297075 -11.7272 0.617963 0.0190411 0.785977 127.782 
0.796378 -0.0221604 -0.604393 -124.087 0.00652225 0.999585 -0.0280563 -11.7674 0.604764 0.0184015 0.796192 128.481 
0.806541 -0.0197715 -0.590848 -124.61 0.0061501 0.999667 -0.0250566 -11.8061 0.591147 0.0165754 0.806394 129.188 
0.816226 -0.0183362 -0.577441 -125.12 0.00641336 0.999722 -0.0226799 -11.8432 0.577697 0.0148086 0.816117 129.902 
0.825329 -0.0168125 -0.564402 -125.615 0.0068389 0.999781 -0.019781 -11.8775 0.564611 0.0124659 0.825263 130.622 
0.833488 -0.0159368 -0.552307 -126.099 0.00738703 0.999816 -0.0177018 -11.9096 0.552488 0.0106743 0.833453 131.349 
0.840758 -0.0162188 -0.541168 -126.572 0.00887999 0.99983 -0.0161689 -11.9404 0.541338 0.00878858 0.840759 132.083 
0.84741 -0.0160073 -0.530697 -127.036 0.00902472 0.999835 -0.0157473 -11.9692 0.530862 0.00855504 0.847415 132.823 
0.85419 -0.014969 -0.519746 -127.496 0.00798034 0.999845 -0.0156807 -11.9965 0.5199 0.00924651 0.854177 133.57 
0.860887 -0.0130021 -0.508631 -127.949 0.00639037 0.999871 -0.0147436 -12.0232 0.508757 0.00944222 0.860859 134.326 
0.867168 -0.0119346 -0.497873 -128.392 0.00558516 0.999883 -0.0142404 -12.0506 0.497985 0.00956815 0.867133 135.089 
0.873046 -0.0124305 -0.487479 -128.825 0.00628787 0.999879 -0.0142352 -12.0768 0.487597 0.00936279 0.873019 135.861 
0.878171 -0.0137493 -0.478149 -129.252 0.0073614 0.999857 -0.0152311 -12.1022 0.47829 0.00985563 0.878147 136.643 
0.882552 -0.0141837 -0.470002 -129.675 0.00770178 0.999847 -0.0157113 -12.1273 0.470152 0.0102461 0.882526 137.433 
0.886054 -0.0132862 -0.463392 -130.099 0.00717639 0.999863 -0.0149457 -12.1519 0.463527 0.00991716 0.886027 138.234 
0.88924 -0.0115136 -0.457296 -130.521 0.00699613 0.999909 -0.0115709 -12.1743 0.457388 0.00708998 0.889239 139.048 
0.892406 -0.0073216 -0.451173 -130.945 0.00451948 0.999963 -0.00728794 -12.1943 0.45121 0.00446474 0.892407 139.876 
0.895779 -0.00457255 -0.444476 -131.37 0.00287238 0.999986 -0.00449848 -12.2128 0.44449 0.00275294 0.895779 140.715 
0.899039 -0.00179638 -0.437866 -131.793 0.000850561 0.999997 -0.00235617 -12.2252 0.437869 0.00174585 0.899037 141.57 
0.902317 -0.000112988 -0.431073 -132.215 3.7432e-05 1 -0.000183757 -12.2366 0.431073 0.000149671 0.902317 142.442 
0.905619 0.00136431 -0.424089 -132.637 -0.000242522 0.999996 0.00269912 -12.2467 0.424091 -0.00234153 0.905616 143.332 
0.909051 0.00130945 -0.416682 -133.054 0.000663167 0.999989 0.00458934 -12.2534 0.416683 -0.00444827 0.909041 144.236 
0.91259 0.00116239 -0.408875 -133.469 0.00122327 0.999984 0.00557313 -12.26 0.408875 -0.00558614 0.912573 145.158 
0.916271 0.000505395 -0.400559 -133.882 0.00188873 0.999983 0.00558212 -12.2646 0.400555 -0.00587128 0.916254 146.094 
0.920146 -0.0019864 -0.391571 -134.289 0.00427698 0.999978 0.0049776 -12.2692 0.391553 -0.00625486 0.920134 147.048 
0.924163 -0.0035391 -0.381981 -134.692 0.00535943 0.999979 0.00370167 -12.2747 0.38196 -0.00546815 0.924163 148.019 
0.928626 -0.00460554 -0.370989 -135.091 0.00559408 0.999983 0.00158859 -12.2826 0.370976 -0.00355055 0.928636 149.009 
0.93382 -0.00276229 -0.357733 -135.488 0.00326715 0.999994 0.000806904 -12.2908 0.357729 -0.00192227 0.933824 150.025 
0.939869 0.000946927 -0.341535 -135.878 -0.000292528 0.999998 0.00196755 -12.2983 0.341536 -0.00174933 0.939867 151.066 
0.946384 0.00468219 -0.323009 -136.254 -0.00327278 0.999983 0.00490635 -12.307 0.323026 -0.00358616 0.946383 152.132 
0.952926 0.00800434 -0.303097 -136.614 -0.00633718 0.999959 0.00648353 -12.3128 0.303137 -0.00425754 0.952938 153.225 
0.959366 0.00968583 -0.281999 -136.95 -0.00797214 0.999942 0.00722369 -12.3177 0.282053 -0.00468202 0.959388 154.334 
0.965369 0.0111305 -0.260651 -137.264 -0.00918431 0.99992 0.00868347 -12.3221 0.260727 -0.00598885 0.965394 155.463 
0.970908 0.0121 -0.239148 -137.555 -0.00966969 0.999889 0.0113332 -12.3247 0.239259 -0.00869103 0.970917 156.62 
0.976039 0.0142959 -0.217127 -137.826 -0.0113665 0.999827 0.0147344 -12.3229 0.2173 -0.0119134 0.976032 157.79 
0.980698 0.0164685 -0.194835 -138.075 -0.0130385 0.999737 0.0188742 -12.3177 0.195095 -0.0159695 0.980654 158.985 
0.984854 0.0185319 -0.172394 -138.299 -0.0149462 0.999645 0.0220744 -12.3104 0.172742 -0.0191634 0.984781 160.196 
0.988444 0.020209 -0.150235 -138.497 -0.0171202 0.999615 0.0218249 -12.2974 0.150618 -0.0190006 0.988409 161.42 
0.99154 0.0195282 -0.128326 -138.669 -0.0171452 0.99966 0.0196483 -12.2842 0.128666 -0.0172819 0.991537 162.667 
0.994022 0.019641 -0.107398 -138.815 -0.0177464 0.99967 0.0185686 -12.2715 0.107727 -0.0165517 0.994043 163.925 
0.996032 0.0184216 -0.0870711 -138.936 -0.0167063 0.999653 0.0203874 -12.2593 0.0874165 -0.0188518 0.995993 165.206 
0.997568 0.0190596 -0.0670414 -139.035 -0.0176224 0.999603 0.0219651 -12.2475 0.0674335 -0.0207302 0.997508 166.504 
0.998717 0.0195305 -0.0467153 -139.11 -0.0184814 0.99957 0.0227847 -12.2323 0.0471402 -0.0218921 0.998648 167.816 
0.99943 0.0212088 -0.026267 -139.162 -0.0205992 0.999517 0.0232669 -12.2153 0.0267477 -0.0227126 0.999384 169.14 
0.999751 0.0216089 -0.00563953 -139.183 -0.0214693 0.999488 0.0237384 -12.1987 0.0061496 -0.0236114 0.999702 170.48 
0.999603 0.0239625 0.014838 -139.18 -0.0243021 0.999437 0.0231449 -12.1816 -0.0142751 -0.0234963 0.999622 171.832 
0.999074 0.0250869 0.0349536 -139.148 -0.0258608 0.999426 0.0218673 -12.1658 -0.034385 -0.022751 0.99915 173.193 
0.998198 0.0251959 0.0544614 -139.088 -0.0262877 0.999466 0.0194237 -12.1527 -0.0539429 -0.0208204 0.998327 174.568 
0.996926 0.0273507 0.0734205 -139.003 -0.0286533 0.999449 0.0167477 -12.1414 -0.072922 -0.0187999 0.99716 175.954 
0.995323 0.0275756 0.0925845 -138.89 -0.0290705 0.999467 0.0148369 -12.1328 -0.0921261 -0.017459 0.995594 177.357 
0.993374 0.0278349 0.111502 -138.748 -0.0293188 0.999502 0.0116901 -12.1294 -0.111121 -0.0148818 0.993695 178.776 
0.991082 0.0289122 0.13008 -138.579 -0.0299798 0.999531 0.00625641 -12.1322 -0.129838 -0.0101004 0.991484 180.202 
0.988528 0.0307242 0.147877 -138.384 -0.0309939 0.999519 -0.000480444 -12.1415 -0.147821 -0.00410835 0.989006 181.631 
0.9857 0.0327165 0.165306 -138.159 -0.0322357 0.999465 -0.00559116 -12.1602 -0.1654 0.000182458 0.986227 183.066 
0.98252 0.0350568 0.182827 -137.913 -0.0338281 0.999379 -0.00983562 -12.1854 -0.183059 0.00347898 0.983096 184.499 
0.979002 0.0371449 0.200436 -137.636 -0.0353115 0.999295 -0.012716 -12.2177 -0.200767 0.00537128 0.979624 185.934 
0.9753 0.0365131 0.217844 -137.327 -0.0346016 0.999322 -0.0125843 -12.2529 -0.218155 0.0047357 0.975903 187.383 
0.971337 0.0357866 0.234998 -136.993 -0.0335958 0.999347 -0.0133211 -12.2894 -0.235322 0.00504436 0.971904 188.828 
0.967149 0.0357345 0.251685 -136.631 -0.0320959 0.999313 -0.0185484 -12.33 -0.252175 0.00986094 0.967631 190.277 
0.96272 0.0368831 0.267975 -136.244 -0.0319112 0.999229 -0.0228871 -12.3745 -0.268612 0.0134824 0.963154 191.732 
0.957817 0.0391009 0.284705 -135.832 -0.0339255 0.999158 -0.0230888 -12.4235 -0.285368 0.0124561 0.958337 193.197 
0.952365 0.0413828 0.302141 -135.386 -0.0358512 0.999073 -0.0238333 -12.4758 -0.302847 0.0118658 0.952965 194.674 
0.946443 0.0450707 0.319711 -134.912 -0.038463 0.998896 -0.0269554 -12.5304 -0.320573 0.0132147 0.947132 196.155 
0.940422 0.0457407 0.33692 -134.399 -0.0374499 0.998815 -0.0310692 -12.5933 -0.337942 0.0166005 0.941021 197.644 
0.934083 0.0467539 0.353982 -133.865 -0.0372843 0.998742 -0.0335283 -12.658 -0.355104 0.0181203 0.934651 199.12 
0.927375 0.0469988 0.371169 -133.286 -0.0350612 0.99863 -0.0388489 -12.7346 -0.372486 0.0230139 0.927752 200.597 
0.919559 0.05025 0.389726 -132.673 -0.0355144 0.998359 -0.044929 -12.8189 -0.391344 0.0274739 0.919834 202.077 
0.910062 0.0537591 0.410971 -132.042 -0.0370084 0.998132 -0.0486136 -12.9056 -0.412817 0.029032 0.910351 203.555 
0.898937 0.0567801 0.434383 -131.356 -0.0388477 0.997991 -0.050058 -13.0034 -0.436353 0.0281242 0.899336 205.032 
0.886209 0.0616445 0.459167 -130.633 -0.0420579 0.99772 -0.0527736 -13.1071 -0.461374 0.0274568 0.886781 206.498 
0.872601 0.0658561 0.483974 -129.873 -0.0440049 0.997439 -0.0563845 -13.2116 -0.486448 0.0279039 0.873264 207.956 
0.858456 0.0697157 0.508127 -129.059 -0.0456769 0.997174 -0.0596448 -13.327 -0.510849 0.0279928 0.859215 209.389 
0.843976 0.0710757 0.531651 -128.204 -0.0448912 0.997064 -0.062033 -13.4479 -0.5345 0.0284879 0.844688 210.805 
0.8289 0.0728914 0.554627 -127.308 -0.0445352 0.996926 -0.0644615 -13.5756 -0.557621 0.0287318 0.829599 212.191 
0.813288 0.0748574 0.577026 -126.377 -0.0424005 0.996678 -0.0695375 -13.7054 -0.580315 0.0320878 0.81376 213.559 
0.79765 0.0770504 0.598179 -125.399 -0.0400687 0.996385 -0.0749124 -13.843 -0.601788 0.0357856 0.797853 214.898 
0.782049 0.0790748 0.61818 -124.386 -0.0388525 0.996174 -0.0782744 -13.9902 -0.622005 0.0371966 0.78213 216.209 
0.766494 0.0805608 0.637179 -123.335 -0.0368705 0.995985 -0.0815727 -14.1453 -0.641192 0.0390319 0.766387 217.504 
0.751237 0.0810314 0.655039 -122.242 -0.0347643 0.995915 -0.0833297 -14.3034 -0.659116 0.0398284 0.750986 218.783 
0.73632 0.0819951 0.671647 -121.121 -0.0332918 0.995818 -0.0850728 -14.4662 -0.675814 0.0402804 0.735971 220.043 
0.721777 0.0825966 0.68718 -119.97 -0.0302844 0.995672 -0.0878672 -14.6287 -0.691463 0.0426097 0.721154 221.284 
0.70742 0.0841067 0.701772 -118.793 -0.0278202 0.995439 -0.0912583 -14.7992 -0.706246 0.0450344 0.706533 222.495 
0.692945 0.0864105 0.715794 -117.588 -0.0252069 0.995089 -0.0957246 -14.9764 -0.72055 0.0482889 0.691719 223.686 
0.678324 0.088293 0.729438 -116.36 -0.0236414 0.994863 -0.0984358 -15.1586 -0.734382 0.0495265 0.676927 224.852 
0.663225 0.0893225 0.74307 -115.105 -0.0226935 0.994796 -0.0993266 -15.3476 -0.748076 0.0490131 0.661801 226.003 
0.647134 0.0906453 0.756969 -113.822 -0.0230137 0.994777 -0.0994478 -15.5386 -0.762029 0.0469354 0.64584 227.135 
0.630013 0.0919541 0.771121 -112.519 -0.0251695 0.994861 -0.0980708 -15.7319 -0.776177 0.0423771 0.62909 228.239 
0.612445 0.0930413 0.785018 -111.202 -0.0273974 0.994951 -0.0965483 -15.9244 -0.790038 0.0376231 0.611902 229.309 
0.594823 0.0950562 0.798216 -109.872 -0.0301317 0.994923 -0.0960272 -16.1179 -0.803292 0.0330676 0.594667 230.339 
0.577196 0.0982365 0.810675 -108.528 -0.0308557 0.994652 -0.0985614 -16.3131 -0.816023 0.0318753 0.57714 231.336 
0.559262 0.101781 0.822719 -107.179 -0.0328588 0.994376 -0.100681 -16.5099 -0.82834 0.0292734 0.559461 232.295 
0.540347 0.10194 0.835245 -105.81 -0.0326385 0.994426 -0.100253 -16.708 -0.840809 0.0269104 0.540662 233.213 
0.519743 0.100972 0.848335 -104.43 -0.033264 0.99463 -0.0980054 -16.9043 -0.853675 0.0227185 0.52031 234.102 
0.498695 0.0992178 0.86108 -103.034 -0.0329953 0.99488 -0.0955256 -17.0968 -0.866149 0.0192266 0.499416 234.951 
0.477454 0.0979678 0.873178 -101.633 -0.0332265 0.995067 -0.0934751 -17.2845 -0.878028 0.0156174 0.478354 235.758 
0.456315 0.0969317 0.884523 -100.235 -0.0321093 0.995195 -0.092495 -17.4696 -0.889239 0.0138054 0.457235 236.517 
0.435296 0.0965873 0.895091 -98.8216 -0.031052 0.995248 -0.0922939 -17.6504 -0.899752 0.0123808 0.436226 237.238 
0.414724 0.0958279 0.904887 -97.4051 -0.0284792 0.995319 -0.0923522 -17.8297 -0.909501 0.0125303 0.415512 237.915 
0.394095 0.0962257 0.914018 -95.9851 -0.0259113 0.995272 -0.0936078 -18.0084 -0.918704 0.0132069 0.394725 238.553 
0.373732 0.0956112 0.922596 -94.554 -0.021756 0.995303 -0.094333 -18.1855 -0.927282 0.0151832 0.374057 239.149 
0.353265 0.093761 0.930813 -93.1199 -0.0198118 0.995492 -0.092757 -18.3627 -0.935313 0.0143267 0.35353 239.707 
0.332956 0.093677 0.938278 -91.6809 -0.0187114 0.995513 -0.0927515 -18.538 -0.942757 0.0133257 0.333215 240.235 
0.313246 0.0985578 0.944544 -90.2466 -0.0188603 0.99505 -0.0975731 -18.7123 -0.949485 0.01275 0.313554 240.728 
0.294163 0.107833 0.949653 -88.8252 -0.0195651 0.994086 -0.106818 -18.8908 -0.955555 0.012842 0.294533 241.19 
0.274961 0.115569 0.954484 -87.4096 -0.0213785 0.993239 -0.114103 -19.0798 -0.961218 0.0109683 0.275572 241.622 
0.255503 0.119564 0.959387 -85.9959 -0.023608 0.992799 -0.11744 -19.2768 -0.96652 0.00735717 0.256486 242.024 
0.235618 0.120808 0.964308 -84.5837 -0.0259661 0.992672 -0.118017 -19.4777 -0.971499 0.00276763 0.237028 242.399 
0.21583 0.121013 0.968903 -83.1762 -0.0293928 0.992646 -0.117431 -19.6756 -0.975988 -0.0031335 0.2178 242.743 
0.19659 0.121362 0.972946 -81.7717 -0.0307844 0.992585 -0.117591 -19.8716 -0.980002 -0.00683424 0.198868 243.055 
0.177722 0.119934 0.976745 -80.3653 -0.0306593 0.992739 -0.116319 -20.0635 -0.983603 -0.00927382 0.180109 243.334 
0.159277 0.119994 0.979914 -78.9695 -0.0303657 0.992712 -0.116626 -20.2553 -0.986767 -0.0111801 0.161759 243.58 
0.140995 0.120622 0.982635 -77.5835 -0.0293188 0.992623 -0.117642 -20.4455 -0.989576 -0.0122229 0.143491 243.796 
0.121863 0.124093 0.984759 -76.2024 -0.0327418 0.992116 -0.120969 -20.6325 -0.992007 -0.0175012 0.124965 243.997 
0.10325 0.125868 0.986659 -74.8436 -0.032669 0.991855 -0.123112 -20.8234 -0.994119 -0.0195218 0.106521 244.161 
0.0861388 0.123027 0.988658 -73.4701 -0.0328254 0.992158 -0.120603 -21.0174 -0.995742 -0.0220645 0.0895018 244.303 
0.0708724 0.118634 0.990405 -72.1155 -0.0302405 0.992701 -0.116746 -21.206 -0.997027 -0.0216763 0.0739427 244.418 
0.0568535 0.114607 0.991783 -70.7715 -0.0296813 0.993144 -0.113063 -21.3874 -0.997941 -0.0230094 0.0598654 244.511 
0.0444412 0.111333 0.992789 -69.4356 -0.0274291 0.993532 -0.110188 -21.5648 -0.998635 -0.0223344 0.0472075 244.582 
0.0339431 0.111503 0.993184 -68.1195 -0.0267839 0.993501 -0.110624 -21.7394 -0.999065 -0.0228465 0.0367091 244.641 
0.0253299 0.113808 0.99318 -66.8257 -0.026986 0.993214 -0.113124 -21.9118 -0.999315 -0.0239365 0.0282292 244.693 
0.0188061 0.115667 0.99311 -65.537 -0.0280907 0.992955 -0.115117 -22.0782 -0.999428 -0.0257323 0.0219228 244.723 
0.0130094 0.11991 0.9927 -64.272 -0.0285881 0.992422 -0.119502 -22.2514 -0.999507 -0.0268247 0.0163389 244.751 
0.00782799 0.128626 0.991662 -63.028 -0.0278675 0.991336 -0.128364 -22.4272 -0.999581 -0.0266304 0.0113447 244.771 
0.00293186 0.131214 0.99135 -61.7958 -0.0297244 0.990927 -0.13107 -22.5993 -0.999554 -0.029083 0.00680551 244.792 
-0.000551088 0.122872 0.992422 -60.5673 -0.028521 0.992017 -0.122838 -22.7754 -0.999593 -0.0283725 0.00295775 244.803 
-0.00300687 0.113189 0.993569 -59.3517 -0.0274235 0.99319 -0.113228 -22.9427 -0.999619 -0.0275876 0.000117634 244.81 
-0.0042547 0.109522 0.993975 -58.1542 -0.0267853 0.993615 -0.109597 -23.0983 -0.999632 -0.0270902 -0.00129395 244.815 
-0.00420337 0.111533 0.993752 -56.9742 -0.0275895 0.993369 -0.111607 -23.251 -0.99961 -0.0278863 -0.00109834 244.823 
-0.00368914 0.114667 0.993397 -55.8074 -0.0270877 0.993028 -0.114725 -23.4041 -0.999626 -0.0273321 -0.00055734 244.831 
-0.00203367 0.11711 0.993117 -54.6489 -0.0295552 0.992678 -0.117119 -23.5589 -0.999561 -0.02959 0.00144243 244.844 
-2.75066e-05 0.117735 0.993045 -53.5012 -0.0317468 0.992544 -0.117676 -23.7134 -0.999496 -0.0315292 0.00371039 244.861 
0.00308609 0.119423 0.992839 -52.3623 -0.0328045 0.992321 -0.119259 -23.8663 -0.999457 -0.0322015 0.00698 244.88 
0.00671175 0.120467 0.992695 -51.243 -0.0353053 0.992127 -0.12016 -24.0179 -0.999354 -0.0342409 0.010912 244.904 
0.0115454 0.121719 0.992497 -50.1281 -0.0370015 0.991936 -0.121219 -24.1673 -0.999249 -0.0353244 0.0159561 244.933 
0.0178288 0.120848 0.992511 -49.0239 -0.0381154 0.992029 -0.120105 -24.3158 -0.999114 -0.0356886 0.0222929 244.966 
0.0246514 0.119508 0.992527 -47.9229 -0.0372217 0.99225 -0.11855 -24.4661 -0.999003 -0.0340211 0.0289087 245.004 
0.0320489 0.118776 0.992404 -46.8293 -0.0354205 0.992425 -0.117635 -24.6152 -0.998858 -0.0313813 0.0360133 245.048 
0.0394458 0.119783 0.992016 -45.7404 -0.0344571 0.992361 -0.118454 -24.7609 -0.998627 -0.0295095 0.0432718 245.101 
0.0463375 0.119576 0.991743 -44.6524 -0.0351753 0.992389 -0.11801 -24.9069 -0.998306 -0.0294166 0.050191 245.164 
0.0528902 0.118514 0.991543 -43.568 -0.0364513 0.9925 -0.116684 -25.0513 -0.997935 -0.0299716 0.0568135 245.238 
0.0595609 0.116422 0.991412 -42.486 -0.0373372 0.99274 -0.114335 -25.1935 -0.997526 -0.0302067 0.0634754 245.318 
0.0663287 0.114948 0.991155 -41.4107 -0.037486 0.992928 -0.112645 -25.3351 -0.997093 -0.0296828 0.0701685 245.403 
0.0731884 0.115511 0.990606 -40.3418 -0.0378935 0.992875 -0.112976 -25.4743 -0.996598 -0.029269 0.077044 245.496 
0.0800813 0.117742 0.98981 -39.2799 -0.0375666 0.99265 -0.11504 -25.6123 -0.99608 -0.0279712 0.0839159 245.593 
0.0867588 0.119303 0.98906 -38.223 -0.0376567 0.992487 -0.116413 -25.7476 -0.995517 -0.0271449 0.0905995 245.697 
0.0931914 0.121134 0.988252 -37.1737 -0.0396847 0.992235 -0.11788 -25.8876 -0.994857 -0.0282331 0.0972749 245.811 
0.0996159 0.121767 0.987547 -36.1273 -0.0418806 0.992117 -0.118106 -26.0244 -0.994144 -0.0295939 0.10393 245.931 
0.106488 0.121458 0.986868 -35.0859 -0.0427044 0.992154 -0.1175 -26.1627 -0.993397 -0.0296313 0.110839 246.057 
0.112813 0.119173 0.986444 -34.0459 -0.0438829 0.99241 -0.114875 -26.3004 -0.992647 -0.0303285 0.117187 246.19 
0.119173 0.117653 0.985878 -33.0193 -0.0441744 0.992599 -0.113115 -26.4353 -0.99189 -0.0300703 0.123488 246.33 
0.125775 0.116902 0.985147 -31.9866 -0.0442521 0.992706 -0.112149 -26.5715 -0.991071 -0.0294894 0.13003 246.475 
0.132679 0.118115 0.984096 -30.964 -0.0444244 0.992585 -0.113144 -26.7047 -0.990163 -0.0287059 0.136943 246.625 
0.140059 0.118439 0.983034 -29.9491 -0.0421825 0.992632 -0.113586 -26.8358 -0.989244 -0.0255581 0.144023 246.777 
0.148785 0.120116 0.981547 -28.9405 -0.0411774 0.992487 -0.115213 -26.9681 -0.988012 -0.0232757 0.152613 246.941 
