1 0 -0 0 -0 1 0 0 0 -0 1 -0 
0.999996 0.00271595 0.000337361 -0.00767702 -0.0027165 0.999995 0.00163913 -0.0173293 -0.000332908 -0.00164004 0.999999 0.767803 
0.999985 0.00545271 0.000617956 -0.0164756 -0.00545396 0.999983 0.0020412 -0.0339516 -0.000606816 -0.00204454 0.999998 1.52241 
0.999976 0.00679409 0.00109671 -0.0241476 -0.00679598 0.999975 0.00173425 -0.0505532 -0.0010849 -0.00174166 0.999998 2.26313 
0.999961 0.00874571 0.00125732 -0.0311473 -0.0087475 0.999961 0.00141987 -0.0658119 -0.00124485 -0.00143081 0.999998 2.98919 
0.99996 0.00883234 0.00165959 -0.0355538 -0.00883438 0.99996 0.00122659 -0.0811621 -0.00164869 -0.0012412 0.999998 3.70011 
0.999958 0.00897767 0.00200211 -0.0392037 -0.00898213 0.999957 0.00223142 -0.0968862 -0.001982 -0.00224931 0.999996 4.39529 
0.999949 0.00978015 0.00263801 -0.0426063 -0.00979336 0.999939 0.00504101 -0.110223 -0.00258855 -0.00506658 0.999984 5.07151 
0.999946 0.00955452 0.00410638 -0.0435384 -0.00959137 0.999913 0.00904959 -0.120637 -0.00401955 -0.00908849 0.999951 5.72873 
0.999947 0.00882691 0.00538838 -0.0415008 -0.00889426 0.999881 0.0126054 -0.130794 -0.00527647 -0.0126527 0.999906 6.36312 
0.999947 0.00799563 0.00645873 -0.0395578 -0.00809082 0.999857 0.0148482 -0.140328 -0.00633909 -0.0148997 0.999869 6.97177 
0.999935 0.00845788 0.00765856 -0.0388425 -0.00857021 0.999854 0.0147553 -0.150719 -0.00753265 -0.01482 0.999862 7.55184 
0.999917 0.0093951 0.00880093 -0.0378957 -0.00950187 0.999881 0.0121689 -0.159682 -0.00868555 -0.0122515 0.999887 8.10404 
0.999908 0.00941418 0.00971973 -0.0342553 -0.00950531 0.999911 0.00937187 -0.16563 -0.00963064 -0.0094634 0.999909 8.62761 
0.999906 0.00770907 0.0113428 -0.0269977 -0.00779863 0.999939 0.00787245 -0.170834 -0.0112814 -0.00796017 0.999905 9.12659 
0.999906 0.00392382 0.0131621 -0.0167393 -0.00399649 0.999977 0.00549962 -0.178669 -0.0131402 -0.0055517 0.999898 9.59529 
0.999885 0.00210119 0.0150098 -0.00808039 -0.00216759 0.999988 0.00440878 -0.188133 -0.0150004 -0.00444081 0.999878 10.0351 
0.999833 0.00630946 0.0171498 -0.00759605 -0.00635346 0.999977 0.00251249 -0.199695 -0.0171336 -0.00262103 0.99985 10.4451 
0.999738 0.010706 0.0202168 -0.00738863 -0.0107443 0.999941 0.00179022 -0.209367 -0.0201964 -0.00200697 0.999794 10.8263 
0.999659 0.0111979 0.0235879 0.000863708 -0.0112679 0.999932 0.00283798 -0.216438 -0.0235545 -0.00310279 0.999718 11.179 
0.999621 0.00699648 0.0266141 0.0171058 -0.00708642 0.999969 0.00328662 -0.221773 -0.0265903 -0.00347397 0.99964 11.5007 
0.999575 0.00212443 0.0290789 0.0357562 -0.00221523 0.999993 0.00309056 -0.225968 -0.0290721 -0.00315367 0.999572 11.7898 
0.999504 -0.00143119 0.0314587 0.0502161 0.00129213 0.999989 0.00444031 -0.232708 -0.0314647 -0.00439746 0.999495 12.0532 
0.999419 -0.00170928 0.0340503 0.0594529 0.00152048 0.999983 0.00556969 -0.239364 -0.0340592 -0.00551468 0.999405 12.2849 
0.999345 -0.000951716 0.0361625 0.0662331 0.000785531 0.999989 0.00460944 -0.243714 -0.0361665 -0.00457802 0.999335 12.4917 
0.999265 6.14703e-05 0.038326 0.0731253 -0.000182417 0.999995 0.00315224 -0.24818 -0.0383256 -0.00315692 0.99926 12.6776 
0.999162 0.00222187 0.0408669 0.0773422 -0.00232198 0.999994 0.00240237 -0.253892 -0.0408613 -0.00249525 0.999162 12.8508 
0.999083 0.00497833 0.0425236 0.081034 -0.00506234 0.999985 0.00186812 -0.262051 -0.0425137 -0.00208168 0.999094 13.0154 
0.999014 0.00624774 0.043944 0.0854411 -0.00627823 0.99998 0.000555929 -0.269689 -0.0439396 -0.000831271 0.999034 13.1726 
0.998932 0.00540604 0.0458837 0.0949752 -0.00535626 0.999985 -0.00120775 -0.273611 -0.0458896 0.000960698 0.998946 13.3248 
0.998871 0.00406636 0.0473347 0.105988 -0.0039438 0.999989 -0.00268239 -0.276245 -0.047345 0.00249268 0.998875 13.4704 
0.998816 0.003302 0.0485331 0.114891 -0.00312577 0.999988 -0.00370663 -0.279532 -0.0485448 0.00355054 0.998815 13.6084 
0.998737 0.00400318 0.050078 0.121001 -0.00375513 0.99998 -0.00504633 -0.283116 -0.0500973 0.00485191 0.998733 13.7394 
0.998671 0.00496252 0.0513078 0.127383 -0.00460034 0.999964 -0.00717464 -0.286156 -0.0513416 0.00692907 0.998657 13.8652 
0.998627 0.00505863 0.052134 0.134466 -0.00457524 0.999945 -0.00938721 -0.289007 -0.0521786 0.0091358 0.998596 13.9899 
0.998593 0.00414861 0.0528655 0.142187 -0.00353755 0.999926 -0.0116472 -0.293197 -0.0529099 0.0114438 0.998534 14.1124 
0.998622 0.00325001 0.0523819 0.149525 -0.00254324 0.999905 -0.0135537 -0.296032 -0.052421 0.0134018 0.998535 14.2372 
0.998729 0.00274479 0.050325 0.154645 -0.00200764 0.99989 -0.0146925 -0.299729 -0.0503598 0.0145728 0.998625 14.3611 
0.998868 0.00314357 0.0474632 0.155389 -0.00239825 0.999873 -0.0157521 -0.301048 -0.0475067 0.0156204 0.998749 14.4886 
0.999052 0.00363767 0.0433789 0.157063 -0.0029056 0.999852 -0.0169274 -0.304462 -0.0434341 0.0167854 0.998915 14.6194 
0.99929 0.00368639 0.0374989 0.163305 -0.00301624 0.999835 -0.0179121 -0.308507 -0.0375588 0.0177863 0.999136 14.7604 
0.999513 0.00379635 0.0309732 0.156814 -0.00321665 0.999819 -0.0187446 -0.309521 -0.0310388 0.0186358 0.999344 14.887 
0.999711 0.00372433 0.023747 0.157835 -0.00326122 0.999804 -0.0195112 -0.311594 -0.023815 0.0194281 0.999528 15.0234 
0.999871 0.00364415 0.0156534 0.152422 -0.00332286 0.999784 -0.0205025 -0.31363 -0.0157247 0.0204478 0.999667 15.1557 
0.999981 0.002446 0.00558247 0.145107 -0.00232392 0.99976 -0.0217711 -0.31582 -0.00563438 0.0217578 0.999747 15.2912 
0.999972 0.000887423 -0.00736435 0.134781 -0.00105976 0.999725 -0.0234309 -0.319159 0.00734153 0.023438 0.999698 15.4336 
0.999723 0.000249348 -0.0235355 0.117118 -0.0008458 0.999679 -0.0253361 -0.322733 0.0235216 0.025349 0.999402 15.5878 
0.999085 0.000521085 -0.0427628 0.0920024 -0.00164527 0.999654 -0.0262579 -0.327362 0.0427343 0.0263042 0.99874 15.7546 
0.997915 0.00126686 -0.0645329 0.0601531 -0.00293912 0.999662 -0.0258248 -0.332242 0.0644784 0.0259606 0.997581 15.9379 
0.996108 0.0018642 -0.0881222 0.0210761 -0.00402728 0.999695 -0.024375 -0.338305 0.0880499 0.024635 0.995811 16.1375 
0.993376 0.00271156 -0.114874 -0.0272853 -0.00537975 0.999723 -0.0229235 -0.343319 0.11478 0.0233896 0.993116 16.3497 
0.98943 0.0037184 -0.144967 -0.0860252 -0.00680506 0.99976 -0.0208022 -0.350561 0.144855 0.0215688 0.989218 16.5733 
0.984007 0.00371496 -0.17809 -0.154854 -0.00690328 0.999827 -0.0172865 -0.357882 0.177995 0.0182394 0.983862 16.8096 
0.976643 0.00469169 -0.214818 -0.2395 -0.00774941 0.99988 -0.0133941 -0.361698 0.214729 0.0147459 0.976562 17.055 
0.967021 0.00641282 -0.254616 -0.337067 -0.0087389 0.99993 -0.00800552 -0.366877 0.254547 0.00996657 0.967009 17.3098 
0.955137 0.0103839 -0.295982 -0.456656 -0.0118458 0.999925 -0.00314629 -0.371142 0.295927 0.00651127 0.955188 17.5724 
0.941056 0.0140086 -0.337959 -0.592791 -0.0144443 0.999895 0.00122573 -0.374935 0.337941 0.0037281 0.94116 17.8415 
0.924423 0.0164494 -0.381013 -0.744311 -0.0149401 0.999864 0.00691901 -0.379971 0.381075 -0.00070372 0.924544 18.1191 
0.905284 0.0196532 -0.424352 -0.921119 -0.0149553 0.999784 0.0143989 -0.381318 0.424544 -0.00668878 0.905383 18.4081 
0.883565 0.0239063 -0.467697 -1.11161 -0.0158854 0.999651 0.0210867 -0.384848 0.468039 -0.011202 0.883637 18.6884 
0.85893 0.0288946 -0.511277 -1.32945 -0.0183955 0.999503 0.0255825 -0.384433 0.511762 -0.0125684 0.859035 18.9681 
0.831144 0.0319883 -0.555137 -1.56395 -0.019189 0.999399 0.0288582 -0.382207 0.555727 -0.0133328 0.831258 19.2458 
0.800629 0.0355544 -0.598105 -1.82631 -0.0216806 0.999303 0.0303818 -0.375268 0.598768 -0.0113572 0.800842 19.5211 
0.767099 0.0380203 -0.640401 -2.10894 -0.0219222 0.999213 0.0330634 -0.366429 0.641154 -0.0113239 0.767328 19.7944 
0.730555 0.0418971 -0.681568 -2.42597 -0.0230507 0.99906 0.0367065 -0.351846 0.682465 -0.0111055 0.730834 20.07 
0.692033 0.0431355 -0.720576 -2.76671 -0.0208995 0.998992 0.0397306 -0.33968 0.721564 -0.0124352 0.692236 20.3395 
0.65158 0.0429657 -0.757362 -3.13749 -0.0181738 0.998992 0.0410382 -0.327055 0.758362 -0.0129755 0.651705 20.6094 
0.609363 0.0418311 -0.791788 -3.53424 -0.0128434 0.998997 0.0428938 -0.313584 0.792788 -0.0159686 0.609289 20.8686 
0.565068 0.0418165 -0.823984 -3.961 -0.0081072 0.998948 0.0451361 -0.297285 0.825005 -0.0188247 0.564812 21.1211 
0.518796 0.0432497 -0.853804 -4.42034 -0.00625576 0.998885 0.0467977 -0.277465 0.854875 -0.0189373 0.518488 21.353 
0.469457 0.0428721 -0.881914 -4.90696 -0.00500596 0.998934 0.045896 -0.255062 0.882941 -0.0171314 0.469171 21.5657 
0.417437 0.0417231 -0.907748 -5.4206 0.000175949 0.998942 0.0459955 -0.233724 0.908706 -0.0193599 0.416987 21.7644 
0.364104 0.0408763 -0.930461 -5.96233 0.00556589 0.998923 0.0460619 -0.213671 0.931342 -0.0219502 0.363485 21.9434 
0.31048 0.0398592 -0.949744 -6.5333 0.0081438 0.998972 0.0445875 -0.188336 0.950545 -0.0215781 0.309837 22.092 
0.257498 0.0457068 -0.965197 -7.13932 0.00899325 0.998724 0.0496937 -0.159475 0.966237 -0.0214763 0.256758 22.2132 
0.206343 0.0508263 -0.977159 -7.77506 0.0117985 0.998448 0.0544251 -0.133286 0.978409 -0.0227593 0.205423 22.3114 
0.158055 0.0521352 -0.986053 -8.43301 0.0174171 0.998303 0.0555747 -0.106813 0.987277 -0.0259581 0.156879 22.3919 
0.113752 0.0536431 -0.99206 -9.11972 0.0200774 0.998213 0.0562779 -0.0848507 0.993306 -0.0263197 0.112471 22.4452 
0.0734366 0.0519447 -0.995946 -9.8254 0.0199526 0.998366 0.0535421 -0.0549342 0.9971 -0.0238036 0.0722802 22.4673 
0.0379789 0.0476379 -0.998142 -10.5544 0.0173974 0.99868 0.0483255 -0.0165628 0.999127 -0.0192004 0.0371 22.4651 
0.00942928 0.0476697 -0.998819 -11.3136 0.0152423 0.99874 0.0478099 0.0210158 0.999839 -0.0156751 0.00869081 22.4466 
-0.0115719 0.051846 -0.998588 -12.0987 0.013941 0.998566 0.0516834 0.054867 0.999836 -0.0133232 -0.0122781 22.4171 
-0.0244363 0.0578401 -0.998027 -12.9137 0.0153944 0.998228 0.0574749 0.090324 0.999583 -0.0139596 -0.0252835 22.385 
-0.0324131 0.0605138 -0.997641 -13.7488 0.015116 0.998081 0.0600493 0.126798 0.99936 -0.0131339 -0.0332656 22.3486 
-0.036303 0.0577137 -0.997673 -14.6021 0.0162249 0.998233 0.0571557 0.164705 0.999209 -0.0141123 -0.0371753 22.3118 
-0.0356292 0.053756 -0.997918 -15.4731 0.0237033 0.998317 0.0529312 0.206516 0.999084 -0.0217681 -0.0368434 22.2858 
-0.0314218 0.0519946 -0.998153 -16.3659 0.0355202 0.998073 0.0508723 0.253746 0.998875 -0.0338561 -0.0332081 22.2747 
-0.0258558 0.0521255 -0.998306 -17.285 0.0358641 0.998045 0.0511831 0.295426 0.999022 -0.03448 -0.0276747 22.2523 
-0.0207292 0.0508121 -0.998493 -18.226 0.0340337 0.998165 0.0500888 0.327339 0.999206 -0.0329441 -0.0224205 22.2292 
-0.0177447 0.0443454 -0.998859 -19.1822 0.0376532 0.998337 0.0436534 0.367722 0.999133 -0.0368356 -0.019385 22.219 
-0.0156608 0.0336038 -0.999313 -20.1498 0.0355182 0.998823 0.0330308 0.400868 0.999246 -0.0349765 -0.0168359 22.1998 
-0.0149619 0.0254292 -0.999565 -21.138 0.0279754 0.999296 0.0250036 0.424222 0.999497 -0.0275891 -0.0156628 22.1666 
-0.0164541 0.0225046 -0.999611 -22.1591 0.022368 0.999505 0.022134 0.451231 0.999614 -0.0219951 -0.0169494 22.1339 
-0.0198607 0.0287287 -0.99939 -23.2087 0.0130409 0.999509 0.028473 0.470922 0.999718 -0.0124675 -0.0202256 22.0899 
-0.0246562 0.0368002 -0.999018 -24.2863 0.00809189 0.999297 0.0366107 0.497568 0.999663 -0.00718127 -0.0249367 22.046 
-0.0292708 0.0463594 -0.998496 -25.385 0.00659864 0.998911 0.0461852 0.536195 0.99955 -0.00523684 -0.0295448 22.0052 
-0.0309306 0.0562661 -0.997937 -26.4964 0.00531584 0.998409 0.056128 0.58129 0.999507 -0.0035688 -0.0311805 21.9636 
-0.031967 0.0639616 -0.99744 -27.6151 0.00717904 0.997939 0.0637635 0.629548 0.999463 -0.00512233 -0.0323603 21.9234 
-0.033465 0.0647994 -0.997337 -28.727 0.00815094 0.99788 0.0645612 0.684565 0.999407 -0.00596869 -0.0339223 21.8823 
-0.0352475 0.0620987 -0.997447 -29.8395 0.00706135 0.998058 0.0618872 0.738809 0.999354 -0.00486196 -0.0356176 21.8358 
-0.0380537 0.0571848 -0.997638 -30.9512 0.00682029 0.998353 0.0569656 0.788692 0.999252 -0.00463643 -0.038381 21.7845 
-0.0426004 0.0520476 -0.997736 -32.0659 0.00696217 0.998633 0.0517972 0.833395 0.999068 -0.00473982 -0.0429046 21.7282 
-0.0483146 0.0474448 -0.997705 -33.1842 0.00724736 0.998862 0.0471488 0.874531 0.998806 -0.00495275 -0.0486034 21.6673 
-0.0550283 0.0455654 -0.997445 -34.314 0.00636006 0.998954 0.0452835 0.914308 0.998465 -0.00385194 -0.0552605 21.5945 
-0.0615347 0.048052 -0.996948 -35.4543 0.00662694 0.998838 0.047734 0.953504 0.998083 -0.00366941 -0.0617816 21.5175 
-0.0679065 0.053001 -0.996283 -36.6027 0.00527207 0.998593 0.0527645 0.992774 0.997678 -0.00166942 -0.0680904 21.4307 
-0.0740131 0.0559827 -0.995685 -37.7498 0.00256422 0.99843 0.0559465 1.03604 0.997254 0.00158762 -0.0740405 21.3339 
-0.0787309 0.058279 -0.995191 -38.903 -0.000483653 0.998287 0.0584986 1.08466 0.996896 0.00508697 -0.0785679 21.2319 
-0.0813832 0.0596271 -0.994898 -40.0575 -0.00492368 0.998173 0.0602262 1.13298 0.996671 0.00979995 -0.0809409 21.1232 
-0.0830218 0.0609693 -0.994681 -41.2189 -0.00883778 0.998042 0.061913 1.18382 0.996509 0.0139309 -0.0823205 21.0137 
-0.0846274 0.0605447 -0.994572 -42.3808 -0.0102469 0.998047 0.0616282 1.23448 0.99636 0.0154067 -0.0838417 20.907 
-0.0860415 0.0597742 -0.994497 -43.5425 -0.0105565 0.998088 0.0609033 1.28656 0.996236 0.0157386 -0.085246 20.8004 
-0.0871419 0.0590692 -0.994443 -44.7102 -0.0117686 0.99811 0.0603183 1.33862 0.996126 0.0169595 -0.086282 20.6908 
-0.0881082 0.0582544 -0.994406 -45.8765 -0.0139166 0.998119 0.059705 1.38875 0.996014 0.0190993 -0.0871317 20.5783 
-0.0889577 0.0558345 -0.994469 -47.0472 -0.018407 0.998165 0.0576886 1.43851 0.995865 0.023437 -0.0877667 20.4624 
-0.0892824 0.0509957 -0.9947 -48.2141 -0.0236559 0.998298 0.0533035 1.4844 0.995725 0.0282895 -0.0879241 20.3428 
-0.0884322 0.050338 -0.994809 -49.3929 -0.0251573 0.998291 0.0527505 1.53343 0.995764 0.0296915 -0.0870147 20.2277 
-0.0867621 0.0545665 -0.994734 -50.5805 -0.025954 0.998036 0.0570114 1.5809 0.995891 0.0307638 -0.0851755 20.1155 
-0.0849496 0.0577558 -0.99471 -51.771 -0.0260259 0.997849 0.0601608 1.63021 0.996045 0.0309989 -0.0832638 20.0068 
-0.0834937 0.0573952 -0.994854 -52.9593 -0.0239985 0.997935 0.059587 1.68431 0.996219 0.0288502 -0.0819438 19.905 
-0.0809919 0.0566271 -0.995105 -54.1511 -0.0236571 0.997994 0.058717 1.73602 0.996434 0.0282969 -0.0794898 19.8036 
-0.0770015 0.0571844 -0.99539 -55.3492 -0.0280057 0.997836 0.0594914 1.78859 0.996638 0.0324575 -0.0752334 19.6998 
-0.0713962 0.0581927 -0.995749 -56.5497 -0.0329067 0.997616 0.0606613 1.83939 0.996905 0.0370978 -0.0693111 19.5985 
-0.0655618 0.0578599 -0.99617 -57.7534 -0.0366556 0.997504 0.0603498 1.8924 0.997175 0.0404718 -0.0632773 19.5059 
-0.0597818 0.0571225 -0.996576 -58.9584 -0.0380687 0.997505 0.0594593 1.94482 0.997485 0.0414929 -0.057458 19.4233 
-0.0540824 0.0564553 -0.996939 -60.1693 -0.0375693 0.997578 0.0585295 1.99591 0.997829 0.0406197 -0.0518305 19.3513 
-0.0487928 0.0562369 -0.997224 -61.3846 -0.0357755 0.997675 0.0580128 2.04657 0.998168 0.0385068 -0.0466675 19.289 
-0.043399 0.0569775 -0.997432 -62.6043 -0.0348124 0.99768 0.0585064 2.09766 0.998451 0.0372621 -0.0413148 19.2318 
-0.0376994 0.0586613 -0.997566 -63.8278 -0.0338129 0.997629 0.0599428 2.14934 0.998717 0.0359904 -0.0356265 19.1801 
-0.0322391 0.0599757 -0.997679 -65.0547 -0.0345576 0.997534 0.0610837 2.20358 0.998883 0.0364467 -0.030087 19.1327 
-0.0269211 0.0592451 -0.99788 -66.2825 -0.0340645 0.997608 0.0601479 2.25564 0.999057 0.0356115 -0.0248385 19.0935 
-0.0220365 0.0547344 -0.998258 -67.5073 -0.0342291 0.997874 0.055469 2.30792 0.999171 0.0353918 -0.0201161 19.0597 
-0.0176683 0.0494641 -0.99862 -68.7356 -0.0339592 0.99817 0.0500426 2.35503 0.999267 0.0347965 -0.0159562 19.0311 
-0.0139567 0.0489149 -0.998705 -69.9698 -0.033846 0.998207 0.0493634 2.40038 0.99933 0.0344912 -0.0122761 19.0072 
-0.0107021 0.0513967 -0.998621 -71.2115 -0.0331212 0.998112 0.0517255 2.44114 0.999394 0.0336291 -0.0089796 18.9882 
-0.00855336 0.051041 -0.99866 -72.4529 -0.0333482 0.998126 0.0512993 2.48636 0.999407 0.0337423 -0.00683521 18.9701 
-0.00757938 0.0508308 -0.998679 -73.6958 -0.0351809 0.998075 0.0510671 2.5331 0.999352 0.0355214 -0.00577653 18.951 
-0.00671943 0.0517518 -0.998637 -74.9396 -0.0363325 0.997988 0.0519626 2.57768 0.999317 0.0366321 -0.00482564 18.9336 
-0.00556769 0.0514551 -0.99866 -76.1853 -0.0369619 0.997982 0.0516263 2.62044 0.999301 0.0371998 -0.00365458 18.9179 
-0.00432802 0.0494094 -0.998769 -77.432 -0.0373698 0.998073 0.0495369 2.66356 0.999292 0.0375382 -0.00247326 18.9014 
-0.00359169 0.0481409 -0.998834 -78.6806 -0.0356845 0.998198 0.0482385 2.70622 0.999357 0.0358162 -0.00186733 18.8921 
-0.00324687 0.048029 -0.998841 -79.9312 -0.0323279 0.998319 0.048109 2.74644 0.999472 0.0324467 -0.00168874 18.8868 
-0.00299349 0.0487275 -0.998808 -81.182 -0.0300492 0.998357 0.0487955 2.78669 0.999544 0.0301595 -0.00152435 18.8799 
-0.00286324 0.0515065 -0.998669 -82.4366 -0.0297701 0.998226 0.051569 2.82815 0.999553 0.0298781 -0.00132481 18.8691 
-0.00255937 0.0551427 -0.998475 -83.6907 -0.0321137 0.997959 0.0551965 2.87105 0.999481 0.032206 -0.000783308 18.8545 
-0.0018403 0.0551071 -0.998479 -84.9403 -0.0344376 0.997885 0.0551378 2.91618 0.999405 0.0344867 6.13493e-05 18.8374 
-0.0013858 0.0530007 -0.998594 -86.1821 -0.0355712 0.99796 0.0530164 2.96341 0.999366 0.0355946 0.00050232 18.8241 
-0.00103129 0.0506611 -0.998715 -87.4206 -0.0353824 0.998089 0.0506659 3.00561 0.999373 0.0353892 0.000763192 18.8133 
-0.0010291 0.0499704 -0.99875 -88.656 -0.0333058 0.998195 0.0499769 3.04597 0.999445 0.0333156 0.000637059 18.8073 
-0.000984061 0.0514905 -0.998673 -89.8909 -0.0319164 0.998163 0.0514957 3.08596 0.99949 0.0319248 0.00066114 18.802 
-0.000598783 0.0542692 -0.998526 -91.1262 -0.0313348 0.998035 0.0542613 3.12817 0.999509 0.0313211 0.00110291 18.7951 
-9.05271e-05 0.0565996 -0.998397 -92.358 -0.0319019 0.997889 0.0565737 3.17261 0.999491 0.0318559 0.0017153 18.7878 
6.0812e-05 0.0568519 -0.998383 -93.5844 -0.0332294 0.997831 0.0568185 3.21798 0.999448 0.0331722 0.00194983 18.7789 
0.00040952 0.0547563 -0.9985 -94.8069 -0.0326816 0.997967 0.0547137 3.26334 0.999466 0.0326102 0.00219821 18.7727 
0.000696016 0.0533716 -0.998574 -96.0263 -0.0310851 0.998093 0.0533242 3.30849 0.999517 0.0310036 0.00235375 18.7683 
0.000820294 0.054365 -0.998521 -97.2478 -0.0294761 0.998089 0.0543173 3.35243 0.999565 0.0293879 0.00242119 18.7658 
0.00110615 0.0572393 -0.99836 -98.4675 -0.0270793 0.997996 0.0571884 3.39819 0.999633 0.0269716 0.00265393 18.7633 
0.00127973 0.0597671 -0.998212 -99.6869 -0.025785 0.997882 0.0597144 3.4448 0.999667 0.0256625 0.00281812 18.7621 
0.00174146 0.0615406 -0.998103 -100.902 -0.0262913 0.997762 0.0614737 3.49503 0.999653 0.0261344 0.00335555 18.7571 
0.00203638 0.0634512 -0.997983 -102.114 -0.0287043 0.997577 0.0633668 3.54746 0.999586 0.0285174 0.00385277 18.7511 
0.00235379 0.0627542 -0.998026 -103.32 -0.0307385 0.997562 0.0626525 3.59732 0.999525 0.0305303 0.00427702 18.7449 
0.00250064 0.058812 -0.998266 -104.521 -0.0331167 0.997726 0.0586973 3.64724 0.999448 0.0329125 0.00444261 18.7363 
0.00281777 0.0570064 -0.99837 -105.722 -0.0342567 0.997793 0.0568768 3.6972 0.999409 0.0340406 0.0047644 18.7316 
0.00294862 0.055285 -0.998466 -106.924 -0.0342016 0.997892 0.0551522 3.74495 0.999411 0.0339865 0.00483324 18.7285 
0.00313373 0.0556099 -0.998448 -108.128 -0.0328854 0.997918 0.0554772 3.79338 0.999454 0.0326605 0.00495596 18.728 
0.00314881 0.0577018 -0.998329 -109.337 -0.0329442 0.997798 0.0575672 3.84246 0.999452 0.0327079 0.00504281 18.7256 
0.00330424 0.0598266 -0.998203 -110.545 -0.0316516 0.997715 0.0596926 3.89059 0.999493 0.0313975 0.0051903 18.7253 
0.00276511 0.0588458 -0.998263 -111.754 -0.035407 0.997647 0.0587114 3.94335 0.999369 0.0351832 0.00484215 18.7174 
0.00238997 0.0600584 -0.998192 -112.969 -0.0393594 0.997427 0.0599181 3.99719 0.999222 0.0391451 0.00474768 18.7086 
0.00226131 0.0592655 -0.99824 -114.187 -0.0426396 0.99734 0.0591155 4.05088 0.999088 0.0424309 0.00478235 18.6983 
0.00208499 0.0554344 -0.99846 -115.401 -0.0434408 0.997525 0.0552918 4.10132 0.999054 0.0432586 0.00448795 18.6908 
0.00142014 0.0514586 -0.998674 -116.623 -0.0435148 0.997732 0.0513482 4.15224 0.999052 0.0433841 0.00365612 18.6843 
0.000670051 0.0505139 -0.998723 -117.858 -0.0398544 0.997931 0.0504471 4.19563 0.999205 0.0397697 0.00268187 18.6847 
0.00028503 0.049697 -0.998764 -119.096 -0.0352983 0.998142 0.0496559 4.24185 0.999377 0.0352406 0.00203872 18.683 
-0.000180957 0.0515097 -0.998672 -120.34 -0.034491 0.998078 0.0514853 4.28943 0.999405 0.0344545 0.00159601 18.6778 
-0.000926398 0.0554987 -0.998458 -121.595 -0.033582 0.997894 0.0554984 4.33781 0.999436 0.0335816 0.000939309 18.6707 
-0.00139933 0.0555165 -0.998457 -122.852 -0.0319881 0.997944 0.0555328 4.38974 0.999487 0.0320164 0.00037941 18.6641 
-0.00188687 0.0510934 -0.998692 -124.11 -0.0319716 0.99818 0.0511276 4.44109 0.999487 0.0320263 -0.000249893 18.653 
-0.0026532 0.0473864 -0.998873 -125.379 -0.0321515 0.998356 0.0474473 4.4883 0.999479 0.0322411 -0.00112529 18.6412 
-0.00346754 0.0459829 -0.998936 -126.655 -0.0311974 0.998451 0.0460689 4.53085 0.999507 0.031324 -0.00202761 18.6308 
-0.00401923 0.0472436 -0.998875 -127.937 -0.03308 0.99833 0.0473509 4.57397 0.999445 0.0332332 -0.0024497 18.6166 
-0.00443679 0.0520095 -0.998637 -129.228 -0.0378624 0.997922 0.0521405 4.61976 0.999273 0.0380421 -0.00245836 18.5969 
-0.00467798 0.0553098 -0.998458 -130.524 -0.043287 0.997522 0.0554608 4.66801 0.999052 0.0434797 -0.00227219 18.5747 
-0.00473041 0.0552359 -0.998462 -131.816 -0.0506196 0.99718 0.0554048 4.72055 0.998707 0.0508039 -0.00192105 18.5482 
-0.00449856 0.0532169 -0.998573 -133.107 -0.0537909 0.997124 0.0533821 4.77098 0.998542 0.0539543 -0.00162303 18.5269 
-0.00494318 0.0520019 -0.998635 -134.397 -0.0558971 0.997071 0.0521972 4.81838 0.998424 0.0560788 -0.00202194 18.5093 
-0.00553656 0.0514727 -0.998659 -135.687 -0.0559882 0.997092 0.0517023 4.86083 0.998416 0.0561994 -0.0026386 18.494 
-0.0059603 0.0505414 -0.998704 -136.975 -0.0536242 0.997269 0.0507888 4.90312 0.998543 0.0538574 -0.00323378 18.4818 
-0.00631341 0.0511813 -0.998669 -138.26 -0.0536809 0.997232 0.051447 4.94658 0.998538 0.0539343 -0.00354848 18.4654 
-0.00692997 0.0562876 -0.998391 -139.549 -0.0535147 0.996963 0.0565786 4.99371 0.998543 0.0538207 -0.00389671 18.4487 
-0.00745857 0.0604456 -0.998144 -140.838 -0.0523414 0.996779 0.0607541 5.04289 0.998601 0.0526973 -0.00427075 18.4322 
-0.00736656 0.0590976 -0.998225 -142.118 -0.0527544 0.996839 0.0594048 5.09856 0.99858 0.0530984 -0.00422562 18.4146 
-0.00653969 0.0577362 -0.99831 -143.395 -0.052591 0.99693 0.0580009 5.15298 0.998595 0.0528815 -0.00348321 18.3974 
-0.00534138 0.0571363 -0.998352 -144.669 -0.0516234 0.997019 0.0573363 5.2027 0.998652 0.0518446 -0.00237588 18.3835 
-0.00434399 0.0565006 -0.998393 -145.941 -0.0518887 0.997045 0.0566501 5.25155 0.998643 0.0520514 -0.00139941 18.3697 
-0.00351033 0.0585992 -0.998275 -147.215 -0.0518643 0.996927 0.0587024 5.30217 0.998648 0.051981 -0.000460332 18.358 
-0.00255348 0.0623308 -0.998052 -148.489 -0.0528909 0.99665 0.0623785 5.35459 0.998597 0.0529472 0.000751801 18.347 
-0.00118376 0.0633711 -0.997989 -149.757 -0.0544567 0.996505 0.0633415 5.4102 0.998515 0.0544222 0.00227137 18.3361 
-0.000347525 0.0606916 -0.998157 -151.018 -0.0565577 0.996558 0.0606141 5.46531 0.998399 0.0564745 0.00308625 18.3245 
-0.000155976 0.0575721 -0.998341 -152.277 -0.0552542 0.996816 0.0574928 5.51871 0.998472 0.0551716 0.00302563 18.3193 
-0.000113366 0.0559565 -0.998433 -153.538 -0.0523683 0.997063 0.0558856 5.56829 0.998628 0.0522925 0.00281731 18.3164 
-0.000285317 0.0554268 -0.998463 -154.798 -0.0509834 0.997163 0.0553693 5.61571 0.998699 0.0509208 0.00254134 18.3119 
-0.000371159 0.055723 -0.998446 -156.055 -0.0483321 0.997278 0.0556758 5.66294 0.998831 0.0482777 0.00232306 18.3084 
-0.000496517 0.0542574 -0.998527 -157.311 -0.0463493 0.997453 0.0542221 5.70846 0.998925 0.0463079 0.00201954 18.3038 
-0.000410248 0.0544363 -0.998517 -158.567 -0.0455475 0.99748 0.0543984 5.75523 0.998962 0.0455023 0.00207022 18.2969 
-0.000514136 0.0570349 -0.998372 -159.822 -0.0431232 0.997442 0.057004 5.80415 0.99907 0.0430823 0.00194671 18.292 
-0.000668148 0.0584083 -0.998293 -161.074 -0.0405361 0.997471 0.0583873 5.85315 0.999178 0.0405059 0.00170119 18.2876 
-0.000756119 0.0568636 -0.998382 -162.323 -0.0383521 0.997646 0.0568508 5.90429 0.999264 0.038333 0.0014265 18.2832 
-0.00139586 0.0571297 -0.998366 -163.572 -0.0395494 0.997582 0.0571402 5.95482 0.999217 0.0395646 0.000866961 18.2735 
-0.00123681 0.0618426 -0.998085 -164.822 -0.0403728 0.997269 0.061842 6.00783 0.999184 0.040372 0.00126332 18.2638 
-0.000818408 0.0685251 -0.997649 -166.073 -0.0454033 0.996618 0.0684915 6.06434 0.998968 0.0453526 0.00229563 18.2488 
0.000510326 0.0685437 -0.997648 -167.313 -0.0500673 0.996399 0.0684322 6.12609 0.998746 0.0499146 0.00394028 18.2339 
0.00199807 0.0648013 -0.997896 -168.551 -0.0537572 0.996462 0.0646006 6.18712 0.998552 0.053515 0.00547454 18.2203 
0.00351808 0.0593255 -0.998232 -169.789 -0.0556231 0.996705 0.0590387 6.24357 0.998446 0.0553171 0.00680635 18.2173 
0.00432271 0.0577436 -0.998322 -171.025 -0.0580846 0.99666 0.0573959 6.29478 0.998302 0.057739 0.00766228 18.2118 
0.00578076 0.0545102 -0.998496 -172.266 -0.0527635 0.997139 0.0541306 6.34053 0.99859 0.0523712 0.00864037 18.2143 
0.00588094 0.0500526 -0.998729 -173.497 -0.0493585 0.997544 0.0497026 6.38579 0.998764 0.0490035 0.00833702 18.2205 
0.00566637 0.0467303 -0.998891 -174.732 -0.0430667 0.997992 0.0464439 6.42384 0.999056 0.0427558 0.00766751 18.2295 
0.00464069 0.0497141 -0.998753 -175.971 -0.0407127 0.997945 0.0494847 6.46641 0.99916 0.0404323 0.00665515 18.235 
0.00532879 0.056132 -0.998409 -177.215 -0.0411398 0.99759 0.0558664 6.50848 0.999139 0.0407767 0.00762521 18.235 
0.00692716 0.059354 -0.998213 -178.452 -0.0427927 0.99734 0.0590051 6.55725 0.99906 0.0423075 0.00944865 18.2329 
0.00880498 0.0560173 -0.998391 -179.683 -0.0437848 0.997494 0.0555808 6.6073 0.999002 0.043225 0.0112356 18.2338 
0.00956881 0.0561122 -0.998379 -180.916 -0.0460414 0.99739 0.0556154 6.65777 0.998894 0.0454346 0.0121273 18.2355 
0.0104759 0.0572107 -0.998307 -182.15 -0.0440297 0.99742 0.0566978 6.70189 0.998975 0.0433612 0.0129679 18.2437 
0.0111381 0.0552491 -0.99841 -183.373 -0.0441729 0.997525 0.0547073 6.74801 0.998962 0.0434934 0.013551 18.2516 
0.0128088 0.0538319 -0.998468 -184.571 -0.0444088 0.997595 0.0532152 6.79089 0.998931 0.0436592 0.0151686 18.2584 
0.0145886 0.0557492 -0.998338 -185.743 -0.045894 0.99743 0.0550278 6.82833 0.99884 0.0450149 0.0171096 18.265 
0.0159243 0.0577333 -0.998205 -186.886 -0.0457729 0.997327 0.0569524 6.86221 0.998825 0.0447838 0.0185243 18.2752 
0.0164034 0.0592522 -0.998108 -188 -0.0466343 0.997202 0.058432 6.89674 0.998777 0.0455876 0.0191207 18.2854 
0.0167291 0.0604893 -0.998029 -189.09 -0.0470036 0.997112 0.0596459 6.93306 0.998755 0.0459131 0.019524 18.2947 
0.016705 0.0614367 -0.997971 -190.153 -0.0463386 0.997086 0.0606065 6.96905 0.998786 0.0452321 0.0195032 18.3055 
0.0171625 0.0606308 -0.998013 -191.181 -0.046505 0.997128 0.0597773 7.00344 0.998771 0.0453867 0.0199329 18.3166 
0.0186394 0.0605742 -0.99799 -192.177 -0.0474814 0.99709 0.0596329 7.03821 0.998698 0.0462744 0.0214613 18.3277 
0.0200507 0.0614327 -0.99791 -193.148 -0.0482045 0.997009 0.0604087 7.0718 0.998636 0.0468925 0.0229521 18.3408 
0.019441 0.0598585 -0.998018 -194.104 -0.0466794 0.997172 0.0588985 7.10246 0.998721 0.0454419 0.0221801 18.3549 
0.0163154 0.0568903 -0.998247 -195.056 -0.0444947 0.997432 0.0561166 7.13285 0.998876 0.0435011 0.0188048 18.368 
0.0114539 0.0533435 -0.998511 -196.001 -0.0443089 0.997622 0.0527878 7.16427 0.998952 0.0436383 0.0137902 18.3717 
0.00652885 0.0502697 -0.998714 -196.949 -0.0458585 0.9977 0.0499189 7.19659 0.998927 0.0454736 0.00881913 18.3709 
0.00269501 0.0494784 -0.998772 -197.891 -0.047865 0.997637 0.049293 7.22947 0.99885 0.0476734 0.00505693 18.3627 
-0.000106871 0.0502317 -0.998738 -198.832 -0.049575 0.997509 0.0501753 7.25858 0.99877 0.0495178 0.00238363 18.3519 
-0.00202976 0.0520015 -0.998645 -199.771 -0.0483465 0.997474 0.0520388 7.28824 0.998829 0.0483867 0.000489457 18.346 
-0.00359063 0.0535303 -0.99856 -200.707 -0.0453508 0.99753 0.0536382 7.31869 0.998965 0.0454781 -0.00115412 18.3419 
-0.00500537 0.0540553 -0.998525 -201.639 -0.0437703 0.997569 0.054223 7.34859 0.999029 0.0439772 -0.00262718 18.3342 
-0.00599064 0.0529982 -0.998577 -202.567 -0.0441458 0.997607 0.0532116 7.37933 0.999007 0.0444018 -0.00363665 18.3229 
-0.00670648 0.0518889 -0.99863 -203.492 -0.0459014 0.997584 0.0521428 7.41154 0.998923 0.0461882 -0.00430851 18.3088 
-0.00659724 0.0513013 -0.998661 -204.416 -0.0495029 0.997442 0.0515657 7.44338 0.998752 0.0497768 -0.0040408 18.2921 
-0.00577995 0.0496344 -0.998751 -205.343 -0.0521131 0.997395 0.0498687 7.4742 0.998624 0.0523362 -0.00317829 18.2768 
-0.00482776 0.0469971 -0.998883 -206.273 -0.0523088 0.997516 0.0471855 7.5042 0.998619 0.0524782 -0.0023574 18.2649 
-0.00431135 0.0444063 -0.999004 -207.207 -0.0520253 0.997651 0.0445706 7.53401 0.998636 0.0521656 -0.00199097 18.2559 
-0.00362835 0.0440299 -0.999024 -208.148 -0.0520675 0.997667 0.0441592 7.56307 0.998637 0.0521769 -0.00132736 18.2466 
-0.00310871 0.0466685 -0.998906 -209.099 -0.0494547 0.997681 0.0467652 7.59333 0.998772 0.049546 -0.000793518 18.2416 
-0.00309139 0.0480097 -0.998842 -210.054 -0.0489097 0.997644 0.0481035 7.62119 0.998798 0.0490018 -0.000735961 18.2351 
-0.00217254 0.0442892 -0.999016 -211.009 -0.0439013 0.998051 0.0443419 7.64882 0.999034 0.0439545 -0.000223948 18.2326 
-0.00220738 0.040911 -0.99916 -211.97 -0.0423587 0.998262 0.0409678 7.6815 0.9991 0.0424136 -0.000470606 18.2293 
-0.00159011 0.0413958 -0.999142 -212.942 -0.0467857 0.998046 0.0414248 7.7134 0.998904 0.0468114 0.000349725 18.2153 
-8.57065e-05 0.0454953 -0.998965 -213.925 -0.0481511 0.997806 0.0454467 7.7408 0.99884 0.0481051 0.00210513 18.2066 
0.00187592 0.0448197 -0.998993 -214.909 -0.0457326 0.997954 0.0446872 7.77234 0.998952 0.0456027 0.0039218 18.2042 
0.0039964 0.0460056 -0.998933 -215.903 -0.044435 0.997963 0.0457831 7.8095 0.999004 0.0442046 0.00603252 18.2046 
0.00585317 0.0508044 -0.998691 -216.91 -0.0451224 0.997705 0.0504898 7.84546 0.998964 0.0447679 0.00813215 18.2005 
0.00762661 0.0547197 -0.998473 -217.924 -0.0420098 0.997638 0.0543531 7.88429 0.999088 0.0415311 0.00990736 18.2046 
0.00892412 0.0553041 -0.99843 -218.944 -0.041613 0.997625 0.0548876 7.92514 0.999094 0.0410579 0.0112043 18.2098 
0.0112103 0.0559855 -0.998369 -219.972 -0.0449315 0.997451 0.0554295 7.97003 0.998927 0.0442368 0.0136973 18.2095 
0.0141337 0.0577465 -0.998231 -221.009 -0.0477288 0.997232 0.0570129 8.01444 0.99876 0.0468386 0.0168507 18.214 
0.0177021 0.0579972 -0.99816 -222.051 -0.0487942 0.997177 0.0570747 8.05762 0.998652 0.0476941 0.020482 18.2241 
0.0207777 0.0555878 -0.998238 -223.098 -0.0517218 0.997176 0.0544521 8.10048 0.998445 0.0504993 0.0235942 18.2356 
0.0236021 0.0523436 -0.99835 -224.152 -0.0515217 0.997365 0.0510739 8.14294 0.998393 0.0502312 0.0262368 18.2556 
0.0253671 0.0513893 -0.998356 -225.215 -0.0506255 0.997462 0.0500569 8.18435 0.998395 0.0492725 0.0279043 18.2795 
0.0269478 0.0535843 -0.9982 -226.286 -0.0512148 0.997325 0.0521548 8.22484 0.998324 0.0497172 0.02962 18.3025 
0.0283567 0.0569214 -0.997976 -227.364 -0.0529148 0.997063 0.0553658 8.26627 0.998196 0.0512377 0.0312854 18.3245 
0.0297684 0.0566249 -0.997952 -228.444 -0.0528532 0.997087 0.0549992 8.30755 0.998158 0.0511077 0.0326745 18.3498 
0.0306352 0.0538652 -0.998078 -229.528 -0.0516216 0.9973 0.0522387 8.35073 0.998197 0.0499221 0.0333331 18.38 
0.0307912 0.0507947 -0.998234 -230.622 -0.0488158 0.997593 0.0492563 8.39214 0.998333 0.0472129 0.0331966 18.4124 
0.0307096 0.0497149 -0.998291 -231.723 -0.0470684 0.997726 0.0482389 8.43078 0.998419 0.0455066 0.0329798 18.4451 
0.0308369 0.0488363 -0.998331 -232.833 -0.0472419 0.997761 0.0473491 8.46829 0.998407 0.0457029 0.0330749 18.4749 
0.0312485 0.0488207 -0.998319 -233.952 -0.0472694 0.997761 0.0473138 8.50728 0.998393 0.0457115 0.0334862 18.5049 
0.0310978 0.0497021 -0.99828 -235.079 -0.0493602 0.997621 0.0481316 8.54675 0.998297 0.0477785 0.0334771 18.5317 
0.0307668 0.0520457 -0.998171 -236.215 -0.0500799 0.997469 0.0504655 8.58743 0.998271 0.0484356 0.0332954 18.5585 
0.0300192 0.0536872 -0.998106 -237.357 -0.0503981 0.997368 0.0521317 8.63033 0.998278 0.0487377 0.0326459 18.5853 
0.0293756 0.0555176 -0.998025 -238.508 -0.0515073 0.997214 0.0539564 8.6764 0.99824 0.0498206 0.0321534 18.6122 
0.0285757 0.0565709 -0.99799 -239.666 -0.0539065 0.997032 0.0549731 8.72385 0.998137 0.0522272 0.0315404 18.6351 
0.0274315 0.0553572 -0.99809 -240.828 -0.0560622 0.996979 0.0537548 8.77026 0.99805 0.0544805 0.030452 18.6554 
0.0263991 0.0507852 -0.998361 -241.995 -0.0544465 0.997299 0.0492915 8.81434 0.998168 0.053056 0.0290929 18.6797 
0.0251537 0.0445238 -0.998692 -243.169 -0.0513096 0.997748 0.0431894 8.85485 0.998366 0.050156 0.0273816 18.7039 
0.0232296 0.0399065 -0.998933 -244.351 -0.046544 0.998163 0.0387933 8.89035 0.998646 0.0455932 0.0250444 18.7295 
0.0209963 0.0398714 -0.998984 -245.546 -0.0403381 0.998425 0.0390012 8.92323 0.998965 0.0394782 0.0225716 18.7567 
0.0188266 0.0436943 -0.998868 -246.754 -0.0357536 0.998435 0.0430015 8.9559 0.999183 0.0349035 0.0203594 18.7791 
0.0167793 0.0460836 -0.998797 -247.966 -0.0336778 0.998397 0.0454994 8.99316 0.999292 0.0328739 0.0183044 18.795 
0.0147388 0.0453803 -0.998861 -249.182 -0.0319371 0.998481 0.0448918 9.03207 0.999381 0.0312391 0.0161657 18.8068 
0.0125563 0.0461093 -0.998857 -250.408 -0.032098 0.99844 0.0456865 9.07279 0.999406 0.0314877 0.0140168 18.8138 
0.0105689 0.0475557 -0.998813 -251.64 -0.0311912 0.998398 0.047206 9.11248 0.999458 0.0306553 0.0120353 18.8198 
0.00832098 0.0472229 -0.99885 -252.877 -0.0303039 0.998437 0.0469509 9.15147 0.999506 0.0298783 0.00973902 18.8236 
0.00611013 0.045839 -0.99893 -254.118 -0.0301454 0.998503 0.045635 9.18993 0.999527 0.0298343 0.00748282 18.8237 
0.00387899 0.0454883 -0.998957 -255.372 -0.030141 0.998516 0.0453512 9.2318 0.999538 0.0299337 0.0052443 18.8208 
0.00162976 0.0465577 -0.998914 -256.627 -0.0305776 0.998451 0.0464862 9.27075 0.999531 0.0304687 0.00305086 18.8148 
-0.000531063 0.0468766 -0.998901 -257.889 -0.0309211 0.998422 0.0468706 9.31021 0.999522 0.030912 0.000919252 18.8061 
-0.00286966 0.0479778 -0.998844 -259.156 -0.0322321 0.998325 0.0480455 9.35151 0.999476 0.0323327 -0.00131843 18.7929 
-0.00508928 0.0497741 -0.998748 -260.427 -0.0341025 0.998171 0.0499191 9.39349 0.999405 0.0343138 -0.00338255 18.7763 
-0.00645076 0.0506662 -0.998695 -261.699 -0.0357667 0.998065 0.0508652 9.43651 0.999339 0.0360481 -0.00462611 18.7575 
-0.00726114 0.0510289 -0.998671 -262.971 -0.0383537 0.997948 0.0512709 9.47977 0.999238 0.038675 -0.0052891 18.7359 
-0.00716911 0.0511667 -0.998664 -264.24 -0.0388997 0.99792 0.0514078 9.52174 0.999217 0.0392163 -0.00516383 18.717 
-0.00710678 0.0500845 -0.99872 -265.506 -0.0380148 0.998009 0.0503194 9.5628 0.999252 0.0383237 -0.00518868 18.7004 
-0.0069051 0.0489559 -0.998777 -266.77 -0.0352407 0.998169 0.0491698 9.60428 0.999355 0.0355372 -0.00516721 18.6884 
-0.00709177 0.0487022 -0.998788 -268.037 -0.034101 0.998221 0.0489167 9.64349 0.999393 0.0344065 -0.00541836 18.6734 
-0.00706358 0.0491543 -0.998766 -269.304 -0.0339796 0.998203 0.0493669 9.68359 0.999398 0.0342864 -0.00538064 18.6559 
-0.00657 0.0491022 -0.998772 -270.569 -0.0332388 0.998231 0.0492943 9.72329 0.999426 0.0335219 -0.00492628 18.6387 
-0.00616048 0.0498475 -0.998738 -271.831 -0.0328685 0.998207 0.0500237 9.7633 0.999441 0.0331352 -0.00451102 18.6219 
-0.00597147 0.0507147 -0.998695 -273.094 -0.0302828 0.998246 0.050873 9.8031 0.999524 0.0305471 -0.00442521 18.6082 
-0.00606072 0.0530743 -0.998572 -274.354 -0.0258788 0.998248 0.0532141 9.84542 0.999647 0.0261644 -0.0046766 18.5994 
-0.00592739 0.0564602 -0.998387 -275.614 -0.0227125 0.99814 0.056581 9.88934 0.999724 0.0230112 -0.00463401 18.5881 
-0.00570591 0.0588725 -0.998249 -276.867 -0.0206128 0.998046 0.0589784 9.93531 0.999771 0.0209133 -0.00448123 18.576 
-0.00565529 0.0572818 -0.998342 -278.115 -0.0211253 0.998128 0.0573892 9.9833 0.999761 0.0214148 -0.00443461 18.5614 
-0.00559991 0.0558708 -0.998422 -279.359 -0.0235793 0.998153 0.055988 10.0311 0.999706 0.0238556 -0.00427217 18.5434 
-0.00602213 0.0590195 -0.998239 -280.607 -0.0294476 0.997813 0.059172 10.0818 0.999548 0.029752 -0.00427098 18.5206 
-0.0060997 0.0651661 -0.997856 -281.858 -0.0348189 0.997255 0.0653397 10.1347 0.999375 0.0351428 -0.00381395 18.4978 
-0.00587555 0.0647254 -0.997886 -283.099 -0.0388923 0.997133 0.0649056 10.1906 0.999226 0.0391914 -0.00334138 18.4762 
-0.00555049 0.0578231 -0.998311 -284.332 -0.0384066 0.997578 0.0579942 10.2458 0.999247 0.0386637 -0.00331625 18.4597 
-0.00606607 0.0522746 -0.998614 -285.565 -0.035462 0.997993 0.0524575 10.2951 0.999353 0.035731 -0.00420013 18.4491 
-0.00602764 0.0512672 -0.998667 -286.803 -0.0296015 0.998238 0.0514238 10.3368 0.999544 0.029872 -0.00449943 18.4429 
-0.00502095 0.0527308 -0.998596 -288.043 -0.0263239 0.998256 0.0528452 10.3791 0.999641 0.0265523 -0.00362411 18.4359 
-0.00338303 0.0547294 -0.998495 -289.287 -0.0256411 0.998168 0.0547983 10.4246 0.999665 0.0257879 -0.00197351 18.4263 
-0.00236767 0.057176 -0.998361 -290.529 -0.0268606 0.998 0.057219 10.4717 0.999636 0.0269521 -0.000827155 18.4143 
-0.00134477 0.0586017 -0.998281 -291.771 -0.0279977 0.997888 0.0586163 10.5209 0.999607 0.0280284 0.00029878 18.4023 
-0.000476359 0.0596671 -0.998218 -293.007 -0.0290355 0.997797 0.0596557 10.571 0.999578 0.0290122 0.00125715 18.3917 
0.000285416 0.0589344 -0.998262 -294.242 -0.0286338 0.997853 0.0589021 10.62 0.99959 0.0285672 0.00197232 18.3842 
0.000490599 0.057273 -0.998358 -295.476 -0.0291374 0.997935 0.0572344 10.6703 0.999575 0.0290615 0.00215837 18.3767 
0.00077478 0.0561007 -0.998425 -296.709 -0.0289999 0.998006 0.0560547 10.7189 0.999579 0.0289108 0.00240015 18.3701 
0.00089458 0.0558881 -0.998437 -297.943 -0.0293193 0.998009 0.0558379 10.7656 0.99957 0.0292235 0.0025314 18.3635 
0.00126103 0.0557498 -0.998444 -299.178 -0.0299013 0.998 0.0556872 10.812 0.999552 0.0297845 0.0029255 18.3564 
0.00152686 0.056007 -0.998429 -300.413 -0.0304813 0.997969 0.0559346 10.8585 0.999534 0.030348 0.00323093 18.3488 
0.001773 0.0562358 -0.998416 -301.647 -0.029868 0.997975 0.056158 10.9047 0.999552 0.0297211 0.00344906 18.3439 
0.00179315 0.0545501 -0.998509 -302.879 -0.029612 0.998076 0.0544732 10.9508 0.99956 0.0294701 0.00340504 18.3387 
0.00168633 0.052009 -0.998645 -304.111 -0.029281 0.998221 0.0519375 10.995 0.99957 0.0291537 0.0032062 18.3343 
0.00133993 0.0492085 -0.998788 -305.344 -0.0302729 0.998333 0.0491455 11.037 0.999541 0.0301704 0.00282738 18.328 
0.00107833 0.0479337 -0.99885 -306.58 -0.0318499 0.998345 0.0478751 11.077 0.999492 0.0317616 0.00260323 18.3206 
0.000735861 0.0481232 -0.998841 -307.817 -0.0349135 0.998234 0.0480682 11.1155 0.99939 0.0348376 0.00241471 18.3099 
0.000443757 0.0493908 -0.998779 -309.061 -0.0380118 0.998059 0.0493383 11.1553 0.999277 0.0379436 0.00232033 18.2988 
5.35559e-05 0.0504979 -0.998724 -310.304 -0.0416648 0.997857 0.0504519 11.1961 0.999132 0.0416089 0.00215743 18.2857 
-0.000202558 0.0505374 -0.998722 -311.547 -0.0430898 0.997794 0.0504992 11.2372 0.999071 0.0430449 0.00197553 18.274 
-0.000537985 0.0484686 -0.998825 -312.791 -0.0428916 0.997904 0.0484471 11.2777 0.99908 0.0428673 0.00154204 18.2646 
-0.00103573 0.0462438 -0.99893 -314.035 -0.0405511 0.998107 0.0462477 11.3156 0.999177 0.0405556 0.00084147 18.2575 
-0.00199055 0.0458436 -0.998947 -315.285 -0.0376582 0.998237 0.045886 11.3538 0.999289 0.0377099 -0.000260651 18.2529 
