1 0 -0 0 -0 1 0 0 0 -0 1 -0 
0.999877 0.0015506 0.0155934 0.0115596 -0.00153568 0.999998 -0.000968874 -0.00161984 -0.0155949 0.000944809 0.999878 0.124281 
0.999312 0.00450048 0.0368243 0.0287448 -0.00448407 0.99999 -0.00052828 -0.00312536 -0.0368263 0.000362793 0.999322 0.26453 
0.997945 0.0061345 0.0637875 0.0573106 -0.0062005 0.99998 0.000836796 -0.00442898 -0.0637812 -0.00123059 0.997963 0.419181 
0.995203 0.00577695 0.0976645 0.0994872 -0.0061089 0.999977 0.00310024 -0.00642103 -0.0976443 -0.00368199 0.995215 0.582338 
0.990761 0.0026032 0.135595 0.155995 -0.00332848 0.999981 0.00512242 -0.00765794 -0.135579 -0.00552642 0.990751 0.752246 
0.984566 -0.000416675 0.175013 0.224813 -0.000557513 0.999985 0.00551719 -0.0079759 -0.175012 -0.00552961 0.984551 0.931938 
0.975819 -0.000355859 0.218579 0.302766 -0.00112845 0.999977 0.00666588 -0.00689025 -0.218576 -0.00675135 0.975797 1.12362 
0.963807 -0.000172519 0.266599 0.39113 -0.00248147 0.999951 0.00961807 -0.00514235 -0.266588 -0.00993152 0.963759 1.32477 
0.949396 -0.00398246 0.314057 0.502723 -0.0013759 0.999857 0.0168383 -0.00830559 -0.314079 -0.0164183 0.949255 1.53167 
0.932487 -0.0132917 0.360959 0.638809 0.00466135 0.999682 0.0247697 -0.0123645 -0.361174 -0.0214149 0.932253 1.73989 
0.911177 -0.0186251 0.411593 0.783867 0.00728894 0.99955 0.0290947 -0.0126933 -0.41195 -0.0235104 0.910903 1.94876 
0.885894 -0.0199551 0.463459 0.940091 0.00515269 0.999436 0.0331834 -0.0113812 -0.46386 -0.0270089 0.885497 2.16155 
0.857529 -0.0222622 0.513954 1.11855 0.00332058 0.999282 0.0377442 -0.00849286 -0.514425 -0.0306601 0.856987 2.37661 
0.825311 -0.0272676 0.56402 1.31823 0.0042646 0.999106 0.0420616 -0.00592045 -0.564663 -0.0323086 0.824689 2.58451 
0.789377 -0.0327698 0.613034 1.54229 0.00628128 0.998953 0.045311 -0.00254032 -0.613877 -0.0319168 0.788756 2.79227 
0.75145 -0.0368429 0.658761 1.79103 0.0069412 0.998826 0.0479441 0.00339041 -0.659754 -0.031455 0.750823 3.00094 
0.711635 -0.0399325 0.701413 2.06817 0.00784937 0.998773 0.0488978 0.0144427 -0.702505 -0.0292918 0.711076 3.212 
0.669873 -0.0416798 0.741305 2.37195 0.00685664 0.998728 0.0499575 0.0291011 -0.742444 -0.0283823 0.669306 3.42677 
0.627327 -0.0417837 0.777634 2.70042 0.00186671 0.998637 0.0521528 0.0433036 -0.778754 -0.0312652 0.62655 3.64739 
0.585632 -0.0425846 0.809457 3.05914 -0.00104095 0.998579 0.0532871 0.0579402 -0.810576 -0.0320493 0.584756 3.86554 
0.545548 -0.0438396 0.836932 3.45 -0.00311332 0.998518 0.0543331 0.0743827 -0.838074 -0.032247 0.544603 4.08113 
0.507054 -0.0460135 0.860685 3.87379 -0.00469634 0.998412 0.0561433 0.0922683 -0.861902 -0.0325097 0.506032 4.29557 
0.469803 -0.0457015 0.881587 4.32603 -0.00790925 0.998401 0.055972 0.111934 -0.882736 -0.0332685 0.468691 4.50796 
0.433397 -0.0449947 0.900079 4.8079 -0.00894716 0.998489 0.0542223 0.133985 -0.901158 -0.031553 0.43234 4.71281 
0.399959 -0.0436222 0.915494 5.32104 -0.00766624 0.998673 0.0509347 0.158377 -0.916501 -0.0273902 0.399093 4.90787 
0.370404 -0.0418766 0.927926 5.86622 -0.00560801 0.998864 0.0473165 0.182839 -0.928854 -0.0227301 0.369749 5.10008 
0.345027 -0.0399973 0.93774 6.4406 -0.00448565 0.99901 0.044261 0.209019 -0.938582 -0.0194776 0.344506 5.29376 
0.324827 -0.0393546 0.944954 7.04334 -0.00336805 0.999079 0.0427665 0.23595 -0.945767 -0.0170744 0.324396 5.48887 
0.310201 -0.039901 0.949833 7.67221 -0.00245357 0.999082 0.0427712 0.26082 -0.950668 -0.0155981 0.309818 5.68514 
0.298748 -0.0413807 0.953435 8.32777 -0.00148697 0.999038 0.0438259 0.285391 -0.954331 -0.0145106 0.298399 5.88269 
0.287811 -0.0432496 0.95671 9.00889 -0.00281703 0.998937 0.046006 0.311015 -0.957683 -0.0159361 0.287383 6.08651 
0.277231 -0.0449454 0.959752 9.71599 -0.00424681 0.998838 0.0480026 0.339582 -0.960794 -0.0173837 0.276718 6.29155 
0.267156 -0.0467027 0.962521 10.4463 -0.00516693 0.998741 0.0498943 0.369403 -0.963639 -0.0183029 0.266578 6.49389 
0.256989 -0.0485139 0.965196 11.1997 -0.00621539 0.998636 0.0518496 0.401295 -0.966394 -0.0193239 0.256337 6.69453 
0.246536 -0.0500286 0.967842 11.9749 -0.00645367 0.99856 0.0532604 0.434476 -0.969112 -0.0193767 0.245858 6.89192 
0.236175 -0.051321 0.970354 12.7672 -0.00663719 0.998496 0.0544248 0.468645 -0.971688 -0.0192942 0.235479 7.0843 
0.225647 -0.0541396 0.972704 13.5761 -0.00808342 0.998316 0.0574403 0.504887 -0.974176 -0.020824 0.224829 7.27355 
0.214291 -0.0577539 0.975061 14.395 -0.00988384 0.998071 0.061289 0.543305 -0.97672 -0.022771 0.213307 7.45582 
0.202159 -0.0616361 0.977411 15.2205 -0.0108461 0.997815 0.0651661 0.581143 -0.979293 -0.023775 0.201048 7.62708 
0.18919 -0.0639262 0.979857 16.0498 -0.0118493 0.997657 0.0673753 0.61906 -0.981869 -0.0243573 0.187989 7.78615 
0.175168 -0.0644892 0.982424 16.8826 -0.0123145 0.997631 0.0676831 0.658826 -0.984462 -0.023954 0.173959 7.93375 
0.160853 -0.0635143 0.984933 17.7198 -0.0137544 0.997686 0.066583 0.699256 -0.986883 -0.0242572 0.159607 8.06894 
0.144359 -0.0625078 0.987549 18.5656 -0.0143544 0.997766 0.0652527 0.73947 -0.989421 -0.0235955 0.143139 8.18943 
0.123952 -0.0608923 0.990418 19.4156 -0.0170017 0.997839 0.0634763 0.778603 -0.992143 -0.0247068 0.122649 8.29559 
0.0985222 -0.0596679 0.993344 20.2752 -0.0215313 0.997839 0.0620734 0.815671 -0.994902 -0.0275037 0.0970246 8.37938 
0.0683177 -0.0592251 0.995904 21.1375 -0.0255024 0.997807 0.0610876 0.852165 -0.997338 -0.0295713 0.0666575 8.43711 
0.0351632 -0.0591154 0.997632 22.0057 -0.028669 0.997778 0.0601346 0.8873 -0.99897 -0.0307156 0.0333903 8.46347 
0.000887039 -0.0585387 0.998285 22.876 -0.0302991 0.997825 0.0585387 0.919864 -0.99954 -0.0302991 -0.000888561 8.45847 
-0.0329655 -0.0573561 0.997809 23.7486 -0.0312783 0.997922 0.0563292 0.95111 -0.998967 -0.0293529 -0.034691 8.42255 
-0.0657469 -0.0554401 0.996295 24.6198 -0.0333791 0.998019 0.0533333 0.981676 -0.997278 -0.0297489 -0.0674672 8.36069 
-0.09814 -0.0525609 0.993784 25.4908 -0.0357275 0.998147 0.0492634 1.00833 -0.994531 -0.0306707 -0.0998359 8.272 
-0.130456 -0.0480075 0.990291 26.3594 -0.0328052 0.998489 0.0440833 1.03148 -0.990911 -0.0267358 -0.131834 8.14737 
-0.161997 -0.0420938 0.985893 27.2225 -0.0275288 0.998894 0.0381254 1.05099 -0.986407 -0.0209643 -0.162977 7.99074 
-0.192345 -0.0356944 0.980678 28.0804 -0.0212527 0.999255 0.0322022 1.06633 -0.981097 -0.0146481 -0.19296 7.80544 
-0.22114 -0.0299875 0.974781 28.9322 -0.0152788 0.999511 0.0272821 1.07634 -0.975122 -0.00886034 -0.22149 7.59531 
-0.248886 -0.0239832 0.968236 29.7753 -0.00686885 0.999712 0.0229972 1.08072 -0.968509 -0.000926996 -0.248979 7.35893 
-0.275083 -0.0136163 0.961324 30.6042 -0.00105599 0.999903 0.0138606 1.07713 -0.96142 0.00279766 -0.275071 7.10647 
-0.300353 0.00199987 0.953826 31.4122 0.00369111 0.999993 -0.000934367 1.0649 -0.953821 0.00324004 -0.300358 6.83997 
-0.325072 0.0193432 0.945491 32.2058 0.0045974 0.999811 -0.0188738 1.04583 -0.945678 -0.00178856 -0.3251 6.56135 
-0.350241 0.0342943 0.936032 32.9887 0.00483188 0.999382 -0.0348074 1.01632 -0.936647 -0.00766819 -0.350191 6.26419 
-0.374746 0.0447462 0.926047 33.7657 0.00861895 0.99896 -0.0447814 0.97369 -0.927087 -0.00880011 -0.374742 5.94288 
-0.398196 0.0488758 0.915997 34.5324 0.0116063 0.998768 -0.0482468 0.923449 -0.917227 -0.0085804 -0.398273 5.5998 
-0.420614 0.0485597 0.905939 35.2902 0.0152001 0.998804 -0.0464802 0.871332 -0.907112 -0.00577984 -0.420849 5.23939 
-0.440852 0.0441837 0.896491 36.0372 0.0185394 0.999023 -0.0401202 0.819313 -0.897388 -0.00106668 -0.441241 4.86234 
-0.458522 0.0430676 0.887639 36.7691 0.0263429 0.999045 -0.0348651 0.770716 -0.888292 0.00739657 -0.459219 4.46721 
-0.472289 0.0433985 0.880375 37.4871 0.0285043 0.999017 -0.0339555 0.724203 -0.880983 0.00905763 -0.473061 4.07273 
-0.483395 0.0475962 0.874107 38.1951 0.0324796 0.998808 -0.0364245 0.679183 -0.874799 0.0107832 -0.484365 3.67369 
-0.493149 0.050064 0.868503 38.8942 0.0332426 0.998698 -0.0386934 0.63413 -0.86931 0.00978974 -0.494171 3.27165 
-0.503851 0.049475 0.862373 39.5892 0.0272884 0.998772 -0.0413567 0.585688 -0.86336 0.00269518 -0.504582 2.87254 
-0.515038 0.0480303 0.855821 40.278 0.0266721 0.998843 -0.0400056 0.538723 -0.856752 0.00222218 -0.515723 2.4632 
-0.523693 0.049376 0.850475 40.9582 0.0286269 0.998775 -0.0403584 0.495616 -0.851426 0.00321105 -0.524465 2.03735 
-0.530815 0.0524423 0.845864 41.6403 0.0317648 0.998613 -0.0419789 0.449108 -0.846892 0.00458571 -0.531745 1.60203 
-0.534268 0.0553414 0.843502 42.3343 0.0328066 0.99846 -0.0447286 0.405376 -0.844678 0.00377544 -0.535261 1.16227 
-0.533933 0.0575948 0.843563 43.04 0.0326307 0.998338 -0.0475086 0.360854 -0.844897 0.00215969 -0.534925 0.716025 
-0.530573 0.0578024 0.845666 43.7623 0.0346164 0.998317 -0.046518 0.313484 -0.846932 0.00459274 -0.531681 0.262316 
-0.524682 0.0566504 0.849411 44.5037 0.0327245 0.998388 -0.0463723 0.263404 -0.850669 0.00346578 -0.525691 -0.189134 
-0.517771 0.0552834 0.853731 45.2645 0.0304961 0.998468 -0.0461606 0.214829 -0.854976 0.00213486 -0.518664 -0.641419 
-0.510607 0.0548136 0.858065 46.0417 0.0288112 0.998496 -0.0466397 0.165202 -0.859331 0.000907359 -0.511418 -1.09619 
-0.50425 0.053352 0.861908 46.8375 0.0258157 0.998575 -0.0467084 0.113543 -0.863172 -0.00130199 -0.504909 -1.55299 
-0.500016 0.0509828 0.864514 47.65 0.021326 0.998688 -0.046561 0.0616344 -0.865754 -0.00484463 -0.500447 -2.01033 
-0.498651 0.0483177 0.865455 48.4781 0.0171977 0.9988 -0.0458534 0.00882024 -0.866632 -0.00798101 -0.498884 -2.47462 
-0.499105 0.0456708 0.865337 49.3188 0.0138709 0.998903 -0.0447198 -0.0449131 -0.86643 -0.0103169 -0.499192 -2.94796 
-0.500008 0.0446215 0.86487 50.1698 0.0127858 0.998943 -0.0441469 -0.0988528 -0.865926 -0.0110158 -0.50005 -3.43181 
-0.500438 0.0438545 0.864661 51.0304 0.0125182 0.998978 -0.0434218 -0.152074 -0.865682 -0.0109059 -0.500476 -3.92453 
-0.500574 0.0434282 0.864604 51.9005 0.0125039 0.998999 -0.0429395 -0.206419 -0.865603 -0.0106836 -0.500617 -4.42407 
-0.500626 0.0425775 0.864616 52.7806 0.0126239 0.999043 -0.0418878 -0.260406 -0.865572 -0.0100553 -0.500684 -4.92848 
-0.500742 0.042285 0.864563 53.6675 0.012122 0.999051 -0.0418418 -0.316266 -0.865512 -0.0104717 -0.500779 -5.43635 
-0.500949 0.0406676 0.864521 54.5593 0.0102839 0.999105 -0.0410394 -0.372559 -0.865416 -0.011668 -0.500919 -5.9449 
-0.500918 0.0399565 0.864572 55.4476 0.00972028 0.99913 -0.0405434 -0.430531 -0.86544 -0.011905 -0.500871 -6.45286 
-0.500355 0.0391685 0.864934 56.336 0.00843443 0.999149 -0.0403672 -0.488494 -0.865779 -0.0129027 -0.50026 -6.95901 
-0.499019 0.0376396 0.865773 57.2235 0.0080238 0.999214 -0.0388161 -0.546318 -0.866554 -0.0124232 -0.498929 -7.46427 
-0.496927 0.0355448 0.867064 58.1095 0.0083128 0.99931 -0.0362019 -0.604185 -0.867752 -0.010782 -0.49688 -7.96706 
-0.494505 0.0340902 0.868506 58.9949 0.0086182 0.999374 -0.0343199 -0.660781 -0.869132 -0.00948641 -0.494489 -8.46575 
-0.492127 0.0338868 0.869864 59.8801 0.00886172 0.999385 -0.033919 -0.714605 -0.870478 -0.00898396 -0.492125 -8.96116 
-0.489962 0.0341804 0.871073 60.7642 0.00915503 0.999378 -0.0340655 -0.768021 -0.871696 -0.00871608 -0.48997 -9.45437 
-0.489004 0.0347368 0.87159 61.6462 0.00910901 0.999356 -0.0347183 -0.821833 -0.872234 -0.00903806 -0.489005 -9.94445 
-0.489821 0.0361122 0.871075 62.5237 0.0084004 0.999291 -0.036704 -0.876901 -0.871783 -0.010661 -0.489777 -10.4316 
-0.492744 0.0379228 0.869348 63.3964 0.00715901 0.999193 -0.0395292 -0.933839 -0.870145 -0.0132541 -0.492617 -10.9185 
-0.497256 0.0384104 0.866753 64.2641 0.00591792 0.999146 -0.0408823 -0.99126 -0.867584 -0.0151996 -0.497059 -11.4088 
-0.502706 0.0370096 0.863665 65.1259 0.00721912 0.999228 -0.0386167 -1.04828 -0.864427 -0.013178 -0.502585 -11.9066 
-0.508173 0.0346346 0.860558 65.9814 0.00839895 0.999343 -0.0352605 -1.10543 -0.861214 -0.0106906 -0.50813 -12.4092 
-0.5135 0.0321405 0.857487 66.8317 0.00558101 0.999402 -0.0341177 -1.1607 -0.858071 -0.0127338 -0.513373 -12.9093 
-0.5185 0.0354274 0.854344 67.6698 0.00753852 0.999292 -0.0368629 -1.21356 -0.855045 -0.0126729 -0.5184 -13.4146 
-0.523479 0.0369765 0.851236 68.5018 0.0079369 0.999226 -0.0385241 -1.26718 -0.852002 -0.0134104 -0.523368 -13.9225 
-0.52826 0.0379359 0.848235 69.3301 0.00670512 0.999157 -0.0405099 -1.32433 -0.849056 -0.0157122 -0.528069 -14.4294 
-0.532005 0.0378639 0.845894 70.1516 0.00526483 0.999128 -0.0414118 -1.38192 -0.846725 -0.0175778 -0.531741 -14.9387 
-0.535334 0.0372535 0.843818 70.9687 0.00634299 0.999176 -0.0400882 -1.43812 -0.844616 -0.0161083 -0.53513 -15.4534 
-0.537707 0.0304327 0.842582 71.7878 0.00718279 0.999477 -0.0315157 -1.48783 -0.843101 -0.0108941 -0.537645 -15.9742 
-0.539867 0.0215438 0.841475 72.606 0.00654325 0.99975 -0.021398 -1.53721 -0.841725 -0.00604609 -0.539873 -16.4945 
-0.54146 0.0201975 0.840484 73.4147 0.00780101 0.999789 -0.0190001 -1.58 -0.84069 -0.00373118 -0.541503 -17.0101 
-0.542598 0.0246365 0.839631 74.2122 0.00743155 0.999671 -0.0245298 -1.61646 -0.83996 -0.00707008 -0.542603 -17.52 
-0.543789 0.031209 0.838642 75.0061 0.00945636 0.999473 -0.0310625 -1.65874 -0.839169 -0.00896092 -0.543797 -18.0329 
-0.544117 0.0349476 0.838281 75.7979 0.014844 0.999377 -0.0320286 -1.70215 -0.838878 -0.00498389 -0.544297 -18.5524 
-0.543966 0.0361927 0.838327 76.5897 0.0182629 0.999343 -0.0312939 -1.75045 -0.838909 -0.00171255 -0.544269 -19.0718 
-0.543477 0.0326505 0.838789 77.3846 0.0167563 0.999466 -0.0280481 -1.79471 -0.839257 -0.0011885 -0.543734 -19.5851 
-0.542774 0.0278763 0.839416 78.1795 0.0155078 0.999611 -0.0231688 -1.8329 -0.839735 0.000442043 -0.542996 -20.095 
-0.541996 0.0210516 0.840117 78.9732 0.0122345 0.999778 -0.0171594 -1.87234 -0.840292 0.000978115 -0.542133 -20.6 
-0.541531 0.0152993 0.840542 79.768 0.00374092 0.999868 -0.0157892 -1.90935 -0.840673 -0.00540596 -0.541517 -21.0926 
-0.540062 0.0100877 0.841565 80.5624 -0.00371527 0.99989 -0.0143698 -1.93816 -0.841617 -0.0108872 -0.539965 -21.5821 
-0.537997 0.0108893 0.842876 81.3484 -0.000297415 0.999914 -0.0131079 -1.96989 -0.842946 -0.00730272 -0.537948 -22.0833 
-0.534803 0.0141325 0.844859 82.1303 0.00372359 0.99989 -0.0143688 -2.00388 -0.844969 -0.00453855 -0.534796 -22.5823 
-0.529474 0.0173656 0.848148 82.9161 0.00591608 0.999842 -0.0167783 -2.03164 -0.848305 -0.00386596 -0.529493 -23.0708 
-0.52159 0.0196572 0.85297 83.7034 0.0111201 0.999806 -0.0162412 -2.06311 -0.853124 0.00101387 -0.521707 -23.5577 
-0.513379 0.0229303 0.857856 84.4936 0.0185667 0.999706 -0.0156108 -2.09871 -0.857961 0.00791324 -0.513654 -24.0391 
-0.503479 0.0218605 0.863731 85.2915 0.0158313 0.999745 -0.0160747 -2.1265 -0.863863 0.00558071 -0.503696 -24.4983 
-0.492544 0.0195905 0.870067 86.1004 0.0137656 0.999797 -0.0147188 -2.15446 -0.870179 0.00472728 -0.492714 -24.947 
-0.480928 0.0163644 0.876607 86.9121 0.0140862 0.999841 -0.0109368 -2.18353 -0.876647 0.00708826 -0.481082 -25.3883 
-0.469818 0.0156069 0.882625 87.7262 0.0136421 0.999853 -0.0104181 -2.21227 -0.882658 0.00714629 -0.469962 -25.8144 
-0.457966 0.0148678 0.888846 88.5444 0.0142427 0.999855 -0.00938632 -2.2351 -0.888856 0.00836099 -0.458111 -26.2294 
-0.445888 0.0159447 0.894947 89.3621 0.0157723 0.999826 -0.00995503 -2.26184 -0.89495 0.00967652 -0.446062 -26.6347 
-0.433796 0.0198769 0.900792 90.1821 0.0156719 0.999772 -0.0145139 -2.29574 -0.900875 0.00782105 -0.434009 -27.0248 
-0.422191 0.029242 0.906035 91.001 0.0185485 0.999549 -0.0236169 -2.32366 -0.906317 0.00683479 -0.422543 -27.4037 
-0.409506 0.0338644 0.911679 91.8262 0.0182033 0.999415 -0.0289469 -2.35582 -0.912126 0.00474167 -0.409883 -27.7705 
-0.398021 0.0304101 0.916872 92.6647 0.0167766 0.999525 -0.0258686 -2.39562 -0.917223 0.0050858 -0.398342 -28.1252 
-0.386231 0.0267248 0.922015 93.5053 0.0153137 0.999628 -0.0225596 -2.43593 -0.922275 0.00540619 -0.386497 -28.4709 
-0.3765 0.0274802 0.926009 94.3433 0.0124678 0.99962 -0.0245954 -2.4766 -0.926333 0.00228514 -0.3767 -28.8028 
-0.369619 0.0319116 0.928635 95.1812 0.00764638 0.999481 -0.0313026 -2.51916 -0.929152 -0.00446937 -0.369671 -29.1223 
-0.364706 0.0369564 0.930389 96.02 0.00202171 0.999241 -0.0388988 -2.5616 -0.93112 -0.0123056 -0.364504 -29.4365 
-0.361246 0.0390176 0.931654 96.8611 -0.000594529 0.999114 -0.0420734 -2.6105 -0.93247 -0.0157528 -0.360903 -29.7516 
-0.357558 0.0387358 0.933087 97.7031 -0.00192194 0.999107 -0.0422131 -2.66309 -0.933889 -0.016887 -0.357165 -30.0655 
-0.352595 0.0388732 0.934968 98.5452 -0.00240335 0.999096 -0.0424458 -2.71431 -0.935773 -0.0172133 -0.352183 -30.376 
-0.34679 0.0345097 0.937308 99.3929 -0.00520409 0.999237 -0.0387153 -2.76423 -0.937928 -0.0183039 -0.346346 -30.6826 
-0.341396 0.0308607 0.939413 100.24 -0.0053422 0.999381 -0.0347722 -2.81412 -0.939905 -0.0168896 -0.341019 -30.9843 
-0.335587 0.0278447 0.941598 101.086 -0.00711233 0.99946 -0.0320906 -2.86369 -0.941982 -0.0174661 -0.335207 -31.2784 
-0.329936 0.0261569 0.943641 101.933 -0.0155005 0.999331 -0.0331202 -2.90738 -0.943876 -0.0255544 -0.32931 -31.5556 
-0.32383 0.0263403 0.945749 102.78 -0.0226264 0.999111 -0.0355739 -2.95078 -0.945845 -0.0329187 -0.322946 -31.8231 
-0.317031 0.030552 0.947923 103.621 -0.0208131 0.999016 -0.0391597 -2.99915 -0.948187 -0.0321441 -0.316083 -32.0979 
-0.309981 0.0339378 0.950137 104.464 -0.0188991 0.998945 -0.0418469 -3.04658 -0.950555 -0.0309284 -0.309013 -32.3701 
-0.303468 0.0320563 0.952302 105.316 -0.0201904 0.998993 -0.040062 -3.09277 -0.952628 -0.0313849 -0.302516 -32.6323 
-0.296486 0.0271966 0.95465 106.172 -0.0207515 0.999175 -0.0349098 -3.14247 -0.954812 -0.0301606 -0.295677 -32.89 
-0.289449 0.0244276 0.956882 107.028 -0.022231 0.999233 -0.0322335 -3.19016 -0.956935 -0.0306024 -0.288684 -33.1412 
-0.283034 0.0277333 0.958709 107.882 -0.0240824 0.999061 -0.0360104 -3.23368 -0.958807 -0.0332802 -0.282101 -33.3838 
-0.276606 0.0304999 0.960499 108.737 -0.0233631 0.998987 -0.0384502 -3.27977 -0.960699 -0.0330758 -0.275613 -33.6226 
-0.26989 0.0310396 0.962391 109.596 -0.0258078 0.998888 -0.0394542 -3.32585 -0.962545 -0.0354855 -0.268788 -33.8533 
-0.262907 0.0304613 0.96434 110.455 -0.0259843 0.998915 -0.0386375 -3.37438 -0.964471 -0.0352158 -0.26183 -34.079 
-0.254864 0.0303212 0.966501 111.314 -0.0218842 0.999071 -0.0371138 -3.42216 -0.966729 -0.0306101 -0.253964 -34.3044 
-0.247127 0.031457 0.968472 112.176 -0.0193256 0.999114 -0.0373836 -3.46915 -0.96879 -0.0279549 -0.2463 -34.5251 
-0.24046 0.0320604 0.970129 113.039 -0.0181846 0.99913 -0.0375262 -3.51648 -0.970489 -0.026665 -0.239668 -34.7345 
-0.233775 0.0307598 0.971804 113.905 -0.0244532 0.998997 -0.037503 -3.56389 -0.971983 -0.0325309 -0.232788 -34.9279 
-0.227981 0.0290557 0.973232 114.774 -0.0284989 0.998927 -0.0364988 -3.60995 -0.973248 -0.0360571 -0.226908 -35.1183 
-0.223306 0.0291736 0.974312 115.642 -0.025744 0.999027 -0.035814 -3.65648 -0.974408 -0.0330802 -0.222338 -35.3145 
-0.218606 0.0294169 0.97537 116.507 -0.0241377 0.999077 -0.0355418 -3.70503 -0.975515 -0.0313128 -0.217694 -35.5053 
-0.213821 0.0306962 0.976391 117.372 -0.0232497 0.999063 -0.0365005 -3.75066 -0.976596 -0.0305053 -0.212907 -35.6892 
-0.207852 0.0299346 0.977702 118.24 -0.0170477 0.999269 -0.0342191 -3.79412 -0.978012 -0.0237801 -0.20719 -35.8772 
-0.20234 0.0287426 0.978893 119.11 -0.0097459 0.999461 -0.0313611 -3.83761 -0.979267 -0.0158858 -0.201951 -36.0641 
-0.197509 0.0277848 0.979907 119.977 -0.00794334 0.99952 -0.029942 -3.88413 -0.980269 -0.0136976 -0.197193 -36.2381 
-0.193379 0.0294948 0.980681 120.844 -0.00980348 0.99944 -0.0319921 -3.92498 -0.981075 -0.0158007 -0.192981 -36.4007 
-0.189784 0.0313966 0.981324 121.709 -0.0113653 0.999351 -0.0341714 -3.96533 -0.98176 -0.0176382 -0.189304 -36.5607 
-0.188063 0.0306568 0.981678 122.576 -0.0139433 0.999329 -0.0338791 -4.00986 -0.982058 -0.0200592 -0.187509 -36.7188 
-0.187101 0.0295847 0.981895 123.444 -0.0144784 0.999355 -0.0328696 -4.05127 -0.982234 -0.0203662 -0.186552 -36.8775 
-0.185997 0.0251843 0.982228 124.311 -0.0131281 0.999519 -0.0281136 -4.08954 -0.982463 -0.0181238 -0.185577 -37.0409 
-0.184845 0.0199709 0.982565 125.178 -0.0141626 0.999636 -0.0229822 -4.13064 -0.982666 -0.0181638 -0.184495 -37.2005 
-0.183962 0.0181495 0.982766 126.039 -0.0136201 0.999686 -0.0210115 -4.16821 -0.982839 -0.0172507 -0.183657 -37.3576 
-0.182701 0.0228501 0.982903 126.888 -0.0139142 0.99957 -0.0258239 -4.2042 -0.98307 -0.0183944 -0.182304 -37.5114 
-0.182675 0.0265767 0.982814 127.737 -0.0140113 0.999463 -0.0296311 -4.24022 -0.983073 -0.0191834 -0.182205 -37.6644 
-0.182733 0.0257363 0.982826 128.588 -0.0171159 0.999423 -0.0293532 -4.27745 -0.983014 -0.0221858 -0.182187 -37.8133 
-0.182071 0.0248413 0.982972 129.434 -0.0188603 0.999409 -0.0287501 -4.32082 -0.983105 -0.0237737 -0.181495 -37.963 
-0.181367 0.025563 0.983083 130.278 -0.0143742 0.999486 -0.0286414 -4.36222 -0.98331 -0.0193256 -0.180907 -38.1201 
-0.18059 0.0281053 0.983157 131.116 -0.0162179 0.999371 -0.0315477 -4.39776 -0.983425 -0.0216419 -0.18002 -38.2686 
-0.180997 0.0291211 0.983052 131.954 -0.024739 0.99911 -0.0341517 -4.44067 -0.983172 -0.0305011 -0.180116 -38.4045 
-0.180524 0.0306066 0.983094 132.786 -0.0305947 0.998857 -0.0367153 -4.485 -0.983095 -0.0367055 -0.179381 -38.5422 
-0.180192 0.0342676 0.983034 133.609 -0.0274633 0.998828 -0.0398522 -4.53051 -0.983248 -0.0341785 -0.17904 -38.6893 
-0.179607 0.035309 0.983105 134.433 -0.0259189 0.998839 -0.0406093 -4.57898 -0.983397 -0.0327747 -0.178483 -38.8364 
-0.17797 0.0363776 0.983363 135.253 -0.0268171 0.998766 -0.0418007 -4.62647 -0.98367 -0.0338102 -0.176775 -38.9772 
-0.175973 0.0357688 0.983745 136.072 -0.0184756 0.999044 -0.03963 -4.67153 -0.984222 -0.0251491 -0.175144 -39.1284 
-0.172448 0.0325909 0.984479 136.889 -0.013571 0.999279 -0.035458 -4.71705 -0.984925 -0.019475 -0.171881 -39.2794 
-0.170527 0.0277244 0.984963 137.705 -0.00978955 0.999507 -0.0298286 -4.76151 -0.985304 -0.0147289 -0.170171 -39.4221 
-0.166828 0.0273842 0.985606 138.512 -0.0082331 0.999541 -0.0291649 -4.80271 -0.985952 -0.0129801 -0.166526 -39.556 
-0.161784 0.0324248 0.986293 139.309 -0.00749423 0.999391 -0.0340846 -4.84648 -0.986798 -0.0129059 -0.161443 -39.6845 
-0.155222 0.0356592 0.987236 140.107 -0.00606442 0.999295 -0.0370483 -4.88716 -0.987861 -0.0117377 -0.154896 -39.8065 
-0.147005 0.0364834 0.988463 140.905 -0.00633496 0.999264 -0.0378243 -4.92334 -0.989115 -0.0118222 -0.146666 -39.9192 
-0.137416 0.0320019 0.989996 141.705 -0.00462868 0.999446 -0.0329498 -4.96754 -0.990503 -0.0091102 -0.137192 -40.0256 
-0.125417 0.0306291 0.991631 142.5 -0.000857735 0.99952 -0.0309812 -5.00979 -0.992104 -0.00473612 -0.12533 -40.1261 
-0.111549 0.0333514 0.993199 143.286 0.00335682 0.999444 -0.0331841 -5.0474 -0.993753 -0.000367674 -0.111599 -40.2146 
-0.0973567 0.0344314 0.994654 144.074 0.00277683 0.999407 -0.0343241 -5.0857 -0.995246 -0.000579695 -0.0973946 -40.2859 
-0.0835858 0.0344907 0.995904 144.859 0.00435579 0.999404 -0.0342463 -5.12559 -0.996491 0.00147544 -0.0836862 -40.3469 
-0.0700053 0.036152 0.996891 145.638 0.00523079 0.999343 -0.0358736 -5.16865 -0.997533 0.00270319 -0.0701484 -40.3968 
-0.0563313 0.0425397 0.997505 146.41 0.00229342 0.999095 -0.0424779 -5.21619 -0.998409 -0.000105134 -0.0563779 -40.4307 
-0.0437335 0.051707 0.997704 147.171 -0.00482584 0.998637 -0.0519669 -5.26289 -0.999032 -0.00708746 -0.0434243 -40.4454 
-0.0299705 0.0597988 0.99776 147.929 -0.00877198 0.998155 -0.0600859 -5.31089 -0.999512 -0.0105531 -0.0293906 -40.4541 
-0.0168212 0.0604818 0.998028 148.69 -0.00922188 0.998117 -0.0606427 -5.36178 -0.999816 -0.0102238 -0.0162317 -40.4585 
-0.00507496 0.0566103 0.998383 149.456 -0.0131792 0.998306 -0.0566729 -5.41803 -0.9999 -0.0134455 -0.00432028 -40.4497 
0.0055737 0.0543216 0.998508 150.216 -0.0171344 0.998382 -0.0542191 -5.47699 -0.999838 -0.0168066 0.00649545 -40.4308 
0.0145445 0.0608401 0.998042 150.965 -0.0208097 0.997949 -0.0605312 -5.53607 -0.999678 -0.0198885 0.0157807 -40.4058 
0.0211508 0.0688676 0.997402 151.709 -0.0239165 0.997374 -0.0683585 -5.59082 -0.99949 -0.0224085 0.0227424 -40.3795 
0.0241511 0.0719141 0.997118 152.457 -0.0267889 0.997098 -0.0712638 -5.64434 -0.999349 -0.0249906 0.0260075 -40.3506 
0.0240543 0.0673293 0.997441 153.209 -0.0291781 0.997352 -0.0666197 -5.70479 -0.999285 -0.027501 0.0259551 -40.3233 
0.0223001 0.0629468 0.997768 153.958 -0.0306376 0.99759 -0.0622508 -5.77124 -0.999282 -0.029181 0.0241749 -40.2996 
0.0194159 0.0600845 0.998004 154.704 -0.0290374 0.997805 -0.0595076 -5.82746 -0.99939 -0.0278241 0.021118 -40.282 
0.016656 0.0604868 0.99803 155.445 -0.027095 0.997829 -0.0600224 -5.87949 -0.999494 -0.0260419 0.0182587 -40.2695 
0.0130561 0.060406 0.998088 156.183 -0.025413 0.997871 -0.0600605 -5.93729 -0.999592 -0.0245803 0.0145634 -40.2584 
0.00830243 0.0588949 0.99823 156.923 -0.026311 0.997931 -0.0586584 -5.99551 -0.999619 -0.0257775 0.00983484 -40.2472 
0.00301379 0.0593288 0.998234 157.66 -0.0270931 0.997877 -0.0592258 -6.04492 -0.999628 -0.0268668 0.00461479 -40.2414 
-0.00288604 0.057475 0.998343 158.396 -0.0283108 0.997942 -0.0575338 -6.09767 -0.999595 -0.0284299 -0.00125294 -40.2389 
-0.00868375 0.0547014 0.998465 159.13 -0.0259601 0.998154 -0.0549101 -6.15577 -0.999625 -0.0263971 -0.00724766 -40.2449 
-0.0139955 0.0546687 0.998406 159.858 -0.0266706 0.998129 -0.0550273 -6.20656 -0.999546 -0.0273982 -0.0125113 -40.2516 
-0.0194739 0.0559703 0.998243 160.582 -0.0282789 0.998002 -0.0565085 -6.25779 -0.99941 -0.0293296 -0.0178522 -40.2588 
-0.02353 0.0582578 0.998024 161.3 -0.0287355 0.997849 -0.0589251 -6.31326 -0.99931 -0.0300653 -0.0218053 -40.2699 
-0.0259898 0.0605163 0.997829 162.015 -0.0285859 0.997713 -0.0612538 -6.36835 -0.999253 -0.0301158 -0.0242005 -40.2854 
-0.0276299 0.0620688 0.997689 162.726 -0.0257938 0.997694 -0.0627834 -6.41944 -0.999285 -0.0274689 -0.0259652 -40.3042 
-0.0267976 0.0605061 0.997808 163.436 -0.022441 0.997879 -0.061113 -6.47264 -0.999389 -0.0240294 -0.0253829 -40.3244 
-0.0228229 0.0568207 0.998124 164.142 -0.01995 0.998159 -0.0572789 -6.52883 -0.99954 -0.0212198 -0.0216473 -40.3397 
-0.0154316 0.0566408 0.998275 164.84 -0.0188768 0.9982 -0.0569283 -6.58412 -0.999703 -0.0197227 -0.0143347 -40.3449 
-0.00407256 0.0573969 0.998343 165.531 -0.0162345 0.998216 -0.0574558 -6.63569 -0.99986 -0.0164416 -0.00313348 -40.3447 
0.0104509 0.05762 0.998284 166.217 -0.013547 0.998255 -0.0574765 -6.68517 -0.999854 -0.012923 0.0112132 -40.3348 
0.0257092 0.0552472 0.998142 166.9 -0.0146008 0.998386 -0.0548847 -6.73196 -0.999563 -0.0131626 0.0264744 -40.3078 
0.0417507 0.0505343 0.997849 167.579 -0.0196253 0.998569 -0.0497496 -6.77931 -0.998935 -0.017506 0.0426827 -40.2634 
0.0580954 0.0439594 0.997343 168.254 -0.0210024 0.998863 -0.042803 -6.82215 -0.99809 -0.0184599 0.0589526 -40.2115 
0.0751842 0.0366503 0.996496 168.926 -0.0212099 0.999157 -0.0351479 -6.86009 -0.996944 -0.018493 0.0758982 -40.1521 
0.0927537 0.0292365 0.99526 169.591 -0.0217375 0.99939 -0.027332 -6.89428 -0.995452 -0.0190993 0.0933327 -40.0802 
0.109906 0.0233587 0.993667 170.248 -0.0233923 0.999508 -0.0209086 -6.92677 -0.993667 -0.0209462 0.110399 -39.9945 
0.127819 0.0210667 0.991574 170.895 -0.0242315 0.999542 -0.0181124 -6.95625 -0.991501 -0.0217122 0.128271 -39.899 
0.145806 0.0197224 0.989117 171.535 -0.0227745 0.999603 -0.0165743 -6.97938 -0.989051 -0.02011 0.146197 -39.7957 
0.163211 0.019186 0.986405 172.167 -0.0239937 0.999592 -0.0154725 -6.9997 -0.986299 -0.0211422 0.163605 -39.6788 
0.179157 0.018227 0.983652 172.794 -0.0287421 0.999499 -0.0132857 -7.01895 -0.983401 -0.025892 0.179591 -39.5465 
0.193479 0.0147101 0.980994 173.416 -0.0308316 0.999485 -0.00890651 -7.03871 -0.98062 -0.0285224 0.193833 -39.4078 
0.205771 0.0107569 0.978541 174.035 -0.0273301 0.999613 -0.00524146 -7.05567 -0.978219 -0.0256651 0.205985 -39.2734 
0.216602 0.00959758 0.976213 174.645 -0.0250453 0.999677 -0.00427122 -7.07176 -0.975939 -0.0235244 0.216772 -39.1335 
0.22639 0.0133451 0.973945 175.24 -0.0293969 0.999544 -0.00686268 -7.09107 -0.973593 -0.0270773 0.226679 -38.981 
0.235299 0.0204785 0.971707 175.823 -0.0334839 0.999355 -0.0129531 -7.11089 -0.971346 -0.0294887 0.235833 -38.8224 
0.244415 0.0302533 0.969199 176.399 -0.0333319 0.999185 -0.0227835 -7.12925 -0.969098 -0.0267366 0.245224 -38.6699 
0.252692 0.0359562 0.966878 176.981 -0.0276198 0.99917 -0.0299386 -7.14643 -0.967152 -0.0191397 0.253476 -38.5213 
0.259173 0.0340788 0.965229 177.571 -0.0269866 0.999243 -0.0280335 -7.16435 -0.965454 -0.0187828 0.259897 -38.3588 
0.264982 0.0266874 0.963884 178.166 -0.0297252 0.999368 -0.0194981 -7.1833 -0.963795 -0.023485 0.265608 -38.1828 
0.269257 0.0163166 0.96293 178.766 -0.0343088 0.999384 -0.00734083 -7.20493 -0.962457 -0.0310604 0.269651 -38.0025 
0.271276 0.00824565 0.962466 179.365 -0.03456 0.999402 0.00117883 -7.22611 -0.961881 -0.0335827 0.271399 -37.8275 
0.272366 0.00743596 0.962165 179.958 -0.0310693 0.999517 0.00107033 -7.24183 -0.961692 -0.0301853 0.272465 -37.6617 
0.273655 0.00936254 0.961782 180.55 -0.0274631 0.999621 -0.00191683 -7.25224 -0.961436 -0.025889 0.273808 -37.4964 
0.275382 0.00881544 0.961295 181.147 -0.0241893 0.999705 -0.00223818 -7.25949 -0.961031 -0.0226367 0.275514 -37.3288 
0.277174 0.00658664 0.960797 181.746 -0.025991 0.999662 0.000644887 -7.26505 -0.960468 -0.0251508 0.277251 -37.1509 
0.280016 0.00287484 0.959991 182.349 -0.0262314 0.999645 0.00465773 -7.27483 -0.959637 -0.0264861 0.279992 -36.9717 
0.283153 -0.00235466 0.959072 182.956 -0.0255015 0.999625 0.00998319 -7.28457 -0.958736 -0.0272846 0.282987 -36.7904 
0.287608 -0.00519342 0.957734 183.56 -0.0241411 0.999628 0.0126702 -7.28893 -0.957444 -0.0267648 0.287376 -36.606 
0.293824 -0.00749705 0.95583 184.161 -0.0221946 0.999646 0.0146634 -7.28897 -0.955602 -0.0255227 0.293554 -36.4181 
0.301711 -0.0106726 0.95334 184.765 -0.0205356 0.999633 0.0176899 -7.28992 -0.953178 -0.0249146 0.301381 -36.2235 
0.311363 -0.0126337 0.950207 185.364 -0.0179188 0.999656 0.0191627 -7.29309 -0.950122 -0.0229931 0.311029 -36.0228 
0.322439 -0.0105706 0.946531 185.961 -0.0193192 0.999656 0.0177451 -7.29501 -0.946393 -0.0240079 0.322123 -35.8099 
0.333782 -0.00682194 0.942626 186.553 -0.0204268 0.999687 0.014468 -7.29573 -0.942429 -0.024084 0.333538 -35.5867 
0.34537 -0.00367346 0.938459 187.148 -0.0215172 0.999698 0.0118319 -7.2937 -0.93822 -0.0242794 0.345187 -35.3569 
0.356994 -0.0034359 0.9341 187.746 -0.0201066 0.999733 0.0113616 -7.29207 -0.93389 -0.0228376 0.35683 -35.1202 
0.368131 -0.0064588 0.929751 188.348 -0.0192857 0.999708 0.0145809 -7.29182 -0.929574 -0.0232986 0.367899 -34.8731 
0.379147 -0.00782337 0.925303 188.951 -0.020413 0.99965 0.0168163 -7.29392 -0.925111 -0.025264 0.378855 -34.613 
0.390333 -0.00838913 0.920636 189.557 -0.0220448 0.999587 0.0184552 -7.29296 -0.92041 -0.0274989 0.389986 -34.3445 
0.399655 -0.00945585 0.916617 190.167 -0.0258912 0.999431 0.021599 -7.28817 -0.9163 -0.0323645 0.399183 -34.0619 
0.406668 -0.00815147 0.91354 190.781 -0.0296265 0.999317 0.0221052 -7.282 -0.913096 -0.0360544 0.406148 -33.7741 
0.410877 -0.0110677 0.911624 191.406 -0.0295945 0.999237 0.0254699 -7.27715 -0.91121 -0.0374441 0.410236 -33.4834 
0.413046 -0.0148596 0.910589 192.041 -0.0266804 0.99924 0.0284086 -7.26906 -0.910319 -0.036029 0.412336 -33.1931 
0.413099 -0.0140885 0.910577 192.679 -0.0223951 0.999421 0.025623 -7.26012 -0.910411 -0.0309773 0.412545 -32.9045 
0.411945 -0.0137086 0.911106 193.325 -0.021169 0.999473 0.0246094 -7.25542 -0.910963 -0.0294249 0.411437 -32.61 
0.411284 -0.0125208 0.911421 193.978 -0.0176425 0.999609 0.0216936 -7.24577 -0.911337 -0.025002 0.410902 -32.3171 
0.411092 -0.0144052 0.91148 194.643 -0.0144399 0.999647 0.0223112 -7.2349 -0.91148 -0.0223336 0.410738 -32.0217 
0.410343 -0.0202801 0.911706 195.317 -0.010997 0.99957 0.0271841 -7.22737 -0.911865 -0.0211809 0.409943 -31.7224 
0.409222 -0.0232154 0.912139 195.991 -0.0106285 0.999487 0.0302069 -7.21994 -0.912373 -0.022056 0.408765 -31.4189 
0.407563 -0.0256668 0.912817 196.667 -0.00983897 0.999423 0.0324951 -7.21222 -0.913124 -0.0222249 0.407075 -31.1152 
0.406214 -0.0257152 0.913416 197.342 -0.0106781 0.999402 0.0328846 -7.19756 -0.913716 -0.0231117 0.405696 -30.8116 
0.404326 -0.0259373 0.914247 198.02 -0.0122567 0.999354 0.0337723 -7.18472 -0.914533 -0.0248607 0.403747 -30.5065 
0.402667 -0.0248687 0.915009 198.7 -0.0131017 0.999372 0.0329273 -7.17834 -0.915253 -0.0252469 0.402088 -30.2033 
0.40153 -0.0216098 0.915591 199.379 -0.0122096 0.999506 0.0289448 -7.1721 -0.915765 -0.0228012 0.401068 -29.9057 
0.400888 -0.01562 0.915994 200.057 -0.012487 0.999669 0.0225118 -7.1607 -0.916042 -0.0204628 0.40056 -29.6081 
0.399841 -0.0127408 0.916496 200.736 -0.0147254 0.999685 0.0203215 -7.15234 -0.916466 -0.0216212 0.399527 -29.3064 
0.398379 -0.0154263 0.917091 201.421 -0.0160042 0.999589 0.0237661 -7.14794 -0.917081 -0.0241452 0.397969 -29.003 
0.397272 -0.018417 0.917516 202.107 -0.018032 0.999449 0.0278693 -7.14529 -0.917524 -0.0276163 0.396721 -28.7001 
0.394689 -0.0175158 0.918648 202.787 -0.0221777 0.999345 0.0285829 -7.14117 -0.918547 -0.0316548 0.394042 -28.3972 
0.389979 -0.0173518 0.92066 203.468 -0.0251853 0.999247 0.029501 -7.13358 -0.920479 -0.0346919 0.389248 -28.1009 
0.383329 -0.0185731 0.923425 204.153 -0.0249929 0.999223 0.0304726 -7.12212 -0.923274 -0.0347601 0.382567 -27.8154 
0.374512 -0.0189656 0.927028 204.838 -0.0246021 0.999236 0.0303819 -7.11647 -0.926896 -0.0341852 0.373759 -27.5389 
0.364643 -0.0179963 0.930974 205.522 -0.0220174 0.999367 0.0279421 -7.11368 -0.930887 -0.0306865 0.364016 -27.2756 
0.354073 -0.0146077 0.935104 206.206 -0.0231815 0.999434 0.0243903 -7.1055 -0.934931 -0.0303131 0.353534 -27.0181 
0.342569 -0.0145143 0.939381 206.895 -0.0261553 0.999346 0.0249789 -7.09317 -0.939129 -0.0331268 0.341965 -26.7626 
0.331712 -0.0225196 0.943112 207.596 -0.021159 0.999286 0.031303 -7.08456 -0.943144 -0.0303389 0.330998 -26.5231 
0.323279 -0.0311331 0.945791 208.301 -0.0170683 0.999104 0.0387221 -7.07643 -0.94615 -0.0286611 0.322458 -26.2927 
0.31615 -0.0365554 0.948005 209.004 -0.0167984 0.998885 0.0441195 -7.06168 -0.94856 -0.0298733 0.315183 -26.0587 
0.311923 -0.037287 0.949376 209.704 -0.0225634 0.998657 0.0466359 -7.04095 -0.94984 -0.0359679 0.310662 -25.8187 
0.309362 -0.0391019 0.95014 210.409 -0.0215701 0.998609 0.0481197 -7.02014 -0.9507 -0.035381 0.308088 -25.5891 
0.307792 -0.0401648 0.950605 211.116 -0.0206577 0.998591 0.0488809 -6.99936 -0.951229 -0.0346825 0.306529 -25.3603 
0.306903 -0.0381543 0.950976 211.822 -0.0209468 0.998683 0.0468284 -6.97663 -0.95151 -0.0342916 0.3057 -25.1289 
0.306498 -0.0360795 0.951187 212.53 -0.024331 0.998658 0.0457202 -6.95277 -0.95156 -0.0371565 0.305209 -24.8923 
0.307034 -0.0367254 0.95099 213.245 -0.0250719 0.998596 0.0466585 -6.9301 -0.951368 -0.0381689 0.305683 -24.6565 
0.308733 -0.0379845 0.95039 213.964 -0.0257643 0.998502 0.0482769 -6.9073 -0.9508 -0.0393908 0.307292 -24.4197 
0.310191 -0.0399283 0.949836 214.684 -0.0242969 0.998458 0.049907 -6.88615 -0.950364 -0.0385587 0.308742 -24.1852 
0.311944 -0.0410152 0.949215 215.407 -0.0206673 0.998538 0.0499384 -6.86251 -0.949876 -0.0351957 0.310641 -23.9508 
0.314968 -0.0423847 0.948155 216.131 -0.0197172 0.998495 0.0511848 -6.83496 -0.948897 -0.0348165 0.313658 -23.7085 
0.319161 -0.0437931 0.946688 216.857 -0.0215283 0.998339 0.0534403 -6.80967 -0.947456 -0.0374366 0.317688 -23.4561 
0.324248 -0.0476969 0.944769 217.587 -0.0232056 0.998026 0.0583498 -6.78073 -0.945687 -0.0408437 0.322502 -23.1978 
0.329288 -0.0513101 0.942834 218.319 -0.0238772 0.997751 0.0626379 -6.74784 -0.943928 -0.0431381 0.327322 -22.9369 
0.333538 -0.0513349 0.941338 219.048 -0.0251291 0.997677 0.0633112 -6.7172 -0.942402 -0.0447717 0.331474 -22.6725 
0.337964 -0.0466171 0.940004 219.774 -0.0303852 0.997711 0.0604035 -6.68804 -0.940668 -0.0489764 0.335774 -22.4 
0.34249 -0.0406174 0.938643 220.501 -0.034997 0.99782 0.0559478 -6.64952 -0.93887 -0.0520112 0.340322 -22.1225 
0.347155 -0.0374704 0.937059 221.23 -0.0387474 0.997775 0.0542531 -6.61509 -0.937007 -0.0551428 0.344931 -21.8423 
0.351518 -0.0377432 0.93542 221.962 -0.0405745 0.997634 0.0555009 -6.58857 -0.935301 -0.0574638 0.349155 -21.56 
0.355421 -0.0353366 0.934038 222.69 -0.0422969 0.997653 0.0538381 -6.56158 -0.933749 -0.0586421 0.353092 -21.2741 
0.359381 -0.0324926 0.932625 223.417 -0.0426663 0.997776 0.0512036 -6.53191 -0.932215 -0.0581932 0.357195 -20.9873 
0.363986 -0.0321545 0.930849 224.147 -0.0427959 0.997771 0.0512005 -6.50384 -0.930421 -0.0584727 0.361798 -20.6973 
0.36851 -0.0335743 0.929017 224.878 -0.0425889 0.997689 0.0529496 -6.47931 -0.928648 -0.0590782 0.366228 -20.4027 
0.372873 -0.0341412 0.927254 225.606 -0.0386002 0.997887 0.052264 -6.45486 -0.927079 -0.05528 0.370767 -20.1106 
0.377218 -0.0340795 0.925497 226.333 -0.035433 0.99806 0.0511934 -6.42963 -0.925446 -0.0521042 0.375279 -19.8163 
0.381315 -0.0318852 0.923895 227.057 -0.0364169 0.998111 0.0494767 -6.40242 -0.923728 -0.0525116 0.379434 -19.5111 
0.385701 -0.0321059 0.922065 227.78 -0.0411025 0.997804 0.0519364 -6.37588 -0.921708 -0.0579311 0.383534 -19.1962 
0.390319 -0.0322969 0.920113 228.501 -0.0439951 0.997589 0.0536795 -6.35044 -0.919628 -0.0614326 0.387957 -18.8809 
0.394413 -0.0299532 0.918445 229.217 -0.0410712 0.997895 0.0501817 -6.33069 -0.918015 -0.057514 0.392352 -18.5712 
0.398306 -0.023365 0.916955 229.928 -0.0402768 0.998266 0.0429323 -6.30938 -0.916368 -0.0540322 0.396674 -18.2588 
0.40156 -0.0167164 0.91568 230.634 -0.0463866 0.998179 0.0385647 -6.2829 -0.914657 -0.0579614 0.400054 -17.9338 
0.404533 -0.0177669 0.914351 231.347 -0.052363 0.997721 0.0425537 -6.25902 -0.913023 -0.0650925 0.40268 -17.603 
0.407143 -0.0279741 0.912936 232.071 -0.0514752 0.997239 0.0535137 -6.23628 -0.911913 -0.0687813 0.404579 -17.2774 
0.408999 -0.0401926 0.911649 232.797 -0.0477576 0.996718 0.0653688 -6.20396 -0.911284 -0.0702739 0.405737 -16.9558 
0.410742 -0.047866 0.910495 233.515 -0.0489941 0.996019 0.0744644 -6.16822 -0.910435 -0.0751944 0.406761 -16.6267 
0.41289 -0.049573 0.909431 234.227 -0.0506112 0.995726 0.0772549 -6.13287 -0.909374 -0.0779251 0.408616 -16.2964 
0.415655 -0.0451545 0.908401 234.933 -0.0502136 0.996104 0.0724902 -6.09213 -0.908135 -0.075745 0.411769 -15.9684 
0.419771 -0.0394837 0.906771 235.636 -0.0488121 0.996625 0.0659929 -6.0494 -0.906316 -0.0719633 0.416428 -15.6419 
0.424147 -0.0351353 0.904911 236.341 -0.0485453 0.996928 0.0614622 -6.01246 -0.904291 -0.0699982 0.421139 -15.3082 
0.42824 -0.0334107 0.903047 237.047 -0.0466546 0.997166 0.0590172 -5.98031 -0.90246 -0.0674048 0.425468 -14.9707 
0.432298 -0.0313658 0.901185 237.752 -0.0459002 0.997334 0.0567305 -5.94674 -0.900562 -0.065889 0.429705 -14.6291 
0.436119 -0.0327808 0.899292 238.457 -0.0446402 0.997318 0.0580027 -5.91258 -0.898781 -0.0654406 0.433486 -14.2837 
0.439533 -0.0378993 0.897426 239.165 -0.0429417 0.99708 0.0631394 -5.87881 -0.897199 -0.0662889 0.436623 -13.9345 
0.442481 -0.0437856 0.895708 239.873 -0.0409036 0.996782 0.0689329 -5.84259 -0.895845 -0.0671392 0.439266 -13.5845 
0.444938 -0.049278 0.894204 240.583 -0.0395812 0.996427 0.0746061 -5.80195 -0.894686 -0.0685888 0.441398 -13.2305 
0.446937 -0.0544642 0.892906 241.295 -0.0376663 0.996114 0.0796132 -5.75489 -0.893772 -0.0692146 0.443149 -12.8735 
0.44847 -0.0611925 0.891701 242.009 -0.0362258 0.995589 0.0865411 -5.70597 -0.893064 -0.0711136 0.444275 -12.5146 
0.450142 -0.0616672 0.890825 242.718 -0.0365871 0.995501 0.0874011 -5.65693 -0.892207 -0.0719356 0.44586 -12.1538 
0.451923 -0.0502372 0.890641 243.412 -0.045444 0.99582 0.0792288 -5.61342 -0.890899 -0.0762796 0.447751 -11.7841 
0.452643 -0.0368227 0.890931 244.108 -0.047011 0.996772 0.0650814 -5.56871 -0.890452 -0.0713422 0.449451 -11.4215 
0.453507 -0.0292352 0.890773 244.81 -0.046912 0.997293 0.0566148 -5.52158 -0.890017 -0.0674632 0.450908 -11.0603 
0.453267 -0.0316568 0.890813 245.525 -0.0465364 0.997166 0.0591151 -5.48308 -0.890159 -0.0682501 0.450509 -10.693 
