1 2.7131e-13 6.98043e-13 1.66533e-18 2.7131e-13 1 7.17711e-12 9.99201e-18 6.98043e-13 7.17711e-12 1 -1.33227e-17 
0.999991 -0.0026003 -0.00327967 -0.00326511 0.00259331 0.999994 -0.00212248 -0.00539096 0.00328527 0.00211384 0.999992 0.677143 
0.999973 -0.00128032 -0.0072765 -0.014339 0.00125338 0.999992 -0.00368653 -0.00889491 0.00728126 0.00367708 0.999967 1.37086 
0.999936 -0.00131204 -0.0111269 -0.0297409 0.0012543 0.999985 -0.00517218 -0.0130018 0.0111336 0.00515746 0.999925 2.08098 
0.999872 -4.23244e-05 -0.015973 -0.0476354 -4.97171e-05 0.999983 -0.00574537 -0.0206799 0.015973 0.00574493 0.999855 2.80625 
0.999793 -0.00107203 -0.0202645 -0.066999 0.000951743 0.999982 -0.00594288 -0.0310679 0.0202705 0.00592125 0.999776 3.54793 
0.999692 0.000638539 -0.0247063 -0.0932839 -0.000816909 0.999974 -0.00720644 -0.0403366 0.0247011 0.0072235 0.999666 4.30262 
0.999555 0.00323071 -0.0295261 -0.124638 -0.00346274 0.999964 -0.00781483 -0.0503264 0.0294998 0.00791349 0.99953 5.07093 
0.99942 0.00357492 -0.0337224 -0.15797 -0.00378822 0.999973 -0.0063093 -0.0595828 0.0336989 0.00643319 0.999407 5.85431 
0.999265 0.00278233 -0.0380787 -0.192377 -0.00292376 0.999988 -0.00376421 -0.0689738 0.0380674 0.00387179 0.999261 6.64901 
0.999126 0.00246953 -0.0415541 -0.229535 -0.00251394 0.999995 -0.00117848 -0.0796781 0.0415502 0.00128033 0.999127 7.45197 
0.99901 0.00392534 -0.0441504 -0.273151 -0.00400128 0.999988 -0.00179597 -0.0902389 0.0441423 0.00196989 0.999014 8.2602 
0.998914 0.00342786 -0.0463238 -0.316108 -0.0035182 0.99999 -0.00203971 -0.0978423 0.0463155 0.00219887 0.998915 9.07607 
0.998833 0.000562632 -0.0481339 -0.35638 -0.000681729 0.999993 -0.00263044 -0.105466 0.0481299 0.00265641 0.998828 9.90022 
0.998733 0.00047651 -0.0501534 -0.401013 -0.000560407 0.999994 -0.00185097 -0.11482 0.0501494 0.00187253 0.998729 10.7352 
0.99866 -0.000979495 -0.0516012 -0.446418 0.000884063 0.999994 -0.00205144 -0.125426 0.0516001 0.00199896 0.998656 11.5777 
0.99856 0.0013459 -0.0534948 -0.498178 -0.0015714 0.999985 -0.00434427 -0.136635 0.0534855 0.0044181 0.998549 12.4268 
0.998487 0.00178849 -0.0548334 -0.551364 -0.00216411 0.99997 -0.00695571 -0.147857 0.0548164 0.0070597 0.998462 13.2843 
0.998374 0.00570933 -0.0565975 -0.609547 -0.00619748 0.99994 -0.00861318 -0.159467 0.0565421 0.00894602 0.998351 14.1497 
0.998309 0.00658233 -0.0576466 -0.666601 -0.00705917 0.999937 -0.00822739 -0.173586 0.0575859 0.00861637 0.998294 15.0259 
0.998235 0.00569639 -0.0590089 -0.722472 -0.0060957 0.999955 -0.00673736 -0.188597 0.0589647 0.00708076 0.998226 15.9107 
0.998146 0.00633672 -0.0604218 -0.780819 -0.00665743 0.99996 -0.00525213 -0.201798 0.0603832 0.00564048 0.99815 16.8001 
0.998088 0.0059324 -0.0614212 -0.839996 -0.0062528 0.999964 -0.00516223 -0.216008 0.0613854 0.00553232 0.99809 17.6931 
0.997984 0.00579894 -0.0630873 -0.900027 -0.00618158 0.999959 -0.00600246 -0.229464 0.0630469 0.00637607 0.997981 18.5892 
0.997926 0.004381 -0.0641115 -0.960239 -0.00481675 0.999961 -0.00677604 -0.242644 0.0640764 0.00706674 0.997911 19.4919 
0.997889 0.00450884 -0.064696 -1.02255 -0.00483954 0.999972 -0.00508615 -0.255368 0.0646684 0.00538468 0.997883 20.4008 
0.997886 0.00589073 -0.0646266 -1.08824 -0.00600147 0.999977 -0.00164522 -0.26875 0.0646126 0.00202555 0.9979 21.319 
0.997934 0.00689508 -0.0637808 -1.15298 -0.00676744 0.999971 0.00208983 -0.279758 0.0637905 -0.00165785 0.997954 22.2413 
0.998039 0.0057978 -0.0622391 -1.21331 -0.00549469 0.999969 0.00490785 -0.286988 0.0622628 -0.00456031 0.998041 23.17 
0.998133 0.00599907 -0.0606871 -1.27312 -0.00565552 0.999965 0.00570008 -0.293822 0.0607164 -0.00535005 0.998132 24.0998 
0.998214 0.00625011 -0.0593195 -1.33293 -0.00608187 0.999973 0.00288611 -0.301147 0.0593334 -0.00252393 0.998227 25.0338 
0.99826 0.0070646 -0.0584412 -1.39222 -0.00718415 0.999969 -0.00197231 -0.308211 0.0584227 0.00238492 0.99828 25.9702 
0.998335 0.00617948 -0.0572436 -1.44932 -0.0064638 0.999963 -0.0049282 -0.317297 0.057208 0.00528613 0.99834 26.9138 
0.998388 0.00362128 -0.0565302 -1.50387 -0.00383944 0.999982 -0.0038965 -0.32888 0.056512 0.00410329 0.998385 27.8661 
0.99838 0.00176085 -0.0567692 -1.55894 -0.00169456 0.999994 0.00106988 -0.339963 0.0567676 -0.000976059 0.998379 28.8258 
0.998332 -0.00199422 -0.0575885 -1.61315 0.00226864 0.999983 0.00456221 -0.351458 0.0575752 -0.00468967 0.998322 29.7894 
0.998228 -0.00945517 -0.0586464 -1.66188 0.00971227 0.999941 0.00396678 -0.36043 0.0586022 -0.0045336 0.998263 30.7498 
0.998118 -0.0116811 -0.0601028 -1.71743 0.0117143 0.999928 7.12631e-05 -0.367119 0.0600949 -0.000778914 0.998184 31.7118 
0.998035 -0.0114615 -0.0615109 -1.78067 0.0112549 0.999925 -0.00383466 -0.377591 0.0615471 0.00313084 0.998091 32.6771 
0.997914 -0.0102131 -0.063651 -1.84567 0.00994942 0.999936 -0.00459086 -0.389672 0.0636909 0.00394435 0.997953 33.6506 
0.99786 -0.0102625 -0.0644919 -1.91213 0.0100858 0.99994 -0.00318608 -0.403544 0.0645181 0.00252518 0.997905 34.6325 
0.997811 -0.00718752 -0.065652 -1.9842 0.00718914 0.99997 -0.000330424 -0.418567 0.0656495 -0.000146108 0.997835 35.6162 
0.997722 -0.00727166 -0.0669783 -2.05311 0.00736347 0.999968 0.00100415 -0.431058 0.0669659 -0.00149908 0.997746 36.6004 
0.997661 -0.00597346 -0.0680145 -2.12233 0.00623986 0.99997 0.00358463 -0.440463 0.0679881 -0.00400448 0.99767 37.5847 
0.997666 -0.00610152 -0.0679276 -2.19178 0.00657823 0.999953 0.00668286 -0.450401 0.0678808 -0.00711779 0.99766 38.5716 
0.997646 -0.000291204 -0.0684849 -2.2697 0.000915362 0.999955 0.008965 -0.456505 0.0684764 -0.00901042 0.997604 39.5549 
0.997636 -0.000421339 -0.0686222 -2.34234 0.00101387 0.99996 0.00848754 -0.464257 0.0686128 -0.00854129 0.997599 40.5337 
0.997642 -0.000339745 -0.0685488 -2.41205 0.000814922 0.999973 0.00679217 -0.468567 0.0685418 -0.00683598 0.997617 41.5104 
0.997645 0.00189844 -0.0684835 -2.48744 -0.00158013 0.999985 0.00458389 -0.476333 0.0684882 -0.0044689 0.997634 42.4838 
0.997575 0.00149845 -0.0694933 -2.55791 -0.00116885 0.999985 0.00466502 -0.486106 0.0694961 -0.00457663 0.997564 43.457 
0.997488 -0.000466939 -0.070742 -2.62665 0.000891421 0.999979 0.00585587 -0.494302 0.0707347 -0.00590839 0.99747 44.4315 
0.99743 9.19879e-05 -0.0715666 -2.70109 0.000413063 0.999972 0.00693038 -0.50431 0.0715622 -0.00694608 0.997404 45.4014 
0.997412 0.00253279 -0.071775 -2.77861 -0.00228517 0.999988 0.00343111 -0.516227 0.0717801 -0.00326232 0.997408 46.3616 
0.997354 0.00304346 -0.0725493 -2.85563 -0.00309907 0.999991 -0.000763323 -0.525991 0.0725435 0.000982145 0.997357 47.3186 
0.997308 0.00388678 -0.0731387 -2.93096 -0.00403603 0.999986 -0.00199851 -0.537244 0.0731273 0.00228455 0.997312 48.276 
0.997303 0.00270206 -0.0732626 -3.0034 -0.00258558 0.999991 0.00157738 -0.551739 0.0732632 -0.00138792 0.997303 49.2357 
0.997288 0.000777392 -0.0735112 -3.07411 -0.000424916 0.999985 0.00470389 -0.564337 0.0735109 -0.00466369 0.997276 50.1913 
0.997272 -0.0010645 -0.0737306 -3.14599 0.00147269 0.999981 0.0053772 -0.575239 0.0737205 -0.00547525 0.997256 51.1394 
0.997252 -0.00421256 -0.0738915 -3.21587 0.00454009 0.999977 0.00416313 -0.585499 0.0738693 -0.00449132 0.99725 52.0826 
0.997204 -0.00693488 -0.0743279 -3.28492 0.00717447 0.999966 0.00285294 -0.595848 0.0743029 -0.00338195 0.997222 53.0215 
0.997111 -0.00850829 -0.0754045 -3.35672 0.00884846 0.999949 0.00407414 -0.605234 0.0753631 -0.00473336 0.997137 53.9611 
0.996993 -0.0115511 -0.0765466 -3.42691 0.0122217 0.999888 0.00819625 -0.612624 0.0764403 -0.00911109 0.997024 54.9002 
0.996935 -0.0124527 -0.0771656 -3.4982 0.0135185 0.999818 0.0132062 -0.617824 0.0769843 -0.0142125 0.996923 55.8375 
0.996915 -0.0107111 -0.0776844 -3.57644 0.0119553 0.999806 0.0154702 -0.621697 0.0775008 -0.0163548 0.99685 56.7672 
0.996815 -0.00960788 -0.0790912 -3.65391 0.010564 0.999874 0.0115942 -0.626702 0.0789673 -0.0123965 0.996793 57.6834 
0.996725 -0.00810675 -0.0803877 -3.73139 0.00844566 0.999954 0.00378945 -0.631877 0.0803508 -0.0044594 0.996749 58.5871 
0.996671 -0.0064416 -0.0812182 -3.80976 0.00638537 0.999976 -0.00104226 -0.640651 0.0812207 0.000517318 0.996688 59.483 
0.996606 -0.00150739 -0.0822449 -3.89397 0.00151045 0.999995 -0.000113939 -0.65279 0.0822424 -1.36392e-05 0.996604 60.3747 
0.996533 0.00130957 -0.0831226 -3.97607 -0.00112267 0.999993 0.00221054 -0.667775 0.0831226 -0.0021128 0.99653 61.2544 
0.996432 0.0038718 -0.0842497 -4.05532 -0.00355482 0.999983 0.00383044 -0.682975 0.0842607 -0.00352062 0.99643 62.1188 
0.996339 0.00454962 -0.08531 -4.13376 -0.00425546 0.999981 0.00354645 -0.692313 0.0853223 -0.00317342 0.996341 62.9677 
0.996192 0.00627353 -0.0868984 -4.21296 -0.00590636 0.999969 0.00440045 -0.703016 0.0869211 -0.00387331 0.9962 63.8056 
0.996071 0.00711962 -0.0882182 -4.29069 -0.00669421 0.999961 0.00503768 -0.716264 0.0882483 -0.00443045 0.996082 64.629 
0.99594 0.00704368 -0.0896958 -4.3673 -0.00656693 0.99996 0.00553461 -0.727522 0.0897288 -0.00492614 0.995947 65.4405 
0.995828 0.00690405 -0.0909368 -4.44365 -0.0063256 0.999955 0.0065734 -0.735108 0.0909758 -0.00597362 0.995828 66.2394 
0.99569 0.00965259 -0.0921897 -4.52454 -0.00883103 0.999915 0.00924044 -0.741902 0.0922689 -0.00838914 0.995691 67.0263 
0.995565 0.0111488 -0.0933707 -4.60371 -0.00993353 0.999858 0.0133982 -0.748233 0.0935045 -0.0124142 0.995535 67.8004 
0.995371 0.0143167 -0.0949869 -4.68323 -0.012928 0.999798 0.01515 -0.753627 0.0951826 -0.0138545 0.995357 68.5561 
0.995203 0.0171313 -0.0962766 -4.76368 -0.0161316 0.999805 0.0110893 -0.761658 0.096446 -0.00948556 0.995287 69.2893 
0.995081 0.0171042 -0.0975375 -4.83986 -0.0168025 0.999848 0.00385013 -0.771266 0.0975865 -0.0021951 0.995219 69.999 
0.994951 0.0161989 -0.0990037 -4.91068 -0.0164697 0.999859 -0.00197986 -0.778815 0.0989558 0.00359787 0.99508 70.692 
0.994899 0.017052 -0.0993815 -4.98463 -0.0174507 0.999839 -0.00320823 -0.785816 0.0993088 0.00492367 0.995038 71.3689 
0.994781 0.0198307 -0.100045 -5.05944 -0.0198844 0.999799 0.000395686 -0.798501 0.100031 0.00159338 0.994976 72.0295 
0.994649 0.0200917 -0.101298 -5.1283 -0.0199026 0.999795 0.00281627 -0.816365 0.101332 -0.000787945 0.994846 72.6678 
0.994606 0.016973 -0.102284 -5.19249 -0.0170979 0.99985 -0.000401333 -0.82972 0.102259 0.00214527 0.99475 73.2835 
0.994719 0.00887434 -0.102213 -5.24618 -0.0094858 0.999937 -0.00555351 -0.843197 0.102155 0.00649102 0.994741 73.8813 
0.994852 0.0048099 -0.101193 -5.30066 -0.00588355 0.999926 -0.0103733 -0.855192 0.101133 0.0109129 0.994807 74.4627 
0.995152 0.00728508 -0.0980467 -5.36053 -0.00835699 0.999906 -0.0105875 -0.867424 0.0979585 0.0113536 0.99512 75.032 
0.995501 0.0122832 -0.093913 -5.42207 -0.0130462 0.999883 -0.00757752 -0.880282 0.0938068 0.00876636 0.995546 75.5883 
0.995945 0.0107238 -0.0892811 -5.46835 -0.0111655 0.999925 -0.00451425 -0.891868 0.0892236 0.0054903 0.99599 76.1325 
0.99647 0.00700974 -0.0836205 -5.5037 -0.00705258 0.999971 -0.000286119 -0.904067 0.0836141 0.000872713 0.996492 76.6656 
0.99714 0.00261161 -0.0754811 -5.53281 -0.00236726 0.999989 0.00325661 -0.918377 0.0754868 -0.00307076 0.997137 77.1867 
0.997881 0.00623589 -0.0647194 -5.56613 -0.00604333 0.999974 0.00308797 -0.927266 0.0647352 -0.00269207 0.997894 77.6917 
0.998703 0.0114766 -0.0495559 -5.59537 -0.0113576 0.999929 0.00257811 -0.934857 0.0495801 -0.00201379 0.998763 78.1844 
0.999364 0.0165405 -0.0315225 -5.60979 -0.0164448 0.999857 0.00313044 -0.940882 0.0315679 -0.00261193 0.999493 78.6666 
0.999841 0.0149397 -0.0095127 -5.60088 -0.0149009 0.999879 0.00361489 -0.946256 0.00956351 -0.00347443 0.999943 79.1368 
0.999793 0.0114553 0.0166415 -5.574 -0.0115279 0.99992 0.00455172 -0.95393 -0.0165901 -0.00474427 0.999847 79.594 
0.99888 0.0103714 0.0461279 -5.53421 -0.0106598 0.999921 0.00610952 -0.961422 -0.0460628 -0.00659585 0.998912 80.043 
0.99681 0.00996834 0.0791549 -5.47976 -0.0105954 0.999912 0.00756038 -0.968358 -0.0790744 -0.00837629 0.996829 80.4847 
0.993127 0.00993752 0.116606 -5.40722 -0.0109502 0.999905 0.00807919 -0.974349 -0.116517 -0.00930164 0.993141 80.9177 
0.987341 0.0101854 0.158277 -5.31622 -0.0115914 0.999898 0.00798446 -0.978487 -0.158181 -0.00971897 0.987358 81.3431 
0.979032 0.00993174 0.20346 -5.20545 -0.0117902 0.999896 0.0079393 -0.984775 -0.203362 -0.0101725 0.979047 81.7561 
0.967521 0.0121145 0.252495 -5.07596 -0.0140568 0.999881 0.00589964 -0.994441 -0.252395 -0.00925788 0.967576 82.1545 
0.95204 0.0130947 0.305694 -4.92418 -0.0147093 0.999884 0.00298461 -1.00333 -0.30562 -0.00733838 0.952121 82.5371 
0.932257 0.0134209 0.361546 -4.74913 -0.0146816 0.999888 0.000742845 -1.01017 -0.361498 -0.0060008 0.93235 82.9033 
0.907957 0.0141968 0.418823 -4.55218 -0.015022 0.999883 -0.00132627 -1.01485 -0.418794 -0.00508741 0.908063 83.2531 
0.878905 0.0144406 0.476777 -4.33304 -0.0145066 0.999885 -0.00354363 -1.01942 -0.476775 -0.00380185 0.879013 83.5837 
0.845444 0.012941 0.533907 -4.09177 -0.0116788 0.999911 -0.00574534 -1.02797 -0.533935 -0.00137787 0.84552 83.8911 
0.808558 0.012574 0.588281 -3.83111 -0.0105211 0.999917 -0.00691543 -1.03989 -0.58832 -0.000597629 0.808623 84.1823 
0.768542 0.0112745 0.639699 -3.55269 -0.00967883 0.999932 -0.00599988 -1.05057 -0.639723 -0.00158022 0.768598 84.4577 
0.725576 0.0109327 0.688054 -3.25832 -0.0112378 0.999924 -0.00404304 -1.0585 -0.688046 -0.00479857 0.725644 84.7178 
0.680197 0.00991567 0.732961 -2.94787 -0.0104739 0.999933 -0.0038139 -1.06605 -0.73295 -0.00508273 0.680256 84.9539 
0.633481 0.00862215 0.773708 -2.62275 -0.00729866 0.999956 -0.00517473 -1.07494 -0.773719 -0.00236892 0.633515 85.1652 
0.586546 0.00600923 0.809891 -2.28371 -0.0017982 0.999975 -0.00612546 -1.08454 -0.809907 0.00213635 0.586542 85.3534 
0.539667 0.00805721 0.841837 -1.94085 -0.00376918 0.999961 -0.00716346 -1.09548 -0.841862 0.000692415 0.539678 85.5309 
0.492153 0.0109259 0.870437 -1.5918 -0.00770621 0.999932 -0.00820354 -1.10613 -0.870466 -0.00267085 0.492204 85.6969 
0.446561 0.0130339 0.894655 -1.23466 -0.00845357 0.999905 -0.0103575 -1.11609 -0.894704 -0.00293843 0.446629 85.8406 
0.404257 0.0104766 0.914581 -0.865647 -0.00111478 0.999934 -0.0109714 -1.12259 -0.914636 0.0034154 0.404242 85.9564 
0.364834 0.00293067 0.931063 -0.483953 0.0140728 0.999858 -0.00867214 -1.12613 -0.930956 0.016266 0.364742 86.0492 
0.329559 -0.000683619 0.944129 -0.100849 0.0183994 0.999808 -0.00571017 -1.12937 -0.943945 0.0192527 0.329509 86.1436 
0.296436 0.00339593 0.955041 0.280971 0.0158906 0.999831 -0.00849978 -1.13703 -0.954909 0.0176948 0.296333 86.2437 
0.265293 0.0110648 0.964099 0.664136 0.00507663 0.999897 -0.0128847 -1.15207 -0.964143 0.00831146 0.265211 86.3486 
0.236895 0.015388 0.971407 1.0593 0.000378453 0.999867 -0.0159426 -1.17017 -0.971523 0.0041433 0.23686 86.4372 
0.211263 0.0170714 0.977274 1.46678 0.00172543 0.999833 -0.01785 -1.18577 -0.977416 0.0054563 0.211199 86.5059 
0.187945 0.0184108 0.982002 1.88478 0.00920325 0.999742 -0.0205158 -1.19672 -0.982126 0.0128922 0.187728 86.5587 
0.167926 0.0247295 0.985483 2.31073 0.0163885 0.999471 -0.0278852 -1.19662 -0.985651 0.0208319 0.167433 86.6039 
0.148267 0.0315543 0.988438 2.74597 0.018617 0.999218 -0.0347036 -1.19733 -0.98876 0.0235465 0.147565 86.6543 
0.130629 0.0323672 0.990897 3.19795 0.0161748 0.999257 -0.0347852 -1.21174 -0.991287 0.020571 0.130009 86.7097 
0.115154 0.0279152 0.99295 3.66707 0.0142758 0.999449 -0.0297658 -1.23574 -0.993232 0.0176021 0.114693 86.7587 
0.100643 0.0246523 0.994611 4.14684 0.0146422 0.999542 -0.0262681 -1.25709 -0.994803 0.017206 0.100236 86.7994 
0.0873999 0.0221982 0.99592 4.64099 0.0170276 0.999566 -0.0237857 -1.2747 -0.996016 0.0190361 0.0869849 86.8323 
0.0758463 0.0213845 0.996884 5.14824 0.0208941 0.99951 -0.0230424 -1.28978 -0.996889 0.0225759 0.0753634 86.859 
0.0657271 0.0220399 0.997589 5.66866 0.0241129 0.999423 -0.0236809 -1.30494 -0.997534 0.0256103 0.0651587 86.8833 
0.0578639 0.0225911 0.998064 6.20508 0.0261713 0.999359 -0.0241493 -1.3207 -0.997969 0.0275171 0.0572366 86.9077 
0.0522978 0.0229527 0.998363 6.75937 0.0279292 0.999304 -0.0244488 -1.33697 -0.998229 0.0291612 0.0516215 86.9311 
0.0467614 0.0240654 0.998612 7.33009 0.0291826 0.999243 -0.0254585 -1.35344 -0.998469 0.0303317 0.0460247 86.9536 
0.040788 0.0247786 0.998856 7.91955 0.0296983 0.999214 -0.0260114 -1.37053 -0.998715 0.0307245 0.040021 86.9747 
0.0364759 0.0248268 0.999021 8.52575 0.0321576 0.999137 -0.0260147 -1.389 -0.998805 0.0330743 0.0356471 86.9918 
0.0335698 0.024807 0.999125 9.15018 0.0336871 0.999089 -0.0259487 -1.40793 -0.998857 0.0345279 0.0327046 87.0083 
0.0304943 0.0243546 0.999234 9.79177 0.034531 0.999073 -0.0254152 -1.42751 -0.998928 0.0352788 0.0296262 87.0263 
0.0280692 0.0238142 0.999319 10.4503 0.0365557 0.999016 -0.0248436 -1.44723 -0.998927 0.0372274 0.0271721 87.0418 
0.0274015 0.0234873 0.999345 11.1245 0.0410181 0.998848 -0.0246099 -1.46725 -0.998772 0.0416649 0.0264076 87.054 
0.0284579 0.0231323 0.999325 11.8143 0.0445706 0.998701 -0.0243964 -1.48815 -0.998591 0.0452342 0.0273911 87.0677 
0.030906 0.0230632 0.999253 12.5197 0.0463547 0.998618 -0.024491 -1.50892 -0.998437 0.0470764 0.0297954 87.088 
0.034755 0.0230012 0.999129 13.2402 0.048837 0.998494 -0.0246938 -1.53073 -0.998192 0.0496522 0.0335804 87.1116 
0.0390923 0.0225555 0.998979 13.9777 0.04924 0.99848 -0.0244792 -1.55162 -0.998012 0.0501462 0.0379231 87.1394 
0.04312 0.0209268 0.998849 14.7311 0.0507058 0.998439 -0.0231151 -1.57303 -0.997773 0.0516436 0.0419926 87.1717 
0.0471152 0.019376 0.998699 15.4995 0.0505965 0.998475 -0.0217666 -1.59491 -0.997598 0.0515557 0.0460639 87.2103 
0.0512225 0.0172746 0.998536 16.2821 0.0474942 0.998669 -0.0197212 -1.61767 -0.997548 0.0484342 0.0503349 87.2564 
0.0552471 0.016228 0.998339 17.076 0.0466874 0.998725 -0.0188256 -1.63882 -0.997371 0.0476493 0.0544201 87.3064 
0.0592735 0.0171812 0.998092 17.874 0.0439229 0.998831 -0.0198101 -1.66233 -0.997265 0.0450126 0.0584507 87.3606 
0.0624349 0.0212513 0.997821 18.6741 0.0418475 0.998831 -0.0238992 -1.6894 -0.997162 0.0432476 0.0614742 87.4164 
0.0637007 0.0265389 0.997614 19.477 0.0360306 0.998926 -0.0288824 -1.7171 -0.997309 0.0377839 0.0626771 87.4779 
0.0635206 0.0296217 0.997539 20.286 0.0331594 0.998936 -0.0317826 -1.74823 -0.997419 0.0350961 0.062472 87.5365 
0.0636273 0.0290879 0.997547 21.0946 0.0308473 0.999033 -0.0311066 -1.7829 -0.997487 0.0327505 0.0626691 87.5929 
0.0635923 0.0272305 0.997603 21.9072 0.028024 0.999176 -0.0290675 -1.81977 -0.997573 0.0298047 0.0627781 87.6514 
0.0634336 0.026085 0.997643 22.7168 0.0290378 0.999179 -0.0279791 -1.85224 -0.997554 0.0307437 0.062625 87.705 
0.0638852 0.0254012 0.997632 23.5263 0.0265077 0.999272 -0.0271479 -1.88662 -0.997595 0.0281788 0.0631666 87.7616 
0.0639923 0.0257215 0.997617 24.3331 0.0249109 0.999308 -0.0273701 -1.92111 -0.99763 0.0266025 0.0633087 87.8189 
0.0640955 0.0262981 0.997595 25.1383 0.0220326 0.999364 -0.0277675 -1.95518 -0.997691 0.0237588 0.0634766 87.8769 
0.0629039 0.0276332 0.997635 25.9405 0.0192497 0.999389 -0.0289024 -1.98897 -0.997824 0.0210217 0.062335 87.9337 
0.0600658 0.0272342 0.997822 26.7436 0.0162732 0.99946 -0.0282655 -2.02223 -0.998052 0.0179352 0.0595913 87.9893 
0.0561503 0.0259375 0.998084 27.5464 0.0138128 0.999539 -0.0267592 -2.05516 -0.998317 0.0152884 0.0557672 88.041 
0.0512887 0.0235311 0.998405 28.3501 0.0118533 0.999629 -0.0241755 -2.08736 -0.998605 0.0130739 0.0509919 88.0877 
0.0450121 0.0214723 0.998754 29.1509 0.00968928 0.999704 -0.0219361 -2.11907 -0.99893 0.010664 0.0447921 88.1286 
0.037631 0.0216614 0.999055 29.9458 0.00924012 0.999707 -0.0220301 -2.15047 -0.99924 0.0100598 0.0374213 88.1606 
0.0289267 0.0226412 0.999324 30.7372 0.0089902 0.999689 -0.0229161 -2.17962 -0.999532 0.00964643 0.0287157 88.1843 
0.0189879 0.0230507 0.999553 31.5274 0.00936903 0.999678 -0.023238 -2.20775 -0.999766 0.00980561 0.018767 88.1996 
0.00875234 0.0220337 0.999717 32.316 0.010509 0.999692 -0.0221315 -2.23731 -0.999897 0.0106993 0.00851922 88.2057 
-0.00204919 0.021048 0.999775 33.1023 0.00942232 0.999726 -0.021034 -2.26685 -0.999944 0.00937654 -0.00224545 88.2059 
-0.0131426 0.0202427 0.999708 33.8842 0.0107841 0.999732 -0.0201076 -2.29443 -0.999846 0.0105161 -0.013356 88.1936 
-0.0241777 0.0205716 0.999495 34.6613 0.0109757 0.999725 -0.0203172 -2.32285 -0.999638 0.0104783 -0.0243953 88.1746 
-0.0352155 0.021149 0.999155 35.4341 0.0112565 0.999713 -0.0207703 -2.35192 -0.999307 0.0105149 -0.0354418 88.1472 
-0.0458631 0.0221962 0.9987 36.2008 0.0108446 0.999696 -0.0217265 -2.38028 -0.99888 0.00983356 -0.0460884 88.1134 
-0.0561863 0.0232335 0.998148 36.9604 0.011828 0.999666 -0.0226092 -2.40759 -0.998341 0.0105352 -0.0564408 88.07 
-0.0656236 0.0239409 0.997556 37.7137 0.012633 0.999644 -0.0231661 -2.43547 -0.997755 0.0110814 -0.0659011 88.0181 
-0.0752375 0.0243947 0.996866 38.4587 0.0133143 0.999627 -0.0234635 -2.46527 -0.997067 0.0115067 -0.0755329 87.9599 
-0.0845725 0.0246848 0.99611 39.1961 0.0140624 0.999615 -0.0235837 -2.4946 -0.996309 0.0120125 -0.0848853 87.8961 
-0.0931284 0.0242198 0.995358 39.9258 0.0151994 0.999614 -0.0229072 -2.52263 -0.995529 0.012995 -0.093459 87.825 
-0.100396 0.0230608 0.99468 40.6487 0.0169538 0.999618 -0.02147 -2.55087 -0.994794 0.0147076 -0.100747 87.7483 
-0.105583 0.0214096 0.994179 41.363 0.0197612 0.999607 -0.0194336 -2.57794 -0.994205 0.0175939 -0.105963 87.668 
-0.109369 0.0198105 0.993802 42.0658 0.0227491 0.999581 -0.0174279 -2.60339 -0.993732 0.0207016 -0.109771 87.586 
-0.112153 0.0186857 0.993514 42.7606 0.0243004 0.999567 -0.016062 -2.62733 -0.993385 0.0223409 -0.112557 87.5075 
-0.113845 0.0177753 0.993339 43.4383 0.0245706 0.999576 -0.0150765 -2.65108 -0.993185 0.0226901 -0.114233 87.4288 
-0.114641 0.0181641 0.99324 44.1007 0.0253297 0.999553 -0.0153614 -2.67448 -0.993075 0.0233971 -0.115047 87.3526 
-0.113642 0.0191851 0.993335 44.7486 0.0261619 0.999516 -0.0163167 -2.6974 -0.993168 0.024133 -0.114088 87.2762 
-0.110703 0.0207727 0.993635 45.3791 0.0271235 0.999463 -0.0178778 -2.72022 -0.993474 0.0249713 -0.111205 87.2066 
-0.10551 0.0212896 0.994189 45.9956 0.0271978 0.999449 -0.0185207 -2.74205 -0.994038 0.0250852 -0.106029 87.1439 
-0.0974944 0.0219926 0.994992 46.593 0.0267268 0.999444 -0.0194766 -2.76483 -0.994868 0.0246936 -0.0980263 87.0907 
-0.0863291 0.021919 0.996025 47.1707 0.0256646 0.999467 -0.0197745 -2.78835 -0.995927 0.0238552 -0.0868441 87.048 
-0.0725966 0.0222 0.997113 47.7294 0.0249138 0.999472 -0.0204427 -2.81156 -0.997041 0.0233575 -0.0731095 87.017 
-0.0553655 0.0235283 0.998188 48.2713 0.0240426 0.999455 -0.022228 -2.83414 -0.998168 0.0227681 -0.0558993 86.9986 
-0.0340597 0.026051 0.99908 48.8019 0.0224399 0.999419 -0.0252978 -2.85733 -0.999159 0.0215574 -0.0346228 86.9942 
-0.00944864 0.0290368 0.999533 49.3295 0.0204775 0.999366 -0.0288409 -2.8814 -0.999737 0.0201952 -0.0100355 87.0063 
0.0188612 0.0307774 0.999348 49.8544 0.0186326 0.999334 -0.0311306 -2.90497 -0.99964 0.0192074 0.0182769 87.035 
0.0520369 0.0303084 0.998185 50.38 0.0165146 0.999368 -0.031207 -2.92688 -0.998501 0.0181084 0.0515051 87.0823 
0.0901309 0.0279175 0.995539 50.901 0.0154133 0.99944 -0.0294235 -2.9486 -0.995802 0.0179965 0.0896518 87.1495 
0.132229 0.024113 0.990926 51.4165 0.0131022 0.999566 -0.0260721 -2.97328 -0.991124 0.0164308 0.131856 87.2413 
0.177349 0.0197403 0.98395 51.9252 0.0104979 0.999696 -0.0219483 -2.99688 -0.984085 0.0142219 0.177089 87.3606 
0.225602 0.0164955 0.97408 52.4223 0.00601097 0.999806 -0.0183226 -3.01756 -0.974193 0.00998889 0.225461 87.5075 
0.276893 0.0150001 0.960784 52.9059 0.00233578 0.999858 -0.0162818 -3.03646 -0.960891 0.00675268 0.27682 87.6821 
0.33147 0.0147204 0.943351 53.3756 0.00154168 0.999862 -0.0161418 -3.05326 -0.943457 0.0068051 0.331403 87.882 
0.389314 0.0152439 0.920979 53.825 0.00374382 0.999822 -0.0181287 -3.0702 -0.921091 0.010506 0.389189 88.1066 
0.448951 0.018497 0.893364 54.2504 0.00464816 0.999718 -0.0230315 -3.08929 -0.893538 0.014493 0.448741 88.3582 
0.508572 0.021579 0.860749 54.6511 0.00605335 0.999566 -0.0286316 -3.10887 -0.860992 0.0197721 0.508221 88.6327 
0.566763 0.025672 0.82348 55.0281 0.00213243 0.99946 -0.0326206 -3.12533 -0.823872 0.0202447 0.566402 88.9382 
0.622566 0.0281111 0.782061 55.3781 -0.00122199 0.999383 -0.0349437 -3.14324 -0.78256 0.0207996 0.622217 89.27 
0.675399 0.0287137 0.736891 55.7058 -0.00258287 0.999323 -0.0365652 -3.16172 -0.737442 0.0227932 0.675017 89.6219 
0.724433 0.0263348 0.688839 56.0077 -0.00254112 0.999361 -0.0355257 -3.18321 -0.689334 0.0239857 0.724037 89.9924 
0.769604 0.0228594 0.638109 56.2856 -0.00463048 0.999528 -0.0302124 -3.20135 -0.638499 0.020297 0.769347 90.3897 
0.810875 0.0176785 0.584947 56.5366 -0.00507125 0.999715 -0.0231734 -3.21745 -0.58519 0.0158243 0.810734 90.8073 
0.847413 0.0148514 0.530721 56.7583 -0.00703534 0.999831 -0.0167333 -3.23241 -0.53088 0.0104462 0.847375 91.2389 
0.87865 0.0111884 0.47733 56.9596 -0.00759308 0.999922 -0.00944729 -3.24465 -0.477398 0.00467612 0.878667 91.6841 
0.904281 0.011655 0.426771 57.129 -0.0109918 0.999927 -0.00400216 -3.25743 -0.426788 -0.00107222 0.904344 92.1367 
0.924472 0.0134443 0.381008 57.2771 -0.014329 0.999893 -0.000498315 -3.26947 -0.380974 -0.004999 0.924565 92.5967 
0.939762 0.0192862 0.341278 57.4043 -0.0213065 0.999767 0.00218939 -3.27733 -0.341156 -0.00932926 0.939953 93.069 
0.951661 0.0235309 0.306241 57.5211 -0.0250628 0.999682 0.00108949 -3.27868 -0.306118 -0.00871252 0.951948 93.5465 
0.960965 0.0254344 0.275491 57.6361 -0.0267867 0.999636 0.00116771 -3.27967 -0.275362 -0.00850225 0.961297 94.033 
0.967127 0.0199048 0.253505 57.7575 -0.0208798 0.999778 0.00117757 -3.28314 -0.253426 -0.0064325 0.967328 94.5244 
0.971127 0.0168839 0.237957 57.8706 -0.0178371 0.999836 0.00187449 -3.29144 -0.237887 -0.00606529 0.971268 95.0224 
0.974047 0.0210901 0.225357 57.9702 -0.0219963 0.999753 0.00153349 -3.29533 -0.225269 -0.0064511 0.97427 95.5297 
0.97607 0.0266626 0.215809 58.0644 -0.027741 0.999609 0.00199307 -3.29482 -0.215672 -0.00793251 0.976428 96.0452 
0.977123 0.0343015 0.209882 58.1596 -0.0352066 0.999377 0.000601133 -3.29572 -0.209731 -0.00797681 0.977721 96.5743 
0.977524 0.0401525 0.206956 58.2575 -0.0404091 0.999175 -0.00296385 -3.30225 -0.206905 -0.00546608 0.978341 97.104 
0.977639 0.0414875 0.20615 58.3669 -0.0412583 0.99913 -0.00538787 -3.31416 -0.206195 -0.00323849 0.9785 97.6432 
0.977182 0.0400671 0.20858 58.4858 -0.0390558 0.999193 -0.00894377 -3.32415 -0.208772 0.00059273 0.977959 98.1923 
0.97637 0.0387567 0.212591 58.608 -0.0363077 0.999219 -0.01539 -3.33072 -0.213023 0.00730719 0.977014 98.7477 
0.975456 0.0389733 0.21671 58.7373 -0.0354214 0.999164 -0.020229 -3.33835 -0.217317 0.0120561 0.976021 99.3222 
0.974276 0.043892 0.221035 58.8611 -0.0405294 0.998981 -0.0197052 -3.35061 -0.221675 0.0102396 0.975062 99.9013 
0.97283 0.046955 0.226703 58.9917 -0.0445434 0.99888 -0.0157224 -3.36391 -0.227188 0.00519664 0.973831 100.503 
0.971818 0.0440295 0.231573 59.1346 -0.0426138 0.999026 -0.0110924 -3.37801 -0.231837 0.000911153 0.972748 101.109 
0.971088 0.0396659 0.235396 59.2912 -0.0394711 0.999202 -0.00552002 -3.3904 -0.235428 -0.00393131 0.971879 101.735 
0.970295 0.0371089 0.239056 59.4467 -0.0379967 0.999274 -0.000874386 -3.4009 -0.238915 -0.00823529 0.971 102.363 
0.969723 0.0325854 0.242015 59.6073 -0.0335197 0.999434 -0.00023633 -3.40768 -0.241886 -0.00788349 0.970267 102.999 
0.969753 0.0291819 0.242328 59.7726 -0.0292458 0.999564 -0.00331402 -3.41693 -0.242319 -0.00387361 0.970183 103.642 
0.969877 0.0285773 0.241906 59.9354 -0.0268798 0.999583 -0.0102967 -3.42722 -0.242099 0.00348393 0.970241 104.294 
0.970009 0.0309297 0.241088 60.0952 -0.027647 0.99947 -0.0169672 -3.43765 -0.241485 0.00979299 0.97035 104.96 
0.970557 0.0339799 0.238453 60.2557 -0.0298753 0.999333 -0.0207854 -3.44683 -0.239001 0.0130493 0.970926 105.641 
0.971197 0.0323248 0.236068 60.4231 -0.0292475 0.999432 -0.0165044 -3.45929 -0.236468 0.00912438 0.971591 106.342 
0.971651 0.0281946 0.234723 60.5956 -0.0268665 0.999596 -0.0088319 -3.47482 -0.234878 0.00227517 0.972017 107.057 
0.972222 0.0285587 0.232302 60.7636 -0.0286556 0.999582 -0.00293698 -3.49164 -0.23229 -0.00380154 0.972634 107.781 
0.972531 0.0319438 0.230562 60.926 -0.0319631 0.999479 -0.0036308 -3.50417 -0.230558 -0.00383856 0.973045 108.512 
0.972823 0.0376476 0.228463 61.0851 -0.0367241 0.999288 -0.00827169 -3.51404 -0.228613 -0.000343479 0.973512 109.25 
0.973703 0.0385219 0.224533 61.252 -0.0363854 0.999242 -0.0136249 -3.52407 -0.224887 0.00509666 0.974366 109.998 
0.974655 0.0373195 0.220571 61.4215 -0.0345203 0.999265 -0.0165108 -3.53737 -0.221025 0.00847767 0.975226 110.757 
0.97559 0.0350591 0.216772 61.5918 -0.0325791 0.999354 -0.014982 -3.55356 -0.217158 0.00755348 0.976102 111.533 
0.976458 0.0311702 0.213435 61.7641 -0.0290775 0.99949 -0.0129146 -3.57202 -0.21373 0.00640411 0.976867 112.319 
0.976864 0.0301662 0.211714 61.9333 -0.0286736 0.999534 -0.0100934 -3.59 -0.21192 0.00378905 0.977275 113.115 
0.977229 0.0268777 0.21047 62.107 -0.0258132 0.999633 -0.00778165 -3.60371 -0.210603 0.00217128 0.977564 113.919 
0.977455 0.0217633 0.210011 62.2839 -0.0208359 0.999757 -0.006605 -3.61697 -0.210104 0.00208011 0.977672 114.728 
0.977574 0.0225096 0.209379 62.4551 -0.0219505 0.999743 -0.00497085 -3.63097 -0.209438 0.000263234 0.977817 115.544 
0.977325 0.0279541 0.209882 62.6191 -0.0271037 0.999605 -0.00690481 -3.64523 -0.209992 0.00105972 0.977698 116.364 
0.977046 0.0335971 0.210353 62.7844 -0.0321682 0.999427 -0.0101886 -3.65995 -0.210575 0.00318787 0.977568 117.188 
0.976534 0.0424224 0.211139 62.9502 -0.040849 0.999092 -0.0117867 -3.67428 -0.211446 0.00288555 0.97738 118.02 
0.975605 0.0483985 0.214125 63.118 -0.0470866 0.998825 -0.0112048 -3.69169 -0.214416 0.000848926 0.976737 118.859 
0.974814 0.0508593 0.217134 63.2933 -0.0500632 0.998701 -0.00914856 -3.71167 -0.217317 -0.00195255 0.976094 119.703 
0.974216 0.0514608 0.219664 63.477 -0.0504906 0.998672 -0.0100119 -3.72975 -0.219888 -0.00133741 0.97552 120.546 
0.973856 0.0500794 0.221567 63.664 -0.0484416 0.99874 -0.0128029 -3.74725 -0.22193 0.00173453 0.975057 121.388 
0.973898 0.0437282 0.222725 63.8628 -0.0422531 0.999039 -0.0113656 -3.76675 -0.223008 0.0016578 0.97481 122.231 
0.974101 0.0371162 0.223042 64.0627 -0.0351424 0.999297 -0.0127949 -3.78976 -0.223361 0.00462507 0.97472 123.073 
0.973814 0.0364973 0.224389 64.255 -0.0345192 0.99932 -0.0127143 -3.81318 -0.224701 0.00463554 0.974412 123.917 
0.97333 0.0391664 0.226039 64.4442 -0.0379069 0.999229 -0.0098919 -3.83152 -0.226252 0.00105941 0.974063 124.763 
0.972943 0.0412692 0.227325 64.6308 -0.0413868 0.999131 -0.00423131 -3.84676 -0.227302 -0.00529144 0.973805 125.612 
0.972538 0.0447448 0.228395 64.8184 -0.0459644 0.99894 3.88803e-05 -3.86579 -0.228152 -0.0105359 0.973564 126.455 
0.972316 0.0441119 0.229462 65.0085 -0.0438058 0.999017 -0.00641327 -3.8847 -0.229519 -0.00381606 0.973293 127.284 
0.972584 0.0399613 0.229085 65.2054 -0.0361719 0.999129 -0.0207014 -3.90684 -0.229713 0.0118472 0.973182 128.099 
0.972851 0.0377873 0.228322 65.4032 -0.0318341 0.999049 -0.029683 -3.92985 -0.229226 0.021609 0.973129 128.918 
0.973088 0.0349603 0.227757 65.5974 -0.0310339 0.999298 -0.0207757 -3.9496 -0.228323 0.0131482 0.97349 129.756 
0.973488 0.0284942 0.226948 65.7933 -0.0292774 0.999568 0.000106161 -3.97259 -0.226847 -0.00674809 0.973901 130.604 
0.973763 0.0250652 0.226174 65.9862 -0.0292963 0.99945 0.0153858 -3.99476 -0.225665 -0.0216085 0.973962 131.444 
0.97379 0.0296475 0.225501 66.164 -0.0326685 0.999416 0.0096948 -4.0055 -0.225082 -0.0168073 0.97419 132.261 
0.97393 0.0379987 0.223637 66.3353 -0.0375263 0.999273 -0.00634455 -4.01189 -0.223714 -0.0022127 0.974647 133.066 
0.974209 0.0382317 0.222378 66.5149 -0.0359614 0.999249 -0.0142305 -4.02026 -0.222754 0.00586662 0.974852 133.875 
0.97482 0.0341764 0.220353 66.6994 -0.0316581 0.999384 -0.0149297 -4.04304 -0.220727 0.00757798 0.975301 134.69 
0.975428 0.0338979 0.217687 66.8767 -0.031785 0.999405 -0.0131821 -4.07071 -0.218004 0.00593912 0.975925 135.507 
0.976247 0.0335005 0.214045 67.048 -0.0311119 0.999408 -0.0144988 -4.08816 -0.214404 0.00749522 0.976712 136.322 
0.977257 0.0345644 0.209217 67.2166 -0.0318867 0.999358 -0.0161379 -4.10844 -0.209641 0.00910003 0.977731 137.133 
0.977673 0.0396556 0.206348 67.3727 -0.037132 0.999179 -0.0160702 -4.13373 -0.206815 0.00804975 0.978343 137.945 
0.977827 0.0457593 0.204347 67.5235 -0.0433043 0.998923 -0.0164498 -4.15342 -0.20488 0.00723627 0.978755 138.754 
0.978123 0.0471805 0.202598 67.6806 -0.0451762 0.998871 -0.0144873 -4.17655 -0.203053 0.00501792 0.97915 139.563 
0.978446 0.0450714 0.201519 67.8416 -0.0440404 0.998981 -0.00957821 -4.19856 -0.201744 0.000496967 0.979434 140.371 
0.978795 0.0436863 0.200121 68.0008 -0.042634 0.999042 -0.00954573 -4.21955 -0.200346 0.000811444 0.97972 141.174 
0.979396 0.0420626 0.197511 68.1586 -0.0403836 0.999103 -0.0125011 -4.24146 -0.197859 0.00426752 0.980216 141.971 
0.980552 0.0373489 0.192666 68.3175 -0.0348702 0.999257 -0.0162194 -4.26254 -0.193129 0.00918577 0.981126 142.764 
0.981903 0.0345818 0.186191 68.4693 -0.0319253 0.999339 -0.0172252 -4.28183 -0.186663 0.0109695 0.982359 143.56 
0.983136 0.0328516 0.179894 68.6113 -0.0312277 0.999439 -0.0118279 -4.30186 -0.180182 0.00601084 0.98361 144.364 
0.984275 0.0302455 0.174029 68.7479 -0.0301128 0.999538 -0.00337957 -4.31992 -0.174051 -0.00191427 0.98473 145.171 
0.985005 0.0271825 0.170364 68.8853 -0.0286178 0.999569 0.00599989 -4.33159 -0.170127 -0.0107852 0.985358 145.978 
0.985467 0.0338808 0.166441 69.0041 -0.0358291 0.999318 0.00873887 -4.3412 -0.166031 -0.0145752 0.986009 146.78 
0.986152 0.0367473 0.161713 69.1217 -0.0379164 0.999269 0.00417308 -4.35069 -0.161441 -0.0102468 0.986825 147.576 
0.987319 0.037371 0.154283 69.2419 -0.0368833 0.999299 -0.0059965 -4.35986 -0.154399 0.000230064 0.988004 148.368 
0.98842 0.0342126 0.147827 69.3601 -0.0328668 0.99939 -0.0115093 -4.36628 -0.14813 0.0065174 0.988942 149.168 
0.98941 0.0333492 0.141256 69.4703 -0.0321964 0.999424 -0.0104091 -4.37978 -0.141522 0.00575105 0.989914 149.981 
0.990209 0.0399921 0.133729 69.5638 -0.0394205 0.999196 -0.00688822 -4.39886 -0.133898 0.00154914 0.990989 150.799 
0.991017 0.0454821 0.125755 69.6477 -0.0447974 0.998959 -0.00823603 -4.41616 -0.125999 0.00252844 0.992022 151.617 
0.992126 0.0481612 0.115599 69.7327 -0.0468563 0.998802 -0.0139457 -4.43212 -0.116131 0.00841933 0.993194 152.432 
0.993141 0.0467869 0.107138 69.816 -0.0453005 0.998839 -0.0162294 -4.4482 -0.107774 0.0112646 0.994108 153.253 
0.993973 0.0468041 0.0991175 69.8912 -0.0456982 0.998863 -0.0133554 -4.46521 -0.09963 0.00874535 0.994982 154.08 
0.994571 0.0494469 0.091553 69.9535 -0.0490877 0.998772 -0.00612584 -4.48397 -0.0917438 0.00159822 0.995776 154.916 
0.9951 0.0528393 0.0835568 70.0076 -0.0529966 0.998592 -0.000284959 -4.49738 -0.0834544 -0.00414486 0.996499 155.751 
0.995748 0.0518098 0.0761531 70.0627 -0.0521972 0.998629 0.00315953 -4.50772 -0.0758852 -0.00712132 0.997087 156.583 
0.996157 0.0526042 0.0700067 70.1128 -0.0531013 0.998572 0.00531954 -4.51565 -0.0696269 -0.00901651 0.997528 157.413 
0.996491 0.0517185 0.0657873 70.1606 -0.0520631 0.998635 0.00359487 -4.52522 -0.0655115 -0.0070074 0.997823 158.24 
0.996526 0.0565788 0.0611013 70.1978 -0.0565682 0.998394 -0.00183593 -4.53545 -0.0611069 -0.00162677 0.998126 159.063 
0.99639 0.062618 0.0573084 70.2271 -0.0622323 0.998024 -0.00842634 -4.54737 -0.057723 0.00482928 0.998317 159.886 
0.996477 0.0638803 0.05432 70.2601 -0.0633843 0.997928 -0.010725 -4.55851 -0.0548927 0.00724405 0.998461 160.71 
0.996525 0.0655419 0.0513724 70.2939 -0.0653865 0.997847 -0.00461897 -4.57049 -0.0515648 0.00124368 0.998665 161.545 
0.996471 0.0676301 0.0496894 70.3208 -0.0679967 0.997666 0.00581551 -4.57901 -0.0491804 -0.00917392 0.998743 162.383 
0.996534 0.0688754 0.046598 70.3482 -0.0695533 0.997489 0.0131783 -4.58815 -0.0455735 -0.0163738 0.998823 163.217 
0.996979 0.065568 0.0415902 70.3778 -0.0660367 0.997763 0.0100964 -4.59602 -0.0408357 -0.0128128 0.99908 164.036 
0.997935 0.0534029 0.0356401 70.4152 -0.0534432 0.998569 0.000283917 -4.60244 -0.0355748 -0.00218902 0.999361 164.848 
0.998289 0.0510478 0.0284497 70.4399 -0.0509394 0.998689 -0.00436431 -4.60354 -0.0286352 0.00290765 0.999582 165.665 
0.998254 0.0549076 0.0217168 70.4445 -0.0548525 0.998488 -0.00293364 -4.61158 -0.0218451 0.00173723 0.999756 166.491 
0.998498 0.0528778 0.0142187 70.4493 -0.0529274 0.998589 0.00347088 -4.623 -0.0140154 -0.0042184 0.999888 167.324 
0.998845 0.0475393 0.00672734 70.4579 -0.0475828 0.998839 0.00713421 -4.62992 -0.00638098 -0.00744665 0.999947 168.159 
0.999244 0.0388065 0.00109503 70.4623 -0.0388116 0.99918 0.0112471 -4.6294 -0.000658558 -0.0112818 0.999931 168.994 
0.999386 0.0346094 -0.00515184 70.4588 -0.0345447 0.999336 0.0113538 -4.63508 0.00554068 -0.0111694 0.999918 169.827 
0.999438 0.0314248 -0.0115464 70.4466 -0.0313687 0.999495 0.00465915 -4.64409 0.0116865 -0.00429483 0.999919 170.655 
0.999565 0.0223819 -0.0191369 70.4363 -0.0224848 0.99973 -0.00540258 -4.64964 0.0190098 0.00582954 0.999798 171.479 
0.999589 0.0121522 -0.025865 70.4281 -0.0123962 0.999874 -0.00949645 -4.6566 0.025746 0.00981297 0.999614 172.311 
0.999352 0.0158784 -0.0322467 70.3947 -0.0159438 0.999868 -0.00192625 -4.66584 0.0322118 0.00243912 0.999473 173.157 
0.998959 0.0265463 -0.0370501 70.3416 -0.0261361 0.999591 0.011382 -4.67204 0.0373371 -0.0104017 0.999244 174.01 
0.998634 0.0315887 -0.0415705 70.2916 -0.0308081 0.999339 0.0191783 -4.67936 0.0421484 -0.0178718 0.998947 174.86 
0.998489 0.0310195 -0.045307 70.2457 -0.0303059 0.999406 0.01626 -4.68011 0.045784 -0.0148627 0.998836 175.699 
0.998339 0.0325965 -0.0474708 70.1964 -0.0323661 0.999459 0.00552492 -4.67988 0.0476252 -0.00397941 0.998853 176.529 
0.997787 0.0432652 -0.0504655 70.1333 -0.0434989 0.999044 -0.00362751 -4.68293 0.0502603 0.00581461 0.998715 177.362 
0.99774 0.0416416 -0.0526935 70.0823 -0.0420748 0.999086 -0.00722324 -4.69104 0.0523438 0.00942326 0.99858 178.203 
0.997822 0.0363011 -0.0550476 70.0424 -0.0364825 0.999329 -0.00237781 -4.70173 0.054924 0.00438067 0.998476 179.055 
0.997829 0.0365646 -0.0547568 69.9911 -0.0362614 0.999319 0.00644105 -4.70982 0.0549546 -0.00444189 0.998475 179.914 
0.997784 0.0384068 -0.0542933 69.9339 -0.0378034 0.999211 0.0120209 -4.71597 0.0547116 -0.00994223 0.998448 180.771 
0.997695 0.0382868 -0.0559917 69.8806 -0.0377127 0.999223 0.0111951 -4.72136 0.0563768 -0.00905776 0.998364 181.62 
0.997682 0.0350505 -0.0582991 69.8286 -0.0349786 0.999384 0.00218535 -4.72853 0.058339 -0.000141731 0.998293 182.46 
0.997855 0.0243485 -0.0607534 69.7887 -0.0249582 0.999643 -0.00936192 -4.73948 0.0605028 0.0108573 0.998105 183.298 
0.997923 0.0139132 -0.0628715 69.7485 -0.0147828 0.999798 -0.0134521 -4.75162 0.062671 0.0143531 0.997927 184.143 
0.997825 0.016572 -0.0637783 69.688 -0.0171659 0.999811 -0.00883852 -4.76605 0.0636195 0.00991397 0.997921 184.997 
0.997643 0.0226138 -0.0647709 69.621 -0.0225317 0.999741 0.00193151 -4.78225 0.0647977 -0.000467633 0.997894 185.852 
0.99752 0.0237202 -0.0662329 69.5591 -0.0233971 0.999708 0.00559138 -4.79854 0.0663456 -0.00402834 0.997784 186.699 
0.997481 0.0226536 -0.0671958 69.5013 -0.0225757 0.999741 0.00186169 -4.80915 0.0672205 -0.000340078 0.997734 187.535 
0.997487 0.0228678 -0.0670437 69.4395 -0.0232101 0.999718 -0.00438596 -4.81739 0.0669243 0.00593093 0.997737 188.367 
0.997283 0.0295502 -0.067467 69.3692 -0.0299376 0.999537 -0.00479806 -4.828 0.0672939 0.00680472 0.997705 189.2 
0.997174 0.0323545 -0.0677807 69.3035 -0.0325393 0.999466 -0.00167737 -4.84271 0.0676899 0.0038779 0.997695 190.035 
0.996992 0.0361767 -0.0685297 69.2369 -0.0361527 0.999342 0.00153727 -4.85636 0.0685399 0.000944667 0.997644 190.87 
0.996855 0.0396722 -0.0685815 69.1706 -0.0394654 0.999209 0.00431506 -4.86562 0.0686983 -0.00159502 0.997633 191.699 
