1 0 -0 0 -0 1 0 0 0 -0 1 -0 
0.999979 0.000488322 -0.00644818 -0.00801747 -0.000486131 1 0.000341396 -0.00137855 0.00644834 -0.000338254 0.999979 0.0902391 
0.999909 0.00103849 -0.0134723 -0.0167085 -0.00103494 0.999999 0.00027027 -0.00246628 0.0134726 -0.000256303 0.999909 0.182281 
0.999778 0.00128906 -0.0210239 -0.0265058 -0.0012985 0.999999 -0.000435226 -0.0033382 0.0210233 0.000462429 0.999779 0.277153 
0.999541 0.00182559 -0.0302442 -0.0390322 -0.00188086 0.999997 -0.00179917 -0.00410843 0.0302408 0.00185522 0.999541 0.37772 
0.999128 0.00192289 -0.0417135 -0.054442 -0.00206435 0.999992 -0.00334853 -0.00474583 0.0417068 0.00343172 0.999124 0.487718 
0.998468 0.00179546 -0.0553045 -0.0738838 -0.002032 0.999989 -0.00422099 -0.00575266 0.0552963 0.00432691 0.998461 0.609456 
0.997436 0.00176344 -0.0715396 -0.0987014 -0.00207169 0.999989 -0.00423473 -0.00629164 0.0715313 0.00437208 0.997429 0.7433 
0.99593 0.000212148 -0.0901298 -0.126628 -0.000595994 0.999991 -0.00423193 -0.0081661 0.0901281 0.00426842 0.995921 0.887676 
0.993924 -0.000980459 -0.110068 -0.159495 0.000498712 0.99999 -0.00440423 -0.01057 0.110072 0.00432258 0.993914 1.04119 
0.991204 -0.0011522 -0.132338 -0.200736 0.000526931 0.999989 -0.00475968 -0.0141759 0.132342 0.00464808 0.991193 1.20088 
0.987691 0.00242071 -0.156398 -0.253974 -0.00342707 0.999975 -0.00616532 -0.0189943 0.156379 0.00662542 0.987675 1.36414 
0.98333 0.00668057 -0.181708 -0.315941 -0.00821023 0.999937 -0.00766734 -0.0248469 0.181645 0.00903138 0.983323 1.53141 
0.977942 0.00948861 -0.208663 -0.382838 -0.0115199 0.999897 -0.00852176 -0.0315613 0.208561 0.0107376 0.97795 1.70488 
0.971218 0.0101881 -0.237974 -0.455237 -0.0126163 0.999883 -0.00868272 -0.0354633 0.237858 0.0114352 0.971233 1.88545 
0.963165 0.0120914 -0.26864 -0.5372 -0.0148116 0.999857 -0.00810126 -0.0396023 0.268504 0.0117818 0.963206 2.0689 
0.953726 0.0139117 -0.300354 -0.629913 -0.0168107 0.999834 -0.00706977 -0.0428769 0.300205 0.0117918 0.953802 2.25487 
0.942438 0.0160218 -0.333998 -0.729144 -0.0191204 0.999799 -0.00599173 -0.0451082 0.333835 0.012033 0.942555 2.44176 
0.929988 0.0184324 -0.367128 -0.83946 -0.0219896 0.999743 -0.00550871 -0.0481042 0.366932 0.013196 0.930154 2.62567 
0.916161 0.0212287 -0.400247 -0.958079 -0.0252597 0.999669 -0.00479794 -0.0494494 0.400013 0.0145058 0.916395 2.80704 
0.900153 0.0218358 -0.435026 -1.08301 -0.0262465 0.999647 -0.00413261 -0.0491266 0.434782 0.0151379 0.900408 2.99055 
0.881717 0.0173317 -0.47146 -1.21149 -0.0222312 0.999741 -0.00482433 -0.0495239 0.471254 0.0147348 0.881874 3.17455 
0.860542 0.0124998 -0.509226 -1.35121 -0.0175912 0.999832 -0.0051849 -0.0529321 0.509076 0.0134197 0.860617 3.35771 
0.835589 0.014179 -0.549172 -1.51274 -0.0182302 0.999832 -0.00192348 -0.0582894 0.549053 0.0116187 0.835707 3.5367 
0.806652 0.0201215 -0.590684 -1.69762 -0.0233729 0.999725 0.00213677 -0.0656 0.590565 0.0120824 0.8069 3.70697 
0.774118 0.0231691 -0.632618 -1.8943 -0.0265272 0.999639 0.00415034 -0.0704251 0.632486 0.0135687 0.774453 3.87348 
0.738197 0.0225146 -0.674209 -2.10363 -0.0259589 0.999651 0.00495979 -0.0728584 0.674086 0.0138404 0.738524 4.04022 
0.698507 0.0183598 -0.715368 -2.32555 -0.0199964 0.999781 0.00613415 -0.073198 0.715324 0.01002 0.698721 4.20904 
0.655954 0.0147787 -0.754656 -2.56841 -0.0147486 0.999868 0.00676117 -0.0725982 0.754657 0.00669507 0.656086 4.37256 
0.611392 0.0143513 -0.791198 -2.83454 -0.0120951 0.999888 0.00879028 -0.0727882 0.791235 0.0041953 0.611497 4.5241 
0.563496 0.0150157 -0.825982 -3.12017 -0.00965364 0.999886 0.0115913 -0.0709133 0.826062 0.00144206 0.563577 4.66631 
0.512595 0.015719 -0.858486 -3.42463 -0.00806922 0.999876 0.0134898 -0.0680017 0.858592 1.24841e-05 0.512659 4.79574 
0.460016 0.0172228 -0.887743 -3.75112 -0.00706974 0.999851 0.0157343 -0.0645028 0.887882 -0.000961913 0.46007 4.91071 
0.40565 0.0193988 -0.913823 -4.0993 -0.00584212 0.999809 0.0186308 -0.0603463 0.91401 -0.00221891 0.405686 5.01384 
0.350494 0.0214319 -0.93632 -4.46798 -0.0052238 0.999767 0.0209288 -0.0561583 0.93655 -0.00244428 0.350525 5.10126 
0.295584 0.024566 -0.955001 -4.85589 -0.00282793 0.999687 0.0248402 -0.0543684 0.955313 -0.00464168 0.295561 5.17654 
0.241989 0.0264783 -0.969918 -5.25615 0.00174636 0.999614 0.0277247 -0.0535112 0.970278 -0.00840288 0.241849 5.23979 
0.191182 0.026934 -0.981185 -5.67401 0.00452263 0.999589 0.0283204 -0.05001 0.981544 -0.00985188 0.190981 5.28396 
0.143742 0.0280512 -0.989218 -6.10742 0.0025846 0.999584 0.0287207 -0.0445181 0.989612 -0.0066851 0.14361 5.30572 
0.101357 0.0283582 -0.994446 -6.55721 0.000654554 0.999592 0.0285716 -0.0344477 0.99485 -0.00354686 0.101297 5.31189 
0.0635092 0.0269122 -0.997618 -7.02387 -0.000616726 0.999637 0.0269274 -0.0237869 0.997981 -0.00109488 0.0635027 5.30754 
0.0290715 0.0242737 -0.999283 -7.50648 0.000471805 0.999705 0.0242977 -0.0163137 0.999577 -0.00117783 0.0290514 5.29455 
-0.00233351 0.0216095 -0.999764 -8.00536 0.0010323 0.999766 0.0216071 -0.0115226 0.999997 -0.000981639 -0.00235527 5.26941 
-0.0288515 0.0197895 -0.999388 -8.51968 0.000511668 0.999804 0.019783 -0.00630068 0.999584 5.94136e-05 -0.028856 5.23123 
-0.0496307 0.0174019 -0.998616 -9.0489 8.4235e-05 0.999848 0.0174192 0.00280998 0.998768 0.000780406 -0.0496246 5.185 
-0.0658928 0.0165461 -0.99769 -9.59639 0.000633675 0.999863 0.0165403 0.0139524 0.997827 0.000457676 -0.0658942 5.13486 
-0.0789625 0.0170414 -0.996732 -10.1587 0.00150172 0.999855 0.0169758 0.0205571 0.996876 -0.000156362 -0.0789766 5.08023 
-0.088539 0.01821 -0.995906 -10.7374 0.000326 0.999833 0.0182528 0.0218367 0.996073 0.00129142 -0.0885301 5.0168 
-0.0952748 0.0196437 -0.995257 -11.3302 -0.00152212 0.999801 0.0198791 0.0226731 0.99545 0.00340887 -0.0952259 4.94907 
-0.0997319 0.0206431 -0.9948 -11.9371 -0.00136269 0.999781 0.0208831 0.0298342 0.995013 0.00343831 -0.0996819 4.88194 
-0.101149 0.0213034 -0.994643 -12.5591 0.000843252 0.999772 0.0213275 0.0407106 0.994871 0.00131852 -0.101144 4.8179 
-0.100202 0.0234785 -0.99469 -13.1989 0.00288024 0.999724 0.0233072 0.0501488 0.994963 -0.00052951 -0.100242 4.75346 
-0.0986469 0.0259649 -0.994784 -13.8551 0.00211553 0.999663 0.0258824 0.0560252 0.99512 0.000448723 -0.0986686 4.68451 
-0.0969099 0.0259351 -0.994955 -14.5235 -0.000222833 0.99966 0.0260795 0.0628243 0.995293 0.00274907 -0.0968712 4.61224 
-0.0952915 0.0233504 -0.995176 -15.2041 -0.00205773 0.999718 0.023654 0.0728874 0.995447 0.00430183 -0.0952166 4.5409 
-0.0939383 0.0232281 -0.995307 -15.9038 -0.00232967 0.99972 0.023551 0.0866653 0.995575 0.00453107 -0.0938578 4.47118 
-0.092189 0.0259162 -0.995404 -16.6227 -0.00205141 0.999654 0.0262168 0.101646 0.995739 0.00445888 -0.092104 4.40179 
-0.0903026 0.0294073 -0.99548 -17.3565 -0.00310691 0.999551 0.0298094 0.113938 0.99591 0.00578474 -0.0901707 4.32984 
-0.0885227 0.0315501 -0.995574 -18.1042 -0.00351028 0.999482 0.031986 0.123628 0.996068 0.00632624 -0.0883661 4.25882 
-0.0867193 0.0308796 -0.995754 -18.8637 -0.005277 0.999491 0.0314551 0.13892 0.996219 0.00798235 -0.0865122 4.18643 
-0.0850214 0.0278104 -0.995991 -19.6355 -0.00770234 0.999562 0.0285676 0.155323 0.996349 0.0101003 -0.08477 4.11348 
-0.0834706 0.0271929 -0.996139 -20.4242 -0.00857784 0.999571 0.0280054 0.171054 0.996473 0.0108823 -0.0832016 4.04062 
-0.0819647 0.029571 -0.996196 -21.2265 -0.00594584 0.999527 0.0301591 0.18588 0.996617 0.00839521 -0.0817501 3.97469 
-0.0808834 0.0316944 -0.99622 -22.0355 -0.00379451 0.999477 0.0321061 0.199709 0.996716 0.00637701 -0.0807209 3.9094 
-0.0796448 0.0334434 -0.996262 -22.8517 -0.00285467 0.999425 0.0337778 0.213261 0.996819 0.00553423 -0.0795035 3.84104 
-0.0789849 0.0288175 -0.996459 -23.6674 -0.00273305 0.999572 0.0291242 0.224844 0.996872 0.00502375 -0.0788724 3.77229 
-0.0787762 0.0218514 -0.996653 -24.4878 -0.00124495 0.999757 0.0220178 0.234706 0.996892 0.00297526 -0.0787298 3.70642 
-0.0788532 0.0173335 -0.996736 -25.3181 0.00178477 0.99985 0.0172465 0.246195 0.996885 -0.000419005 -0.0788723 3.64102 
-0.0794119 0.0181216 -0.996677 -26.1592 0.00287132 0.999835 0.0179502 0.255662 0.996838 -0.00143631 -0.0794508 3.57263 
-0.0793735 0.0255808 -0.996517 -27.0132 0.00232193 0.999673 0.0254768 0.261529 0.996842 -0.000291654 -0.0794069 3.49804 
-0.0796627 0.0326718 -0.996286 -27.8706 0.000880225 0.999465 0.0327056 0.273527 0.996821 0.00172846 -0.0796488 3.42258 
-0.0799736 0.0379922 -0.996073 -28.7268 -0.00118798 0.999269 0.0382095 0.286509 0.996796 0.00423907 -0.07987 3.34478 
-0.0803388 0.0383229 -0.996031 -29.5779 -0.00287201 0.999248 0.0386783 0.300267 0.996763 0.00596798 -0.0801683 3.26807 
-0.0807086 0.0348423 -0.996129 -30.425 -0.00293701 0.999376 0.0351939 0.31553 0.996733 0.00576609 -0.0805559 3.19374 
-0.0810814 0.0321019 -0.99619 -31.2728 -0.00310453 0.999468 0.0324602 0.332581 0.996703 0.00572463 -0.0809386 3.11916 
-0.0811943 0.0333182 -0.996141 -32.1235 -0.00466759 0.999417 0.0338082 0.348137 0.996687 0.00739461 -0.0809914 3.0422 
-0.0810678 0.0356951 -0.996069 -32.975 -0.00549645 0.999327 0.0362592 0.360605 0.996693 0.0084143 -0.0808171 2.96566 
-0.0809671 0.0340879 -0.996134 -33.8211 -0.00631289 0.999377 0.034712 0.371621 0.996697 0.00909901 -0.0807015 2.89038 
-0.0805533 0.0289274 -0.99633 -34.6624 -0.00715633 0.999536 0.0295991 0.384392 0.996725 0.00951438 -0.0803089 2.8145 
-0.0803568 0.0247684 -0.996458 -35.5029 -0.00854394 0.999637 0.0255364 0.396645 0.99673 0.0105657 -0.080116 2.73967 
-0.0798216 0.0255279 -0.996482 -36.3475 -0.00805428 0.999623 0.0262535 0.406683 0.996777 0.0101215 -0.0795859 2.66676 
-0.0792055 0.0280179 -0.996464 -37.1929 -0.00701401 0.999565 0.0286625 0.414131 0.996834 0.00925944 -0.0789745 2.59522 
-0.0787636 0.0329044 -0.99635 -38.0405 -0.00674811 0.999415 0.0335391 0.426739 0.99687 0.00936513 -0.0784954 2.52316 
-0.0781703 0.0384729 -0.996197 -38.888 -0.00588017 0.99922 0.039051 0.44338 0.996923 0.00891044 -0.0778831 2.45338 
-0.0783429 0.0416395 -0.996056 -39.7322 -0.00603668 0.999089 0.0422411 0.459249 0.996908 0.00932216 -0.0780202 2.3824 
-0.0780735 0.041513 -0.996083 -40.5712 -0.00574092 0.999097 0.0420886 0.478222 0.996931 0.00900443 -0.0777647 2.31247 
-0.0779637 0.0370479 -0.996268 -41.4049 -0.00558099 0.999277 0.0375966 0.498876 0.996941 0.00849133 -0.0777006 2.24292 
-0.0775874 0.0327308 -0.996448 -42.2383 -0.00663103 0.999422 0.0333448 0.513518 0.996963 0.00919461 -0.0773255 2.17127 
-0.0774371 0.0299621 -0.996547 -43.0717 -0.0104941 0.999468 0.0308654 0.527248 0.996942 0.0128479 -0.0770815 2.09532 
-0.0779506 0.0281726 -0.996559 -43.9051 -0.0137594 0.999475 0.0293313 0.539538 0.996862 0.0159984 -0.0775221 2.01886 
-0.0786368 0.0263186 -0.996556 -44.7368 -0.011524 0.999561 0.0273073 0.545885 0.996837 0.0136317 -0.078299 1.9501 
-0.0798499 0.0226294 -0.99655 -45.5655 -0.00802312 0.999695 0.0233436 0.553066 0.996775 0.00985943 -0.079644 1.88464 
-0.0805248 0.0211121 -0.996529 -46.3936 -0.00377466 0.999762 0.0214856 0.562018 0.996745 0.00549169 -0.080426 1.81642 
-0.0823965 0.0246108 -0.996296 -47.225 -0.00339594 0.999682 0.0249754 0.568419 0.996594 0.00544124 -0.0822868 1.74381 
-0.0841337 0.0308784 -0.995976 -48.0554 -0.000923928 0.999517 0.0310662 0.574321 0.996454 0.00353392 -0.0840645 1.67191 
-0.085986 0.0346516 -0.995694 -48.8804 0.000911426 0.999397 0.0347018 0.582986 0.996296 0.00207637 -0.0859658 1.59955 
-0.0875375 0.0337511 -0.995589 -49.6962 0.000969759 0.999428 0.033796 0.593306 0.996161 0.00199293 -0.0875202 1.52473 
-0.0885855 0.0299123 -0.995619 -50.5045 -0.00234646 0.99954 0.0302389 0.600835 0.996066 0.00501491 -0.0884746 1.44164 
-0.0898281 0.0262284 -0.995612 -51.3095 -0.00708808 0.999611 0.0269732 0.610993 0.995932 0.00947993 -0.0896073 1.35527 
-0.0911405 0.0247012 -0.995532 -52.1135 -0.0112969 0.999602 0.0258365 0.619761 0.995774 0.0136012 -0.0908252 1.26815 
-0.0921523 0.02583 -0.99541 -52.9162 -0.012909 0.999548 0.0271324 0.625075 0.995661 0.01535 -0.0917773 1.18401 
-0.093106 0.027347 -0.995281 -53.7151 -0.0127374 0.999508 0.0286547 0.631774 0.995575 0.0153452 -0.0927119 1.10337 
-0.0940181 0.0268603 -0.995208 -54.5082 -0.0146597 0.99949 0.0283608 0.638544 0.995463 0.0172558 -0.0935764 1.01928 
-0.0945073 0.0266834 -0.995166 -55.2975 -0.0154368 0.999481 0.0282651 0.645439 0.995404 0.0180334 -0.0940464 0.935053 
-0.0949904 0.0284661 -0.995071 -56.0836 -0.0138566 0.999456 0.0299143 0.654358 0.995382 0.0166299 -0.0945443 0.85498 
-0.095271 0.0313332 -0.994958 -56.8663 -0.0129071 0.999382 0.0327085 0.665121 0.995368 0.0159582 -0.0948077 0.77649 
-0.095444 0.0355126 -0.994801 -57.6445 -0.0131331 0.999232 0.0369308 0.675637 0.995348 0.0165896 -0.0949043 0.695481 
-0.0959868 0.0376089 -0.994672 -58.4145 -0.013075 0.999152 0.03904 0.687377 0.995297 0.0167526 -0.0954137 0.615317 
-0.0966678 0.0375723 -0.994607 -59.1761 -0.0127025 0.999159 0.0389788 0.700823 0.995236 0.016402 -0.0961093 0.536724 
-0.0969372 0.0355702 -0.994655 -59.9271 -0.0119127 0.999248 0.0368955 0.713499 0.995219 0.0154256 -0.0964406 0.458796 
-0.0971163 0.0320338 -0.994757 -60.6661 -0.0116277 0.999377 0.0333178 0.724001 0.995205 0.0148025 -0.0966833 0.381105 
-0.0968553 0.0291917 -0.99487 -61.3925 -0.011985 0.999463 0.0304933 0.73267 0.995226 0.0148769 -0.0964534 0.304502 
-0.0955665 0.0268413 -0.995061 -62.1061 -0.0125807 0.999524 0.02817 0.740594 0.995344 0.0152107 -0.0951833 0.229189 
-0.0932345 0.0261192 -0.995302 -62.8055 -0.0149126 0.999507 0.0276265 0.745673 0.995532 0.0174183 -0.092799 0.156125 
-0.0891786 0.0270586 -0.995648 -63.4898 -0.0153292 0.999475 0.0285356 0.749719 0.995898 0.0178073 -0.088717 0.0908793 
-0.0833441 0.0285984 -0.99611 -64.1599 -0.0146432 0.999445 0.0299194 0.755064 0.996413 0.0170799 -0.0828791 0.0342738 
-0.0761708 0.0301194 -0.99664 -64.8156 -0.013875 0.999415 0.0312637 0.759892 0.996998 0.0162097 -0.0757083 -0.0155342 
-0.0674299 0.0315032 -0.997227 -65.4581 -0.0149068 0.999358 0.0325785 0.76401 0.997613 0.0170622 -0.066917 -0.0610927 
-0.0555868 0.033192 -0.997902 -66.0849 -0.0171492 0.999268 0.0341927 0.769371 0.998307 0.0190139 -0.0549769 -0.098837 
-0.0407687 0.034719 -0.998565 -66.6956 -0.0202837 0.999161 0.0355679 0.776932 0.998963 0.0217046 -0.0400303 -0.125068 
-0.0223731 0.0359749 -0.999102 -67.2876 -0.0219346 0.999094 0.0364658 0.784775 0.999509 0.0227307 -0.0215637 -0.135622 
-0.000254551 0.0368431 -0.999321 -67.8594 -0.0229214 0.999058 0.0368393 0.790981 0.999737 0.0229152 0.000590184 -0.129106 
0.02517 0.0372322 -0.99899 -68.4095 -0.0223883 0.999077 0.0366713 0.796338 0.999432 0.0214426 0.0259803 -0.103094 
0.0543265 0.0367971 -0.997845 -68.9355 -0.0209887 0.999142 0.0357022 0.802683 0.998303 0.0190039 0.0550522 -0.0563141 
0.0882398 0.0367782 -0.99542 -69.4394 -0.0198321 0.999185 0.0351593 0.808588 0.995902 0.0166389 0.0888973 0.00936156 
0.125685 0.0370629 -0.991378 -69.9233 -0.0192341 0.999205 0.034917 0.814314 0.991884 0.0146797 0.126298 0.0943472 
0.166195 0.0368357 -0.985405 -70.3928 -0.0190958 0.999235 0.0341321 0.817382 0.985908 0.0131445 0.166771 0.201052 
0.211044 0.0377973 -0.976746 -70.8532 -0.0180836 0.999232 0.0347602 0.820914 0.977309 0.0103271 0.211565 0.331119 
0.25914 0.0365421 -0.965148 -71.3005 -0.0148417 0.999317 0.0338508 0.821675 0.965726 0.00555238 0.259505 0.486862 
0.309043 0.0317181 -0.950519 -71.7279 -0.00716477 0.999493 0.0310228 0.820977 0.951021 -0.00277715 0.309114 0.671726 
0.36028 0.0264225 -0.93247 -72.1429 -0.00196573 0.999618 0.0275658 0.822911 0.932842 -0.00809841 0.360194 0.877724 
0.412332 0.0215847 -0.910778 -72.5429 0.00325552 0.999678 0.0251655 0.82872 0.911028 -0.0133416 0.412129 1.10561 
0.463167 0.0210836 -0.88602 -72.9322 0.00292871 0.999675 0.0253191 0.83678 0.886266 -0.0143219 0.462955 1.35069 
0.511032 0.0198702 -0.859332 -73.3039 0.00448573 0.999658 0.0257825 0.842233 0.85955 -0.0170304 0.510768 1.61531 
0.555755 0.0157412 -0.831197 -73.6541 0.0121049 0.999562 0.0270233 0.844416 0.831258 -0.0250798 0.555321 1.90806 
0.599201 0.00933522 -0.800544 -73.9806 0.0224928 0.999341 0.0284891 0.844351 0.800283 -0.0350772 0.598596 2.22403 
0.641431 0.00456462 -0.767167 -74.2963 0.0237694 0.999384 0.02582 0.84348 0.766812 -0.0347969 0.640927 2.54272 
0.682522 -7.71651e-05 -0.730865 -74.6039 0.0205984 0.999605 0.0191304 0.845799 0.730575 -0.0281116 0.682253 2.87391 
0.722945 -0.00680595 -0.690872 -74.8972 0.0169938 0.999824 0.00793314 0.849629 0.690697 -0.0174757 0.722933 3.22764 
0.762194 -0.00952108 -0.647278 -75.1838 0.0123458 0.999924 -0.000170701 0.852396 0.647231 -0.00786103 0.762254 3.6119 
0.799199 -0.01061 -0.600973 -75.46 0.0110569 0.999935 -0.00294967 0.850831 0.600965 -0.0042875 0.799264 4.03643 
0.833188 -0.0121191 -0.552857 -75.7205 0.0113869 0.999924 -0.00475855 0.850088 0.552873 -0.00233057 0.833262 4.49707 
0.863856 -0.0106991 -0.503626 -75.9716 0.00835183 0.999941 -0.00691717 0.84542 0.50367 0.00176924 0.863894 4.98608 
0.889964 -0.00907508 -0.455941 -76.2076 0.00746634 0.999958 -0.00532949 0.833475 0.45597 0.00133884 0.889994 5.50947 
0.911299 -0.00265415 -0.411737 -76.4354 0.000990803 0.99999 -0.00425321 0.823907 0.411745 0.00346799 0.911293 6.05841 
0.928908 0.00147282 -0.370309 -76.6487 -0.00392429 0.999975 -0.00586676 0.818127 0.370291 0.00690288 0.92889 6.62912 
0.94257 0.00667423 -0.333943 -76.8479 -0.00863009 0.999953 -0.00437365 0.811204 0.333898 0.00700442 0.942583 7.22315 
0.952696 0.00749177 -0.303832 -77.0307 -0.00862633 0.99996 -0.0023921 0.800114 0.303802 0.0048999 0.952723 7.84129 
0.960126 0.00683458 -0.279483 -77.1993 -0.00739989 0.999972 -0.000967655 0.791823 0.279468 0.00299721 0.96015 8.47451 
0.965994 0.00708533 -0.258466 -77.3635 -0.00705392 0.999975 0.00104887 0.785623 0.258466 0.00080999 0.96602 9.12554 
0.970679 0.00969514 -0.240185 -77.5253 -0.00909187 0.999952 0.00361969 0.78084 0.240209 -0.00132982 0.97072 9.79441 
0.97429 0.0145887 -0.224826 -77.6864 -0.0137777 0.999892 0.00517593 0.776025 0.224877 -0.00194529 0.974385 10.4782 
0.977198 0.0184013 -0.211531 -77.8425 -0.0174371 0.999827 0.0064227 0.770059 0.211613 -0.00258776 0.97735 11.1798 
0.979954 0.0170379 -0.198492 -77.9851 -0.0161459 0.999851 0.00611166 0.766645 0.198566 -0.00278433 0.980084 11.9009 
0.982625 0.0170803 -0.184812 -78.1201 -0.0163107 0.999851 0.00568408 0.763443 0.184882 -0.00257091 0.982757 12.6389 
0.985246 0.0175086 -0.170246 -78.2497 -0.0166971 0.999841 0.0061973 0.762675 0.170328 -0.00326325 0.985382 13.3951 
0.98756 0.0190501 -0.156087 -78.3732 -0.0182358 0.999812 0.00664722 0.759818 0.156184 -0.00371816 0.987721 14.1666 
0.989461 0.019206 -0.143521 -78.4864 -0.0188525 0.999815 0.00382237 0.751534 0.143568 -0.00107634 0.98964 14.9468 
0.990979 0.0198656 -0.132535 -78.5946 -0.0202371 0.999794 -0.00145683 0.740956 0.132479 0.00412582 0.991177 15.7375 
0.992242 0.0178595 -0.123032 -78.6927 -0.0189525 0.999791 -0.00771873 0.734379 0.122868 0.0099906 0.992373 16.541 
0.993202 0.0177122 -0.115051 -78.7872 -0.0187567 0.999792 -0.00800223 0.726025 0.114885 0.0101058 0.993327 17.3618 
0.993921 0.0197427 -0.108307 -78.8837 -0.0200617 0.999797 -0.00185656 0.71276 0.108249 0.00401811 0.994116 18.1952 
0.994371 0.0242177 -0.103149 -78.9815 -0.0236891 0.999699 0.00634657 0.697528 0.103272 -0.00386733 0.994646 19.0324 
0.994787 0.0249281 -0.0988828 -79.0716 -0.0240531 0.99966 0.0100308 0.686358 0.0990993 -0.0076001 0.995049 19.8674 
0.995149 0.0237356 -0.0954697 -79.1539 -0.0229916 0.999696 0.00888617 0.679807 0.0956516 -0.00664806 0.995393 20.6915 
0.995447 0.0235399 -0.0923679 -79.2353 -0.0229005 0.999706 0.0079763 0.672523 0.0925285 -0.00582471 0.995693 21.5157 
0.995743 0.022146 -0.0894679 -79.3115 -0.0213218 0.999721 0.0101576 0.666192 0.0896679 -0.00820675 0.995938 22.3411 
0.995998 0.020218 -0.0870614 -79.3843 -0.0191918 0.999736 0.0126088 0.659067 0.0872934 -0.0108875 0.996123 23.1698 
0.996295 0.0181559 -0.0840688 -79.4565 -0.017014 0.999753 0.0142789 0.6516 0.0843073 -0.0127956 0.996358 23.9993 
0.996526 0.0174606 -0.0814312 -79.5261 -0.0166399 0.999804 0.0107465 0.642728 0.0816028 -0.00935418 0.996621 24.8127 
0.996609 0.0201625 -0.0797711 -79.6001 -0.0199555 0.999795 0.00339094 0.635009 0.0798231 -0.00178757 0.996807 25.6236 
0.996732 0.0207446 -0.0780682 -79.6712 -0.0211319 0.999768 -0.00413832 0.6221 0.0779642 0.00577452 0.996939 26.4318 
0.996812 0.0215563 -0.0768191 -79.7386 -0.0222529 0.999719 -0.0082241 0.607794 0.0766202 0.00990733 0.997011 27.2411 
0.996941 0.0230485 -0.0746811 -79.8063 -0.0235989 0.9997 -0.00649581 0.589856 0.074509 0.00823833 0.997186 28.0531 
0.997048 0.0264225 -0.0720932 -79.8787 -0.0266683 0.999641 -0.00244819 0.570024 0.0720027 0.00436356 0.997395 28.866 
0.997117 0.029911 -0.0697313 -79.9473 -0.0297953 0.999552 0.00269988 0.55219 0.0697809 -0.000614432 0.997562 29.6819 
0.997357 0.0275124 -0.0672401 -80.0059 -0.0272706 0.999618 0.00451094 0.541257 0.0673385 -0.00266534 0.997727 30.4846 
0.997508 0.0247241 -0.0660754 -80.0583 -0.0244917 0.999691 0.00432408 0.528905 0.0661618 -0.002695 0.997805 31.2768 
0.997624 0.0228311 -0.0650065 -80.1106 -0.0225896 0.999735 0.00444839 0.514729 0.0650908 -0.00296936 0.997875 32.0664 
0.997709 0.0222803 -0.0638834 -80.1673 -0.0221593 0.999751 0.00260106 0.505249 0.0639254 -0.00117949 0.997954 32.8574 
0.997794 0.0202675 -0.0632155 -80.2184 -0.0202256 0.999795 0.00130266 0.4957 0.0632289 -2.12113e-05 0.997999 33.6496 
0.997857 0.0193759 -0.0624952 -80.2714 -0.0193241 0.999812 0.00143343 0.483635 0.0625113 -0.000222693 0.998044 34.4513 
0.997844 0.0225086 -0.0616521 -80.3301 -0.0223992 0.999746 0.00246553 0.473323 0.0616919 -0.00107926 0.998095 35.256 
0.997849 0.0222402 -0.0616596 -80.3858 -0.0221865 0.999753 0.00155556 0.462793 0.0616789 -0.000184198 0.998096 36.0636 
0.99775 0.0217268 -0.0634234 -80.4413 -0.0216729 0.999764 0.00153747 0.450917 0.0634418 -0.000159446 0.997986 36.8769 
0.997663 0.0194865 -0.0654922 -80.4977 -0.0193934 0.99981 0.00205631 0.440962 0.0655198 -0.000781381 0.997851 37.6969 
0.997422 0.0212513 -0.0685386 -80.5636 -0.0211717 0.999774 0.00188722 0.430942 0.0685632 -0.000431281 0.997647 38.5208 
0.997142 0.024732 -0.0713817 -80.6354 -0.0246718 0.999694 0.00172601 0.417206 0.0714025 4.00294e-05 0.997448 39.3423 
0.996945 0.0253005 -0.0738952 -80.7081 -0.0256074 0.999667 -0.00320935 0.404818 0.0737894 0.00509181 0.997261 40.1651 
0.996741 0.0261363 -0.076312 -80.7813 -0.0267255 0.99962 -0.00670867 0.393989 0.0761077 0.00872628 0.997061 40.996 
0.99662 0.0252085 -0.0781917 -80.8548 -0.0259451 0.999628 -0.00841856 0.381311 0.0779503 0.0104188 0.996903 41.8347 
0.996439 0.0254665 -0.0803834 -80.9305 -0.0261095 0.999635 -0.00695805 0.364229 0.0801769 0.00903204 0.99674 42.6787 
0.996302 0.0239829 -0.0825078 -81.0053 -0.0245774 0.999679 -0.00619643 0.346346 0.0823326 0.00820134 0.996571 43.5257 
0.996167 0.0233796 -0.0842843 -81.0823 -0.0238423 0.999706 -0.00448746 0.332846 0.0841546 0.00647979 0.996432 44.3811 
0.996088 0.0230766 -0.0853033 -81.1629 -0.0232315 0.99973 -0.000823222 0.319084 0.0852612 0.00280172 0.996355 45.2407 
0.996018 0.0228873 -0.086165 -81.2447 -0.022633 0.999736 0.00392681 0.306813 0.0862321 -0.001961 0.996273 46.1103 
0.996075 0.0229294 -0.0854893 -81.3253 -0.022498 0.999729 0.00600714 0.296236 0.0856038 -0.00406023 0.996321 46.9797 
0.996174 0.0259835 -0.083445 -81.4088 -0.0255645 0.999655 0.00608531 0.287819 0.0835743 -0.0039288 0.996494 47.8519 
0.996329 0.0261008 -0.0815348 -81.488 -0.0257983 0.999656 0.00476107 0.280121 0.081631 -0.00264013 0.996659 48.7285 
0.996519 0.023659 -0.0799414 -81.5622 -0.0235337 0.99972 0.00250854 0.269766 0.0799784 -0.000618488 0.996796 49.608 
0.996733 0.0198989 -0.0782784 -81.6304 -0.0198903 0.999802 0.00088901 0.257883 0.0782806 0.000670876 0.996931 50.4899 
0.996904 0.0186843 -0.0763716 -81.7018 -0.0186973 0.999825 0.000544706 0.247829 0.0763684 0.000884921 0.997079 51.375 
0.99702 0.0163922 -0.0753878 -81.7713 -0.0162027 0.999864 0.00312441 0.234073 0.0754288 -0.00189361 0.997149 52.2621 
0.997119 0.0136251 -0.0746149 -81.8375 -0.0132398 0.999896 0.00565644 0.221182 0.0746842 -0.00465227 0.997196 53.15 
0.997195 0.0132509 -0.0736698 -81.9076 -0.0128487 0.9999 0.00593015 0.208276 0.073741 -0.00496695 0.997265 54.0315 
0.997251 0.0146252 -0.0726393 -81.9809 -0.0144669 0.999892 0.00270545 0.19446 0.072671 -0.00164715 0.997355 54.908 
0.997251 0.0172076 -0.0720668 -82.0536 -0.0174757 0.999843 -0.00309106 0.179002 0.0720023 0.00434198 0.997395 55.7777 
0.997295 0.01892 -0.0710232 -82.1249 -0.0195729 0.999772 -0.00850702 0.160423 0.070846 0.00987413 0.997438 56.6433 
0.997247 0.0235112 -0.0703263 -82.1987 -0.0245679 0.999597 -0.0141991 0.13619 0.0699642 0.0158877 0.997423 57.5036 
0.997321 0.023409 -0.0692962 -82.2665 -0.0245028 0.999588 -0.0149754 0.110175 0.0689171 0.0166333 0.997484 58.3669 
0.997405 0.0203165 -0.0690691 -82.3279 -0.0209932 0.999738 -0.00908549 0.0905602 0.0688664 0.0105119 0.997571 59.2341 
0.997383 0.0197611 -0.0695453 -82.3927 -0.0198085 0.999804 8.77664e-06 0.0673013 0.0695318 0.00136883 0.997579 60.0998 
0.997322 0.0187321 -0.0706922 -82.459 -0.0182254 0.999803 0.00780569 0.0477194 0.0708245 -0.0064964 0.997468 60.9606 
0.997183 0.0167105 -0.0731267 -82.5228 -0.0163504 0.999851 0.00551947 0.0366767 0.0732081 -0.00430826 0.997307 61.8086 
0.997101 0.0116748 -0.0751819 -82.5858 -0.0115554 0.999931 0.0020221 0.0236572 0.0752003 -0.00114748 0.997168 62.6492 
0.99692 0.010251 -0.0777534 -82.6548 -0.0102371 0.999947 0.000577457 0.00805662 0.0777552 0.00022029 0.996972 63.4883 
0.996683 0.0124383 -0.0804206 -82.7309 -0.0126189 0.999919 -0.00173866 -0.0101285 0.0803925 0.00274772 0.996759 64.3203 
0.996383 0.0140457 -0.0838091 -82.8099 -0.0145199 0.999882 -0.00505056 -0.0289504 0.0837282 0.00624919 0.996469 65.1461 
0.996025 0.0145834 -0.0878672 -82.8899 -0.0153793 0.999847 -0.00838753 -0.0476692 0.0877314 0.00970553 0.996097 65.9653 
0.995714 0.0165389 -0.0909938 -82.9742 -0.0177243 0.999768 -0.0122349 -0.0707675 0.0907703 0.0137953 0.995776 66.7787 
0.995334 0.0212535 -0.0941147 -83.0656 -0.0225048 0.999672 -0.0122538 -0.0951024 0.0938234 0.0143146 0.995486 67.5898 
0.994916 0.0248297 -0.097597 -83.1592 -0.0259792 0.999607 -0.0105249 -0.114427 0.0972973 0.0130069 0.99517 68.3977 
0.994459 0.0278611 -0.101366 -83.2546 -0.0284652 0.999585 -0.00451742 -0.136593 0.101198 0.0073778 0.994839 69.2052 
0.994023 0.0284767 -0.105395 -83.3481 -0.0285162 0.999593 0.00113196 -0.155927 0.105385 0.00188027 0.99443 70.0104 
0.993499 0.0278065 -0.110391 -83.4427 -0.027448 0.999612 0.00476636 -0.170298 0.11048 -0.00170538 0.993877 70.8048 
0.992778 0.0272757 -0.116824 -83.5433 -0.0267804 0.999624 0.00580739 -0.181628 0.116938 -0.00263686 0.993136 71.5941 
0.99212 0.0251597 -0.122738 -83.6451 -0.0241622 0.999662 0.00960931 -0.191928 0.122938 -0.00656797 0.992393 72.3806 
0.991285 0.0257141 -0.129198 -83.7543 -0.0247266 0.999652 0.00924169 -0.201653 0.129391 -0.00596652 0.991576 73.1598 
0.990359 0.0305236 -0.135123 -83.8758 -0.0296424 0.999524 0.00852883 -0.212111 0.135319 -0.00444122 0.990792 73.9329 
0.989458 0.0325817 -0.141109 -83.998 -0.0322307 0.999469 0.00477283 -0.220304 0.14119 -0.000174465 0.989983 74.701 
0.988615 0.0312743 -0.147178 -84.1182 -0.0313174 0.999507 0.00202494 -0.229935 0.147169 0.00260735 0.989108 75.4665 
0.987775 0.0325742 -0.152448 -84.2471 -0.0328423 0.99946 0.000759682 -0.241598 0.15239 0.00425635 0.988311 76.2308 
0.98699 0.0346199 -0.15701 -84.3811 -0.0341328 0.9994 0.00579804 -0.248768 0.157116 -0.000363426 0.98758 76.9961 
0.98598 0.0354639 -0.163054 -84.5158 -0.0342797 0.999362 0.0100713 -0.258048 0.163307 -0.00434061 0.986566 77.7569 
0.984953 0.0347768 -0.169284 -84.6511 -0.0331572 0.999373 0.0123853 -0.271938 0.169609 -0.00658597 0.985489 78.5108 
0.983783 0.0322777 -0.176436 -84.7903 -0.0312534 0.999475 0.00858207 -0.278309 0.17662 -0.00292867 0.984275 79.2562 
0.98228 0.0303414 -0.184949 -84.9355 -0.0305977 0.999531 0.00146871 -0.283727 0.184907 0.00421634 0.982747 79.994 
0.980588 0.0278097 -0.1941 -85.0879 -0.0283989 0.999597 -0.000252896 -0.293958 0.194015 0.00576021 0.980982 80.7316 
0.978431 0.0275673 -0.204726 -85.2511 -0.0275936 0.999616 0.00272686 -0.306367 0.204722 0.00298109 0.978816 81.4696 
0.976044 0.0273869 -0.21584 -85.4229 -0.0260947 0.99962 0.00883512 -0.310874 0.216001 -0.00299119 0.976389 82.2055 
0.973343 0.0292536 -0.227481 -85.6052 -0.026137 0.999519 0.0167014 -0.317411 0.22786 -0.0103105 0.973639 82.9381 
0.970645 0.0299514 -0.238642 -85.7935 -0.0258424 0.999459 0.0203292 -0.324372 0.239122 -0.0135653 0.970895 83.6619 
0.967656 0.0332363 -0.250074 -85.992 -0.0302138 0.999417 0.0159167 -0.330555 0.250458 -0.0078462 0.968096 84.3692 
0.964489 0.0326814 -0.262093 -86.1965 -0.0320037 0.999464 0.00685501 -0.334677 0.262176 0.00177635 0.965018 85.0681 
0.961103 0.0302231 -0.274531 -86.4065 -0.0308829 0.999521 0.00191977 -0.334457 0.274458 0.00663321 0.961576 85.7723 
0.957618 0.0290733 -0.286571 -86.626 -0.0283146 0.999576 0.00679194 -0.335406 0.286647 0.00161007 0.958035 86.4847 
0.954165 0.0304211 -0.29773 -86.8605 -0.0273959 0.999522 0.0143296 -0.343632 0.298024 -0.00551621 0.954542 87.1979 
0.950419 0.0303665 -0.309485 -87.1037 -0.0255056 0.99948 0.0197415 -0.347339 0.309923 -0.0108691 0.950699 87.9091 
0.946321 0.0279326 -0.322019 -87.3508 -0.0234416 0.999566 0.0178165 -0.347162 0.322378 -0.00931146 0.946565 88.6123 
0.94242 0.0260416 -0.333416 -87.6068 -0.0228847 0.999648 0.0133931 -0.348002 0.333647 -0.00499178 0.942685 89.3105 
0.939293 0.0219374 -0.342415 -87.8683 -0.0209342 0.999759 0.00662584 -0.354977 0.342478 0.000944562 0.939525 90.0056 
0.936527 0.0178841 -0.350138 -88.1341 -0.0188127 0.999823 0.000749355 -0.359731 0.350089 0.00588524 0.936698 90.7025 
0.933768 0.0177217 -0.357439 -88.4107 -0.0194384 0.99981 -0.00121029 -0.367122 0.35735 0.00807818 0.933936 91.4017 
0.930686 0.0229297 -0.365099 -88.7006 -0.0250935 0.999684 -0.00118242 -0.379348 0.364957 0.0102621 0.930968 92.0968 
0.927563 0.0228849 -0.372965 -88.9909 -0.0242163 0.999706 0.00111543 -0.391106 0.372881 0.00799721 0.927845 92.7959 
0.924348 0.0235872 -0.38082 -89.2854 -0.0223693 0.999721 0.00762449 -0.393704 0.380893 0.00147101 0.924618 93.501 
0.921541 0.0254558 -0.387446 -89.5872 -0.020982 0.999655 0.0157731 -0.3965 0.387714 -0.00640614 0.921757 94.2067 
0.918801 0.035358 -0.393134 -89.9069 -0.0287463 0.999329 0.022695 -0.403914 0.393672 -0.0095511 0.919201 94.9054 
0.916068 0.0422038 -0.398797 -90.2311 -0.0373778 0.999104 0.0198731 -0.405811 0.399278 -0.00329898 0.916824 95.5931 
0.913705 0.0385555 -0.404545 -90.5429 -0.036801 0.999249 0.0121157 -0.403838 0.404708 0.00381752 0.914438 96.2799 
0.911682 0.030723 -0.409746 -90.8513 -0.0316213 0.999489 0.00458511 -0.404546 0.409678 0.00877654 0.912188 96.9716 
0.909941 0.0313679 -0.413551 -91.1746 -0.032633 0.999459 0.0040063 -0.407244 0.413453 0.00984992 0.910472 97.6648 
0.90774 0.037399 -0.417863 -91.5123 -0.0369539 0.999275 0.00915926 -0.412901 0.417903 0.00712746 0.908464 98.3605 
0.905163 0.0397823 -0.423199 -91.846 -0.037582 0.999202 0.013546 -0.420215 0.4234 0.00364329 0.905936 99.0579 
0.902905 0.0360979 -0.428322 -92.1789 -0.0344265 0.999339 0.0116506 -0.42933 0.42846 0.00422629 0.903551 99.7524 
0.900651 0.0343549 -0.433183 -92.5183 -0.0355328 0.999354 0.00537902 -0.435677 0.433088 0.0105476 0.90129 100.437 
0.898405 0.0316046 -0.438029 -92.8617 -0.0357789 0.999359 -0.00127756 -0.440089 0.437708 0.01682 0.89896 101.121 
0.896059 0.0323306 -0.442756 -93.2117 -0.0373285 0.9993 -0.00257602 -0.449755 0.442362 0.0188357 0.896639 101.807 
0.894046 0.0352802 -0.446584 -93.5674 -0.0385352 0.999256 0.00179519 -0.463071 0.446315 0.0156042 0.89474 102.496 
0.891906 0.0369146 -0.450711 -93.9235 -0.0393641 0.999217 0.0039417 -0.474841 0.450503 0.0142262 0.892661 103.18 
0.889567 0.0378976 -0.45523 -94.28 -0.040178 0.999182 0.00466935 -0.485907 0.455034 0.0141365 0.890362 103.858 
0.887344 0.0360281 -0.459698 -94.6364 -0.0385235 0.99925 0.00395361 -0.497477 0.459496 0.014201 0.888066 104.533 
0.885244 0.034104 -0.463874 -94.9941 -0.0367543 0.999319 0.00332898 -0.507632 0.463672 0.0141024 0.885895 105.204 
0.883107 0.0335586 -0.467971 -95.3559 -0.0358946 0.999348 0.00392761 -0.518079 0.467797 0.0133291 0.883735 105.872 
0.880865 0.0349508 -0.472076 -95.7223 -0.0372211 0.999297 0.00453198 -0.528839 0.471903 0.0135792 0.881546 106.534 
0.878573 0.0352899 -0.476303 -96.0888 -0.0376108 0.999282 0.00466243 -0.540976 0.476126 0.0138179 0.879269 107.19 
0.876231 0.0323719 -0.480803 -96.4517 -0.0365735 0.999331 0.000631027 -0.55351 0.480501 0.0170317 0.876829 107.84 
0.873988 0.0289827 -0.485082 -96.8148 -0.0352478 0.999371 -0.00379671 -0.568377 0.484667 0.0204164 0.87446 108.483 
0.871918 0.0274261 -0.488883 -97.1828 -0.0350266 0.999366 -0.00640568 -0.581767 0.488397 0.0227092 0.872326 109.122 
0.870002 0.0291422 -0.492186 -97.5534 -0.0349628 0.999385 -0.00262804 -0.593259 0.491807 0.0194946 0.870486 109.761 
0.868193 0.033174 -0.495116 -97.9251 -0.0346878 0.999379 0.00613538 -0.605121 0.495012 0.0118478 0.868805 110.398 
0.866746 0.0351651 -0.497508 -98.2901 -0.0315923 0.999379 0.0155993 -0.616449 0.497748 0.00219685 0.867319 111.027 
0.865219 0.0348 -0.500185 -98.6481 -0.0284084 0.999388 0.0203908 -0.624584 0.500589 -0.00343307 0.865678 111.643 
0.863638 0.0315923 -0.503121 -98.9981 -0.0250299 0.999491 0.0197951 -0.627251 0.50349 -0.00450275 0.863989 112.242 
0.861857 0.029763 -0.506278 -99.3453 -0.0249402 0.999556 0.0163052 -0.630771 0.506538 -0.00142608 0.862216 112.822 
0.86022 0.0277508 -0.509168 -99.6857 -0.0242925 0.999615 0.0134399 -0.633821 0.509345 0.000807684 0.860562 113.388 
0.858752 0.0260493 -0.511728 -100.021 -0.0229711 0.99966 0.0123386 -0.638832 0.511875 0.00115918 0.859059 113.94 
0.857515 0.0244504 -0.513878 -100.347 -0.0213311 0.999701 0.0119705 -0.643354 0.514017 0.000696703 0.85778 114.477 
0.856175 0.024951 -0.516082 -100.667 -0.0212793 0.999689 0.0130297 -0.650973 0.516247 -0.000173817 0.85644 114.996 
0.854997 0.024825 -0.518038 -100.976 -0.0201727 0.99969 0.0146123 -0.657788 0.51824 -0.00204326 0.855233 115.495 
0.853616 0.0233547 -0.520379 -101.272 -0.0181228 0.999721 0.0151395 -0.663354 0.520587 -0.00349261 0.853801 115.976 
0.852308 0.0218609 -0.522583 -101.555 -0.0162117 0.99975 0.0153816 -0.668701 0.522789 -0.00463788 0.852449 116.436 
0.851128 0.0208615 -0.524544 -101.829 -0.0156256 0.999774 0.0144075 -0.674879 0.524726 -0.00406634 0.851261 116.873 
0.849861 0.020962 -0.526589 -102.094 -0.0178145 0.99978 0.0110477 -0.682645 0.526705 -8.04909e-06 0.850048 117.286 
0.848326 0.0184582 -0.529152 -102.348 -0.0173918 0.999824 0.00699423 -0.689005 0.529188 0.00326951 0.848498 117.682 
0.846062 0.0146557 -0.532883 -102.588 -0.0142713 0.999886 0.00484094 -0.693333 0.532893 0.00350921 0.846175 118.064 
0.843436 0.0106146 -0.537125 -102.819 -0.00929707 0.999943 0.00516179 -0.696701 0.537149 0.000640045 0.843487 118.432 
0.84011 0.0116833 -0.542291 -103.049 -0.00963159 0.999932 0.00662175 -0.700642 0.542331 -0.000339874 0.840165 118.777 
0.836412 0.0153545 -0.547887 -103.277 -0.0128016 0.999882 0.00847852 -0.70547 0.547952 -7.76851e-05 0.83651 119.1 
0.832828 0.0213833 -0.553119 -103.497 -0.0170037 0.99977 0.0130482 -0.710577 0.553271 -0.00146185 0.833 119.407 
0.828961 0.0267161 -0.558668 -103.708 -0.0187232 0.999624 0.0200213 -0.713765 0.558993 -0.00613681 0.82915 119.699 
0.824319 0.0283487 -0.565415 -103.903 -0.0178521 0.99955 0.0240886 -0.716233 0.565844 -0.00976283 0.824455 119.973 
0.819081 0.025578 -0.573108 -104.087 -0.0135083 0.999588 0.0253061 -0.717549 0.573519 -0.012986 0.819089 120.23 
0.812366 0.0235407 -0.582673 -104.265 -0.0101594 0.999605 0.0262208 -0.717198 0.58306 -0.0153813 0.812283 120.47 
0.803911 0.022105 -0.594338 -104.439 -0.00716845 0.999597 0.0274815 -0.718 0.594706 -0.0178322 0.803745 120.692 
0.79395 0.0226504 -0.607561 -104.613 -0.00673834 0.999572 0.0284593 -0.71957 0.607946 -0.0185013 0.793763 120.894 
0.782026 0.0242627 -0.622774 -104.785 -0.00846758 0.999563 0.0283092 -0.721325 0.623189 -0.0168651 0.78189 121.077 
0.768418 0.0229416 -0.639537 -104.951 -0.00831686 0.999631 0.0258661 -0.723828 0.639895 -0.014557 0.768325 121.246 
0.753893 0.0205697 -0.656676 -105.112 -0.00905554 0.99974 0.0209197 -0.725608 0.656935 -0.00982463 0.753883 121.401 
0.739186 0.0170424 -0.673286 -105.269 -0.0087627 0.999839 0.0156878 -0.725059 0.673445 -0.00569641 0.739216 121.544 
0.72408 0.0172335 -0.689501 -105.429 -0.0126067 0.999851 0.0117515 -0.722093 0.689601 0.000183307 0.724189 121.678 
0.70867 0.0210971 -0.705225 -105.598 -0.0199471 0.999752 0.00986344 -0.720598 0.705258 0.00707726 0.708915 121.802 
0.691773 0.0230401 -0.721748 -105.768 -0.0225052 0.999693 0.0103423 -0.718843 0.721765 0.00908856 0.692079 121.929 
0.673427 0.0216164 -0.738938 -105.936 -0.0193007 0.999746 0.0116563 -0.714748 0.739002 0.00641239 0.673673 122.062 
0.653832 0.0207312 -0.756355 -106.108 -0.0162923 0.999779 0.0133194 -0.711465 0.756464 0.00361412 0.654025 122.188 
0.63213 0.0225809 -0.774533 -106.288 -0.0161315 0.999742 0.0159811 -0.709543 0.774694 0.00239222 0.632331 122.303 
0.608521 0.0273566 -0.793066 -106.475 -0.0196141 0.999619 0.0194316 -0.706919 0.793296 0.00373078 0.608825 122.407 
0.58446 0.0315368 -0.810809 -106.664 -0.0215774 0.999495 0.0233221 -0.703889 0.811136 0.00386429 0.584845 122.507 
0.559411 0.0346241 -0.828167 -106.854 -0.0231147 0.99939 0.0261691 -0.702189 0.828568 0.0045036 0.55987 122.602 
0.533954 0.037938 -0.844662 -107.048 -0.0260019 0.999257 0.0284445 -0.701087 0.845113 0.00677474 0.534544 122.687 
0.507675 0.0425569 -0.860497 -107.246 -0.0299143 0.999048 0.0317603 -0.700842 0.861029 0.00961726 0.508464 122.764 
0.480111 0.0458137 -0.87601 -107.444 -0.0318219 0.998888 0.0347994 -0.702097 0.87663 0.0111687 0.481035 122.838 
0.450781 0.04535 -0.891482 -107.647 -0.0302263 0.998911 0.035531 -0.702813 0.892123 0.0109295 0.451661 122.91 
0.418945 0.0424709 -0.907018 -107.865 -0.0297196 0.999012 0.0330513 -0.70205 0.907525 0.0131096 0.419793 122.978 
0.38484 0.0383591 -0.922186 -108.102 -0.0287633 0.999149 0.0295571 -0.697634 0.922535 0.0151503 0.385616 123.042 
0.346221 0.0363099 -0.93745 -108.359 -0.0279165 0.999207 0.0283917 -0.691497 0.937737 0.0163406 0.34696 123.101 
0.305286 0.0353992 -0.951602 -108.639 -0.0267989 0.999232 0.0285736 -0.683092 0.951883 0.0167787 0.306001 123.154 
0.262107 0.0336941 -0.96445 -108.937 -0.0254887 0.999283 0.027984 -0.673719 0.964702 0.0172478 0.262778 123.197 
0.215378 0.0310838 -0.976036 -109.254 -0.0237705 0.999364 0.0265814 -0.662465 0.976241 0.0174758 0.21598 123.23 
0.166613 0.029195 -0.98559 -109.59 -0.0222899 0.999418 0.0258365 -0.651921 0.98577 0.017664 0.167166 123.248 
0.116681 0.02888 -0.99275 -109.942 -0.0209025 0.999427 0.0266175 -0.640403 0.99295 0.0176452 0.117217 123.249 
0.0648725 0.0302537 -0.997435 -110.312 -0.0192598 0.999392 0.0290605 -0.628581 0.997708 0.0173252 0.0654157 123.231 
0.0117276 0.0325101 -0.999403 -110.695 -0.0152631 0.999361 0.0323296 -0.616711 0.999815 0.0148748 0.0122163 123.2 
-0.0419207 0.034437 -0.998527 -111.093 -0.0109792 0.99933 0.0349256 -0.604748 0.999061 0.0124271 -0.0415145 123.15 
-0.0957756 0.0360074 -0.994751 -111.505 -0.00619685 0.999305 0.0367688 -0.59264 0.995384 0.00968588 -0.0954858 123.079 
-0.149052 0.0375653 -0.988116 -111.928 -0.00260275 0.99926 0.0383816 -0.579057 0.988826 0.00829266 -0.148844 122.983 
-0.20069 0.038935 -0.978881 -112.338 6.27586e-05 0.99921 0.0397307 -0.564327 0.979655 0.00791213 -0.200534 122.868 
-0.250415 0.0401641 -0.967305 -112.761 0.00399228 0.999173 0.0404538 -0.548646 0.96813 0.00626851 -0.250369 122.73 
-0.298714 0.0416206 -0.953435 -113.194 0.00952261 0.999129 0.0406319 -0.534266 0.954295 0.00305814 -0.29885 122.566 
-0.345453 0.0433606 -0.937434 -113.64 0.0153704 0.999059 0.0405469 -0.521052 0.93831 -0.000401629 -0.345795 122.375 
-0.389796 0.0452464 -0.919789 -114.095 0.0206833 0.99897 0.0403761 -0.506883 0.920669 -0.0032858 -0.390331 122.155 
