1 0 -0 0 -0 1 0 0 0 -0 1 -0 
0.99905 -0.00049687 0.0435853 0.0457776 0.000604856 0.999997 -0.00246441 -0.0218093 -0.0435839 0.00248843 0.999047 1.05758 
0.996059 -0.00484117 0.0885623 0.144382 0.00550798 0.999958 -0.00728645 -0.046864 -0.0885234 0.00774553 0.996044 2.1144 
0.99099 -0.00425935 0.13387 0.287298 0.00579854 0.999921 -0.0111098 -0.073886 -0.133812 0.011786 0.990937 3.17133 
0.983719 -0.0020734 0.179703 0.477544 0.00457763 0.999898 -0.0135218 -0.104285 -0.179657 0.0141243 0.983628 4.22642 
0.97427 -0.00462857 0.225336 0.725458 0.00785491 0.999879 -0.0134235 -0.137644 -0.225247 0.0148481 0.974189 5.27927 
0.962766 -0.00543388 0.27028 1.02336 0.00972992 0.999847 -0.0145574 -0.173632 -0.27016 0.0166452 0.962672 6.32099 
0.949406 -0.00808582 0.313946 1.36925 0.0141506 0.999755 -0.0170437 -0.21129 -0.313731 0.0206239 0.949288 7.3422 
0.934447 -0.0100738 0.355959 1.76687 0.0179256 0.999663 -0.0187668 -0.247042 -0.35565 0.0239173 0.934313 8.34964 
0.917309 -0.0101625 0.398047 2.20589 0.0194798 0.999623 -0.0193704 -0.284641 -0.3977 0.0255225 0.91716 9.34451 
0.897902 -0.0107331 0.440065 2.68819 0.0207274 0.999625 -0.0179112 -0.322236 -0.439708 0.0252039 0.897787 10.3215 
0.876185 -0.0105871 0.481859 3.21447 0.0213495 0.99963 -0.0168576 -0.362909 -0.481502 0.0250578 0.876087 11.2702 
0.852383 -0.0108818 0.522805 3.78301 0.0223038 0.99963 -0.0155577 -0.400583 -0.522442 0.0249217 0.852311 12.198 
0.826976 -0.0112952 0.562123 4.39589 0.0240992 0.999591 -0.0153682 -0.439739 -0.56172 0.0262558 0.826911 13.0939 
0.799808 -0.0130421 0.600114 5.05413 0.0275116 0.99951 -0.0149442 -0.47364 -0.599625 0.0284626 0.799775 13.9674 
0.771318 -0.0121317 0.636335 5.75119 0.0283915 0.999479 -0.015359 -0.509976 -0.635817 0.0299131 0.77126 14.8089 
0.740882 -0.0153297 0.67146 6.49075 0.0333402 0.999346 -0.0139717 -0.541022 -0.670807 0.032738 0.740909 15.6211 
0.708978 -0.0143009 0.705085 7.27325 0.0335186 0.999348 -0.0134344 -0.572718 -0.704433 0.0331581 0.708995 16.4071 
0.674975 -0.0129801 0.737726 8.08657 0.0347113 0.999297 -0.0141764 -0.606422 -0.737023 0.0351762 0.674951 17.1541 
0.639593 -0.0140561 0.768585 8.94336 0.0392059 0.999128 -0.0143537 -0.637384 -0.767714 0.0393136 0.639586 17.8623 
0.603186 -0.0122015 0.797508 9.83668 0.0391928 0.999129 -0.0143568 -0.669184 -0.796637 0.0399163 0.603138 18.5398 
0.565674 -0.0109585 0.824556 10.7609 0.0421478 0.998989 -0.015638 -0.702826 -0.823551 0.0435992 0.565564 19.1681 
0.527145 -0.00928499 0.849724 11.7218 0.046827 0.998738 -0.0181369 -0.734694 -0.848484 0.0493508 0.526915 19.7561 
0.488519 -0.00820495 0.872515 12.7141 0.0484876 0.998666 -0.0177569 -0.762522 -0.871205 0.0509807 0.488265 20.3063 
0.450299 -0.00986554 0.892823 13.7407 0.0535662 0.998436 -0.0159838 -0.791525 -0.891269 0.0550226 0.450124 20.8156 
0.413445 -0.0103848 0.91047 14.7874 0.057402 0.998243 -0.0146804 -0.822795 -0.908718 0.0583323 0.413315 21.2787 
0.378286 -0.00785505 0.925656 15.8559 0.0589464 0.998139 -0.0156194 -0.849756 -0.92381 0.0604726 0.378045 21.7092 
0.345044 -0.00852837 0.938548 16.9578 0.0595538 0.998143 -0.0128243 -0.873902 -0.936695 0.060319 0.344911 22.1051 
0.311834 -0.0100657 0.950083 18.0858 0.0619515 0.998031 -0.00975989 -0.899503 -0.948115 0.0619025 0.311844 22.4677 
0.279025 -0.00976264 0.960234 19.2439 0.0627023 0.998 -0.00807347 -0.912682 -0.958234 0.0624616 0.279079 22.809 
0.246752 -0.00652541 0.969057 20.4035 0.0601721 0.998151 -0.00860039 -0.927035 -0.967209 0.0604324 0.246689 23.1121 
0.215855 -0.00478905 0.976414 21.5795 0.060101 0.998157 -0.00839078 -0.942708 -0.974574 0.0604946 0.215745 23.3725 
0.185445 -0.00449361 0.982644 22.7759 0.0621774 0.998039 -0.00717015 -0.959827 -0.980685 0.062428 0.185361 23.5935 
0.154911 -0.00470417 0.987917 23.9926 0.0638524 0.997945 -0.00526049 -0.9782 -0.985863 0.0638958 0.154893 23.7806 
0.124451 -0.00521183 0.992212 25.232 0.0625941 0.998036 -0.00260865 -0.991823 -0.990249 0.0624313 0.124533 23.9454 
0.095117 -0.00555283 0.995451 26.4951 0.063218 0.998 -0.000473538 -1.00796 -0.993457 0.0629755 0.0952778 24.0624 
0.0679238 -0.00509832 0.997677 27.7684 0.0661238 0.997811 0.000597162 -1.01018 -0.995497 0.0659297 0.0681123 24.1513 
0.0427617 -0.00463107 0.999075 29.0694 0.0702455 0.997528 0.0016173 -1.0212 -0.996613 0.0701113 0.0429813 24.1963 
0.0200123 -0.00410568 0.999791 30.3798 0.0745183 0.997216 0.00260351 -1.02477 -0.997019 0.0744506 0.0202625 24.2193 
-0.000196264 -0.00416007 0.999991 31.7203 0.0802303 0.996768 0.0041624 -1.02588 -0.996776 0.0802305 0.000138134 24.1994 
-0.0178041 -0.00469454 0.99983 33.068 0.0845681 0.996399 0.00618435 -1.02564 -0.996259 0.0846638 -0.017343 24.1659 
-0.0333543 -0.00450054 0.999433 34.4238 0.0876982 0.99612 0.00741239 -1.02156 -0.995589 0.0878958 -0.0328302 24.1157 
-0.0476672 -0.00509503 0.99885 35.7956 0.0900166 0.995896 0.00937574 -1.0208 -0.994799 0.09036 -0.047013 24.0407 
-0.0609679 -0.00604304 0.998121 37.1611 0.0901767 0.995859 0.0115376 -1.01562 -0.994058 0.0907107 -0.0601705 23.958 
-0.0731613 -0.00579942 0.997303 38.5311 0.0900041 0.995864 0.0123937 -1.01029 -0.993251 0.0906681 -0.0723368 23.8599 
-0.0843324 -0.00284555 0.996434 39.9136 0.0901954 0.995869 0.0104776 -1.00234 -0.992347 0.0907573 -0.0837274 23.7453 
-0.0944698 0.000674738 0.995527 41.3141 0.0906097 0.995855 0.00792338 -0.994822 -0.991396 0.090953 -0.0941394 23.6104 
-0.103852 0.00334246 0.994587 42.7348 0.0917937 0.995758 0.00623849 -0.987096 -0.990348 0.0919448 -0.103719 23.4624 
-0.111303 0.00453017 0.993776 44.1847 0.091525 0.995786 0.00571146 -0.979161 -0.989563 0.0915911 -0.111248 23.3007 
-0.117082 0.00524512 0.993108 45.6511 0.0912484 0.995813 0.00549827 -0.974273 -0.988921 0.0912633 -0.11707 23.1289 
-0.122149 0.00697145 0.992487 47.1357 0.0923782 0.995714 0.0043752 -0.969113 -0.988203 0.0922186 -0.122269 22.9458 
-0.126707 0.00870624 0.991902 48.638 0.0914261 0.995808 0.00293843 -0.964344 -0.987718 0.0910581 -0.126972 22.7569 
-0.13069 0.0096965 0.991376 50.1589 0.0920329 0.995753 0.00239311 -0.96218 -0.987142 0.0915519 -0.131027 22.554 
-0.13361 0.0087453 0.990995 51.699 0.0917795 0.995773 0.00358661 -0.958403 -0.986775 0.0914323 -0.133848 22.3458 
-0.135926 0.00688346 0.990695 53.2561 0.0924614 0.9957 0.00576769 -0.95484 -0.986395 0.0923851 -0.135978 22.1308 
-0.138136 0.0057674 0.990396 54.8396 0.0923431 0.995702 0.00708132 -0.94837 -0.986099 0.0924345 -0.138075 21.9111 
-0.140202 0.0066734 0.9901 56.4395 0.0949409 0.99546 0.00673445 -0.941177 -0.985561 0.0949452 -0.140199 21.6823 
-0.141229 0.0064857 0.989956 58.0538 0.0946116 0.99549 0.00697557 -0.932511 -0.985446 0.0946465 -0.141206 21.4542 
-0.141819 0.00787942 0.989861 59.6849 0.096479 0.995318 0.00589989 -0.925258 -0.98518 0.0963375 -0.141916 21.2173 
-0.141871 0.00819688 0.989851 61.3338 0.0962689 0.99534 0.00555549 -0.918768 -0.985193 0.09608 -0.141999 20.9813 
-0.141185 0.00960225 0.989937 63.0003 0.0960798 0.995365 0.00404798 -0.916798 -0.98531 0.0956844 -0.141453 20.7428 
-0.140009 0.00950058 0.990105 64.6835 0.0965535 0.995319 0.00410287 -0.914693 -0.985431 0.0961725 -0.140271 20.5029 
-0.138665 0.00845994 0.990303 66.3857 0.0956728 0.995401 0.00489288 -0.912229 -0.985707 0.0954235 -0.138837 20.2638 
-0.137469 0.00932028 0.990462 68.1099 0.096762 0.995299 0.00406412 -0.90926 -0.985768 0.0963978 -0.137725 20.0214 
-0.136396 0.0100341 0.990604 69.8464 0.0965942 0.995319 0.00321818 -0.906729 -0.985934 0.0961255 -0.136726 19.783 
-0.135539 0.0106606 0.990715 71.6071 0.0975838 0.995224 0.00264125 -0.904805 -0.985955 0.0970357 -0.135932 19.5407 
-0.134547 0.0106046 0.990851 73.3876 0.0972616 0.995256 0.00255532 -0.903164 -0.986122 0.0967155 -0.13494 19.3 
-0.133733 0.00899404 0.990977 75.1868 0.0988715 0.995091 0.00431143 -0.902746 -0.986073 0.0985559 -0.133966 19.0535 
-0.133094 0.00716737 0.991078 77.0003 0.100517 0.994915 0.00630351 -0.899582 -0.985993 0.100459 -0.133138 18.8062 
-0.132358 0.00822189 0.991168 78.8163 0.101937 0.994776 0.00536055 -0.901198 -0.985946 0.101746 -0.132505 18.563 
-0.131601 0.0101267 0.991251 80.6495 0.104035 0.994567 0.00365136 -0.901421 -0.985829 0.103605 -0.13194 18.3167 
-0.130977 0.00976432 0.991337 82.5001 0.103158 0.994658 0.00383234 -0.903994 -0.986004 0.102766 -0.131284 18.0721 
-0.130924 0.00958143 0.991346 84.3557 0.103611 0.99461 0.00407063 -0.908939 -0.985963 0.103248 -0.131211 17.8295 
-0.130749 0.0084827 0.991379 86.2339 0.103352 0.994632 0.00512014 -0.910251 -0.986014 0.10313 -0.130924 17.5821 
-0.130603 0.00875614 0.991396 88.1268 0.104901 0.99447 0.00503596 -0.908648 -0.98587 0.104656 -0.130799 17.3303 
-0.130544 0.00858756 0.991405 90.0326 0.106002 0.994352 0.00534481 -0.907018 -0.98576 0.105788 -0.130717 17.0747 
-0.1306 0.00967268 0.991388 91.9385 0.106432 0.994311 0.0043195 -0.90679 -0.985706 0.106079 -0.130886 16.8214 
-0.131197 0.0104302 0.991301 93.8534 0.105888 0.994372 0.00355157 -0.906861 -0.985685 0.105433 -0.131563 16.5663 
-0.132226 0.011178 0.991157 95.7772 0.105186 0.994449 0.00281726 -0.909923 -0.985623 0.104628 -0.132668 16.3068 
-0.133482 0.0118457 0.99098 97.7063 0.10442 0.994531 0.00217695 -0.914084 -0.985535 0.103768 -0.133989 16.0483 
-0.134432 0.0110229 0.990861 99.6422 0.103395 0.994636 0.00296296 -0.919387 -0.985514 0.102848 -0.134851 15.7863 
-0.135465 0.0107253 0.990724 101.585 0.103234 0.994651 0.00334775 -0.923568 -0.985389 0.10273 -0.135848 15.5247 
-0.135902 0.00974069 0.990674 103.545 0.100823 0.994896 0.00404878 -0.925024 -0.985579 0.100433 -0.13619 15.2595 
-0.137551 0.0107237 0.990437 105.512 0.100627 0.994919 0.00320268 -0.926629 -0.98537 0.100105 -0.137931 14.9876 
-0.14015 0.0115978 0.990062 107.494 0.0994419 0.99504 0.00242063 -0.927523 -0.985124 0.098793 -0.140609 14.7095 
-0.144243 0.0125384 0.989463 109.484 0.099979 0.994988 0.00196638 -0.932465 -0.984479 0.0992091 -0.144773 14.4263 
-0.148904 0.0116594 0.988783 111.477 0.0980139 0.99518 0.00302546 -0.938857 -0.983982 0.097365 -0.149329 14.1358 
-0.153839 0.010894 0.988036 113.477 0.0965096 0.995324 0.00405229 -0.946659 -0.983372 0.0959783 -0.154171 13.836 
-0.158426 0.0116477 0.987302 115.476 0.0951363 0.995458 0.00352199 -0.95361 -0.982777 0.0944863 -0.158815 13.5239 
-0.163132 0.0134418 0.986513 117.471 0.0956811 0.995409 0.002259 -0.963324 -0.981954 0.0947592 -0.163669 13.2029 
-0.167778 0.0151941 0.985708 119.485 0.0954056 0.995438 0.000894936 -0.973689 -0.981197 0.0941922 -0.168462 12.866 
-0.172629 0.0154488 0.984866 121.501 0.0940499 0.995567 0.000868607 -0.985992 -0.980486 0.0927765 -0.173317 12.525 
-0.177625 0.0151936 0.983981 123.51 0.0922158 0.995738 0.00127141 -0.999028 -0.979768 0.0909644 -0.178269 12.1733 
-0.183162 0.0145882 0.982974 125.536 0.0903411 0.995909 0.00205352 -1.00968 -0.978923 0.0891791 -0.183731 11.8098 
-0.188712 0.0140504 0.981932 127.567 0.0895671 0.995976 0.00296197 -1.01933 -0.977939 0.0885078 -0.189211 11.4325 
-0.19427 0.0138537 0.98085 129.604 0.0897187 0.99596 0.00370283 -1.02814 -0.976837 0.08872 -0.194728 11.0406 
-0.199796 0.015486 0.979715 131.644 0.0903966 0.995902 0.00269292 -1.03807 -0.975659 0.089101 -0.200377 10.6341 
-0.205482 0.0165571 0.978521 133.689 0.089985 0.995941 0.00204425 -1.04668 -0.974515 0.0884723 -0.206137 10.2167 
-0.211462 0.0166319 0.977245 135.745 0.0904896 0.995894 0.00263132 -1.05515 -0.973188 0.088987 -0.212098 9.78347 
-0.217093 0.0165912 0.97601 137.804 0.0897621 0.995959 0.00303541 -1.0663 -0.972015 0.0882677 -0.217705 9.33873 
-0.222556 0.0174393 0.974764 139.871 0.0892042 0.99601 0.00254752 -1.0768 -0.97083 0.08752 -0.223224 8.88092 
-0.227909 0.0180859 0.973514 141.95 0.0882704 0.996094 0.00215957 -1.08657 -0.969673 0.0864247 -0.228616 8.41045 
-0.233247 0.0175081 0.97226 144.073 0.0889121 0.996034 0.00339396 -1.09356 -0.968344 0.0872373 -0.233878 7.94097 
-0.237612 0.0174469 0.971204 146.141 0.090934 0.995847 0.00435806 -1.1004 -0.967094 0.0893509 -0.238212 7.45364 
-0.241167 0.0181766 0.970313 148.174 0.0920003 0.99575 0.00421318 -1.10592 -0.966113 0.0902853 -0.241814 6.95864 
-0.244328 0.0187915 0.969511 150.213 0.0923645 0.995717 0.00397748 -1.11231 -0.965284 0.0905202 -0.245017 6.45133 
-0.247741 0.0186324 0.968647 152.262 0.0914871 0.995797 0.00424408 -1.11842 -0.964497 0.0896702 -0.248404 5.93681 
-0.251759 0.0191066 0.967601 154.316 0.0901157 0.995924 0.00378121 -1.12651 -0.963585 0.088148 -0.252455 5.41341 
-0.256075 0.0197009 0.966456 156.369 0.08895 0.996031 0.0032646 -1.1351 -0.962556 0.0868023 -0.256811 4.88105 
-0.260567 0.0193373 0.965262 158.43 0.0881448 0.9961 0.0038391 -1.14241 -0.961423 0.0860832 -0.261256 4.33438 
-0.265066 0.0197573 0.964028 160.475 0.0884872 0.99607 0.00391611 -1.15618 -0.960162 0.0863421 -0.265772 3.78042 
-0.269672 0.0200755 0.962743 162.52 0.0880738 0.996106 0.00389905 -1.17384 -0.958916 0.0858439 -0.27039 3.2165 
-0.274327 0.0198978 0.961431 164.564 0.0873494 0.996168 0.00430681 -1.18526 -0.957661 0.0851618 -0.275014 2.64517 
-0.278722 0.0191524 0.960181 166.608 0.0871071 0.996184 0.00541501 -1.19502 -0.956413 0.0851479 -0.279327 2.06344 
-0.282975 0.0191066 0.958937 168.655 0.0875979 0.996138 0.00600162 -1.20419 -0.955119 0.0856992 -0.283555 1.47278 
-0.287107 0.019813 0.957694 170.698 0.0886978 0.996041 0.00598444 -1.21209 -0.953783 0.0866635 -0.287728 0.87478 
-0.290734 0.0210214 0.956573 172.742 0.0889672 0.996021 0.00515184 -1.215 -0.952659 0.0866015 -0.291448 0.263718 
-0.294498 0.022404 0.955389 174.784 0.0888053 0.996041 0.00401687 -1.22631 -0.951517 0.0860266 -0.295322 -0.346122 
-0.29786 0.0236487 0.954317 176.823 0.0897446 0.995959 0.00333031 -1.23137 -0.950382 0.0866367 -0.298779 -0.974353 
-0.301276 0.0243597 0.953226 178.872 0.0894179 0.99599 0.00280877 -1.24226 -0.949335 0.0860817 -0.302246 -1.60859 
-0.304868 0.0243234 0.952084 180.924 0.0895824 0.995974 0.00324055 -1.2528 -0.948172 0.0862779 -0.305819 -2.25291 
-0.308929 0.0243683 0.950773 182.98 0.0891836 0.996009 0.00345017 -1.26213 -0.946895 0.0858592 -0.309869 -2.90828 
-0.312721 0.025149 0.949512 185.037 0.0913202 0.995815 0.00370089 -1.27142 -0.945445 0.087867 -0.313709 -3.57639 
-0.315991 0.0254295 0.948421 187.103 0.0933439 0.995624 0.0044048 -1.27895 -0.944159 0.0899212 -0.316982 -4.25756 
-0.318733 0.0249761 0.947516 189.168 0.0941059 0.995547 0.00541383 -1.28612 -0.943162 0.0908923 -0.319664 -4.94559 
-0.321671 0.0244148 0.946537 191.242 0.0936722 0.995584 0.00615362 -1.29131 -0.942207 0.0906436 -0.322537 -5.64157 
-0.324535 0.0249989 0.945543 193.318 0.0927821 0.995671 0.00552099 -1.29633 -0.941312 0.0895212 -0.325449 -6.34434 
-0.327493 0.0268735 0.944471 195.388 0.0920054 0.995752 0.00357002 -1.30407 -0.940363 0.0880656 -0.328574 -7.053 
-0.330733 0.0286692 0.943289 197.455 0.0915082 0.995803 0.00181904 -1.31381 -0.939277 0.0869203 -0.331968 -7.7674 
-0.334099 0.0295922 0.942073 199.531 0.0905451 0.995892 0.000828386 -1.32723 -0.938179 0.0855768 -0.335406 -8.4914 
-0.337501 0.0302939 0.940838 201.606 0.0888099 0.996049 -0.000213428 -1.34203 -0.937126 0.0834837 -0.338858 -9.22114 
-0.341431 0.0305187 0.939411 203.681 0.0894078 0.995995 0.000138548 -1.35848 -0.935645 0.084038 -0.342793 -9.96022 
-0.345114 0.0295175 0.938097 205.758 0.0888775 0.996042 0.00135611 -1.37588 -0.934343 0.0838437 -0.346371 -10.711 
-0.348875 0.02883 0.936726 207.845 0.0886455 0.99606 0.00235908 -1.39027 -0.932967 0.0838596 -0.350057 -11.4772 
-0.35285 0.0286996 0.935239 209.932 0.0886622 0.996058 0.00288485 -1.40281 -0.93147 0.0839383 -0.354004 -12.2529 
-0.356607 0.0287733 0.933811 212.023 0.0876509 0.996147 0.00277841 -1.41574 -0.930134 0.0828402 -0.357755 -13.0373 
-0.360315 0.0293347 0.932369 214.11 0.0869193 0.996213 0.00224667 -1.43107 -0.928773 0.0818504 -0.3615 -13.8309 
-0.363543 0.0299975 0.931095 216.194 0.0870392 0.996203 0.00188901 -1.44784 -0.927503 0.0817285 -0.364773 -14.6333 
-0.36642 0.0306253 0.929946 218.278 0.0878164 0.996135 0.0017966 -1.46525 -0.926296 0.0823227 -0.367693 -15.4442 
-0.368985 0.0303588 0.928939 220.362 0.0888843 0.996038 0.00275415 -1.48105 -0.925175 0.0835843 -0.370222 -16.2648 
-0.371621 0.0298789 0.927903 222.45 0.0901414 0.995921 0.00403211 -1.49357 -0.923998 0.0851409 -0.372799 -17.0946 
-0.374253 0.0306094 0.926822 224.534 0.0913208 0.995814 0.00398765 -1.5057 -0.922819 0.0861305 -0.375481 -17.9294 
-0.376822 0.0313882 0.925754 226.617 0.0911381 0.995833 0.00333284 -1.51739 -0.921791 0.0856273 -0.378112 -18.7718 
-0.379477 0.0315441 0.924663 228.699 0.090597 0.995882 0.00320688 -1.5327 -0.920755 0.0849887 -0.380772 -19.6176 
-0.382332 0.032748 0.923445 230.779 0.0902895 0.995913 0.00206439 -1.54959 -0.919603 0.0841666 -0.383726 -20.4696 
-0.385231 0.0338622 0.922199 232.86 0.0900794 0.995934 0.0010593 -1.56843 -0.918413 0.0834791 -0.386715 -21.3299 
-0.387773 0.0337436 0.921137 234.941 0.0877722 0.99614 0.000458458 -1.59 -0.917566 0.081028 -0.389238 -22.1958 
-0.390807 0.0346807 0.919819 237.018 0.0886173 0.996066 9.57273e-05 -1.6125 -0.916197 0.0815493 -0.392343 -23.0697 
-0.3934 0.0342454 0.918729 239.089 0.0901076 0.995931 0.00146102 -1.63462 -0.914941 0.0833593 -0.394885 -23.95 
-0.395981 0.0333724 0.917652 241.148 0.0905612 0.995887 0.00286094 -1.65349 -0.913782 0.0842366 -0.397374 -24.8292 
-0.399064 0.0328782 0.916333 243.209 0.0895693 0.995975 0.00327175 -1.66863 -0.912538 0.083381 -0.400403 -25.7153 
-0.4022 0.0331637 0.914951 245.27 0.0882452 0.996095 0.0026865 -1.68472 -0.911289 0.0818206 -0.403556 -26.609 
-0.405669 0.0324749 0.913443 247.332 0.0866816 0.996231 0.003078 -1.69992 -0.9099 0.0804274 -0.406955 -27.5119 
-0.409172 0.0318236 0.911902 249.392 0.0858327 0.996303 0.00374434 -1.7164 -0.908411 0.0798031 -0.410391 -28.4238 
-0.412758 0.0320741 0.910276 251.451 0.0853338 0.996346 0.00358712 -1.73233 -0.906835 0.0791579 -0.413986 -29.3443 
-0.416462 0.0317673 0.908598 253.505 0.0847427 0.996395 0.00400546 -1.74743 -0.905195 0.0786652 -0.417653 -30.2733 
-0.420475 0.0311785 0.906768 255.556 0.0837364 0.996477 0.00456613 -1.76231 -0.903432 0.0778494 -0.421605 -31.2077 
-0.424392 0.0310797 0.904945 257.601 0.0828949 0.996547 0.00464958 -1.77738 -0.901676 0.0769886 -0.425504 -32.1498 
-0.4283 0.0318332 0.903076 259.64 0.0829809 0.996542 0.00422738 -1.79304 -0.899818 0.0767486 -0.429461 -33.1029 
-0.431768 0.0322194 0.901409 261.677 0.0833788 0.996509 0.00431919 -1.8093 -0.898123 0.0770233 -0.432947 -34.0672 
-0.435514 0.0320863 0.89961 263.712 0.0831377 0.996527 0.00470513 -1.82499 -0.896334 0.0768406 -0.436669 -35.0383 
-0.4392 0.0323482 0.897807 265.75 0.0818164 0.996639 0.00411485 -1.83896 -0.894656 0.0752626 -0.440371 -36.0206 
-0.44289 0.0326748 0.89598 267.788 0.0823665 0.996593 0.00437053 -1.8514 -0.892784 0.0757344 -0.444073 -37.0159 
-0.446307 0.0332306 0.894263 269.829 0.0829522 0.996544 0.00436837 -1.86422 -0.891027 0.0761307 -0.447521 -38.0223 
-0.449773 0.0343991 0.89248 271.868 0.084265 0.996435 0.00406022 -1.87696 -0.889159 0.077031 -0.451068 -39.0384 
-0.45302 0.0363632 0.890758 273.904 0.0864221 0.996253 0.00328259 -1.89157 -0.887302 0.0784683 -0.454465 -40.067 
-0.455891 0.0371366 0.889261 275.945 0.087648 0.996146 0.00333366 -1.90579 -0.88571 0.0794617 -0.457389 -41.1029 
-0.45875 0.0391946 0.887701 277.986 0.0894145 0.995992 0.00223208 -1.9197 -0.884055 0.0803973 -0.460416 -42.1481 
-0.461327 0.0416392 0.886253 280.032 0.0911391 0.995838 0.000653288 -1.93315 -0.882537 0.0810736 -0.463202 -43.2061 
-0.464237 0.0422735 0.884701 282.085 0.092152 0.995745 0.000776302 -1.94543 -0.880904 0.0818874 -0.466157 -44.2741 
-0.46751 0.0432754 0.882928 284.147 0.0923255 0.995729 8.21894e-05 -1.95655 -0.879153 0.0815552 -0.469509 -45.3539 
-0.470849 0.043185 0.881156 286.211 0.091421 0.995812 4.68682e-05 -1.96824 -0.877464 0.0805783 -0.472825 -46.4434 
-0.474293 0.0444597 0.879244 288.281 0.092378 0.995724 -0.000517937 -1.98145 -0.875507 0.0809771 -0.476372 -47.5462 
-0.477559 0.0447319 0.87746 290.355 0.091522 0.995803 -0.000953895 -1.99721 -0.87382 0.0798514 -0.479648 -48.6591 
-0.480435 0.0444208 0.875905 292.437 0.089789 0.99596 -0.00125997 -2.01387 -0.872422 0.0780413 -0.482482 -49.7845 
-0.483123 0.0450036 0.874395 294.529 0.0913029 0.995823 -0.000806324 -2.03004 -0.870779 0.0794453 -0.485214 -50.9282 
-0.485417 0.0450434 0.873122 296.638 0.0927072 0.995693 0.000174314 -2.0442 -0.869354 0.0810293 -0.487502 -52.0906 
-0.487645 0.0451686 0.871873 298.766 0.0936722 0.995603 0.000812889 -2.05733 -0.868002 0.0820667 -0.489731 -53.2703 
-0.490355 0.0436289 0.87043 299.642 0.0910716 0.995843 0.00139005 -2.06937 -0.866751 0.0799531 -0.49229 -53.7031 
-0.492989 0.0427888 0.868983 301.81 0.090498 0.995894 0.00230321 -2.08016 -0.865316 0.0797767 -0.494837 -54.9144 
-0.496882 0.0410114 0.866849 302.357 0.0881355 0.996103 0.00339315 -2.08669 -0.863331 0.0780861 -0.49856 -55.1503 
-0.499713 0.0388741 0.865318 303.101 0.085612 0.996318 0.00468095 -2.12071 -0.86195 0.0764208 -0.501201 -55.5531 
-0.501899 0.0371954 0.864126 303.643 0.0844449 0.996409 0.0061576 -2.23962 -0.860794 0.0760615 -0.503238 -55.9385 
-0.50336 0.0374594 0.863265 304.301 0.0841104 0.99644 0.00580559 -2.36557 -0.859973 0.0755319 -0.504718 -56.4007 
-0.506846 0.0341073 0.861361 304.999 0.0811389 0.996668 0.00827909 -2.47858 -0.858209 0.0740861 -0.507925 -56.8287 
-0.511714 0.0298287 0.858638 305.809 0.0766331 0.996998 0.011035 -2.55649 -0.855731 0.0714468 -0.512464 -57.2881 
-0.517046 0.0255548 0.855576 306.755 0.0723079 0.997285 0.0139101 -2.61053 -0.852898 0.0690571 -0.517491 -57.8318 
-0.522139 0.0223768 0.852566 307.759 0.0692139 0.99747 0.0162089 -2.6574 -0.850047 0.0674727 -0.522367 -58.421 
-0.526574 0.0216272 0.849854 308.885 0.0690902 0.997458 0.0174251 -2.69351 -0.847317 0.0678922 -0.526729 -59.1027 
-0.530666 0.0221886 0.847291 309.954 0.0714068 0.997274 0.0186064 -2.73414 -0.844568 0.0703761 -0.530804 -59.7673 
-0.534447 0.0221748 0.844911 311.148 0.0722097 0.997199 0.0195045 -2.76734 -0.842112 0.0714349 -0.534551 -60.5155 
-0.538327 0.0207299 0.842481 312.113 0.0721994 0.997156 0.021598 -2.81697 -0.839638 0.0724534 -0.538292 -61.1265 
-0.542193 0.0182631 0.840055 313.301 0.0718007 0.997114 0.0246645 -2.84463 -0.837181 0.0736895 -0.54194 -61.8823 
-0.545939 0.0165275 0.837662 314.365 0.0712497 0.997099 0.0267631 -2.8608 -0.83479 0.0742942 -0.545533 -62.5672 
-0.549873 0.0162472 0.835091 315.563 0.0705596 0.99714 0.0270606 -2.84759 -0.832263 0.0738035 -0.549447 -63.3125 
-0.554063 0.0158864 0.832323 317.615 0.0702971 0.99714 0.0277634 -2.80512 -0.829501 0.0738926 -0.553595 -64.6509 
-0.558077 0.0160833 0.829633 319.648 0.0713722 0.997037 0.0286819 -2.7592 -0.826714 0.0752195 -0.557571 -65.9909 
-0.562555 0.0158952 0.826607 320.646 0.0724122 0.99692 0.0301106 -2.74143 -0.823583 0.0767953 -0.561973 -66.6387 
-0.566373 0.0155712 0.824002 321.691 0.0718289 0.99695 0.0305318 -2.71681 -0.821013 0.0764796 -0.565764 -67.3288 
-0.569725 0.0152758 0.821693 322.709 0.0722875 0.996883 0.0315882 -2.68809 -0.81865 0.0773948 -0.569054 -68.0172 
-0.572618 0.015177 0.819682 323.727 0.0731411 0.996787 0.032639 -2.65733 -0.816553 0.0786421 -0.571888 -68.712 
-0.575135 0.0148002 0.817925 324.718 0.0712423 0.996944 0.0320555 -2.63217 -0.81495 0.0767071 -0.574432 -69.3884 
-0.57831 0.0141196 0.815695 325.761 0.0679987 0.997205 0.0309481 -2.60811 -0.812978 0.0733638 -0.577654 -70.091 
-0.581542 0.0138908 0.813397 326.809 0.0653245 0.997423 0.0296706 -2.58506 -0.810889 0.0703895 -0.580951 -70.8083 
-0.584542 0.0114545 0.811282 327.855 0.0633574 0.997492 0.0315664 -2.56305 -0.808886 0.0698527 -0.583802 -71.5306 
-0.587682 0.0108768 0.809019 328.903 0.0639589 0.997405 0.0330511 -2.53549 -0.80656 0.0711675 -0.586853 -72.2669 
-0.590574 0.0112062 0.806905 329.962 0.0635209 0.997447 0.0326386 -2.50852 -0.804479 0.0705308 -0.589778 -73.0128 
-0.593588 0.00997823 0.804707 332.014 0.0614548 0.997565 0.0329622 -2.45479 -0.802419 0.0690191 -0.592756 -74.498 
-0.596806 0.00628544 0.802361 334.059 0.0591432 0.997594 0.0361766 -2.39865 -0.800203 0.0690446 -0.595742 -75.9851 
-0.59991 0.0039479 0.800058 336.122 0.0566755 0.997685 0.037574 -2.33155 -0.798058 0.0678847 -0.598745 -77.5004 
-0.602989 0.0032328 0.797743 338.172 0.0554814 0.99774 0.0378934 -2.26055 -0.795818 0.0671092 -0.601806 -79.0188 
-0.6056 0.0034754 0.795761 340.216 0.055128 0.997771 0.0375965 -2.19245 -0.793857 0.0666372 -0.604442 -80.5445 
-0.608433 0.00290743 0.7936 342.264 0.0549417 0.997748 0.0384671 -2.12658 -0.791701 0.0670064 -0.607223 -82.0811 
-0.611291 0.00210607 0.791403 344.317 0.0543562 0.997747 0.0393303 -2.05955 -0.789537 0.0670599 -0.610028 -83.6385 
-0.614064 0.000695946 0.789256 346.362 0.0511868 0.997929 0.0389449 -1.99136 -0.787594 0.0643141 -0.612829 -85.1955 
-0.616976 -0.00292817 0.786976 348.404 0.0410976 0.998509 0.0359351 -1.92784 -0.785908 0.0545139 -0.615936 -86.7533 
-0.620259 -0.000436811 0.784397 350.435 0.033324 0.999082 0.0269072 -1.87685 -0.783689 0.0428286 -0.619675 -88.3083 
-0.62294 0.00979161 0.782208 352.461 0.0432763 0.998822 0.0219615 -1.84102 -0.781072 0.0475317 -0.62263 -89.8994 
-0.623991 0.0107793 0.781357 354.478 0.0505362 0.998368 0.0265851 -1.80725 -0.779796 0.0560757 -0.623518 -91.5009 
-0.626198 0.0014879 0.779663 356.512 0.0492821 0.998074 0.0376769 -1.74996 -0.778105 0.0620166 -0.625065 -93.1085 
-0.62918 -0.0090089 0.777207 358.556 0.0431509 0.997986 0.0465004 -1.66433 -0.776061 0.0627944 -0.627524 -94.7269 
-0.632302 -0.0151112 0.774575 360.567 0.037126 0.99807 0.0497781 -1.56825 -0.773832 0.0602316 -0.630521 -96.3259 
-0.635103 -0.015466 0.772273 362.57 0.0360228 0.998119 0.0496134 -1.47303 -0.771587 0.059329 -0.633351 -97.9373 
-0.637678 -0.010268 0.770235 364.565 0.0414033 0.998009 0.0475823 -1.38434 -0.76919 0.0622324 -0.635983 -99.5647 
-0.639937 -0.0037211 0.768418 366.555 0.0459744 0.998012 0.0431203 -1.30214 -0.767051 0.0629218 -0.638494 -101.202 
-0.642472 -0.000842932 0.766309 368.544 0.0469321 0.998079 0.0404457 -1.22562 -0.764871 0.0619497 -0.641198 -102.846 
-0.645408 -0.000917292 0.763837 370.536 0.0466103 0.998088 0.0405822 -1.15021 -0.762415 0.0617947 -0.644132 -104.5 
-0.648301 -0.0015025 0.761382 372.526 0.0472978 0.997987 0.0422425 -1.07141 -0.759913 0.0633975 -0.646925 -106.165 
-0.6508 -0.00231712 0.759245 374.513 0.0475866 0.997905 0.0438352 -0.99014 -0.757756 0.0646579 -0.649326 -107.84 
-0.652699 -0.00184514 0.757615 376.512 0.0481276 0.997876 0.043893 -0.906113 -0.756087 0.0651111 -0.651224 -109.536 
-0.654105 -0.00177741 0.756402 378.519 0.0481921 0.997868 0.0440194 -0.822676 -0.754867 0.0652459 -0.652625 -111.246 
-0.655609 -0.00107801 0.7551 380.083 0.0489424 0.997836 0.0439184 -0.757939 -0.753513 0.0657497 -0.654137 -112.599 
-0.657003 -0.001507 0.753886 381.1 0.0503752 0.997675 0.0458957 -0.715176 -0.752203 0.0681308 -0.6554 -113.523 
-0.658029 -0.00180486 0.75299 382.11 0.0523544 0.997467 0.0481428 -0.66264 -0.75117 0.0711017 -0.656268 -114.448 
-0.659232 -0.002031 0.751937 383.107 0.0540495 0.997282 0.0500795 -0.604801 -0.749995 0.0736558 -0.65733 -115.367 
-0.660623 -0.00161225 0.750716 384.119 0.0527218 0.997429 0.0485368 -0.541596 -0.748865 0.0716436 -0.658839 -116.292 
-0.662111 -0.00124452 0.749405 385.109 0.0489099 0.997795 0.0448697 -0.487746 -0.747808 0.066362 -0.66059 -117.208 
-0.663402 -0.00179372 0.748261 386.097 0.0460485 0.998004 0.0432186 -0.442225 -0.746845 0.0631276 -0.661995 -118.129 
-0.664515 -0.00240225 0.747271 387.083 0.0456138 0.998 0.0437706 -0.402179 -0.745881 0.0631721 -0.663077 -119.058 
-0.665326 -0.00374368 0.746544 388.063 0.0433596 0.998106 0.0436476 -0.366254 -0.745293 0.0614097 -0.663903 -119.987 
-0.666085 -0.00477248 0.74586 389.033 0.0405934 0.998266 0.0426392 -0.332133 -0.74477 0.0586783 -0.664736 -120.913 
-0.666765 -0.00529669 0.745249 390.009 0.0398064 0.998294 0.0427094 -0.300431 -0.744204 0.0581428 -0.665417 -121.845 
-0.667187 -0.00654092 0.744861 390.989 0.0405891 0.998157 0.0451217 -0.267293 -0.743783 0.0603378 -0.665692 -122.782 
-0.667106 -0.00763393 0.744923 392.029 0.0432168 0.997867 0.0489283 -0.22418 -0.743708 0.0648336 -0.665353 -123.745 
-0.666282 -0.00865458 0.74565 394.014 0.0478504 0.997376 0.0543334 -0.119692 -0.744163 0.071881 -0.664119 -125.513 
-0.664896 -0.00932425 0.746878 395.995 0.0516232 0.996957 0.0584031 -0.000880175 -0.74515 0.0773882 -0.662392 -127.274 
-0.663238 -0.0118164 0.748315 397.976 0.0458542 0.997355 0.05639 0.121169 -0.747002 0.0717134 -0.660943 -129.018 
-0.662336 -0.0126042 0.749101 399.967 0.0386606 0.997951 0.050974 0.233349 -0.748209 0.0627226 -0.660491 -130.753 
-0.660599 -0.0147008 0.750595 401.958 0.0339713 0.998199 0.0494484 0.332417 -0.74997 0.0581642 -0.65891 -132.485 
-0.658077 -0.0147472 0.752806 403.955 0.0324856 0.998321 0.0479546 0.428359 -0.752249 0.0560132 -0.656494 -134.216 
-0.655354 -0.0140113 0.755192 405.947 0.0346124 0.998221 0.0485569 0.525138 -0.754528 0.057961 -0.653703 -135.94 
-0.652532 -0.0141123 0.757629 407.944 0.0352357 0.99818 0.0489409 0.624725 -0.756941 0.0586311 -0.650848 -137.657 
-0.650197 -0.0132054 0.759651 409.952 0.033072 0.998409 0.0456627 0.720049 -0.759046 0.054813 -0.648726 -139.366 
-0.64861 -0.0180972 0.760906 411.963 0.0262379 0.998591 0.046116 0.810245 -0.760669 0.0498759 -0.647221 -141.062 
-0.647655 -0.0242361 0.761549 413.987 0.0178038 0.99874 0.0469257 0.899388 -0.761726 0.0439501 -0.646407 -142.753 
-0.647066 -0.0275695 0.761936 416.013 0.0108261 0.998913 0.0453381 0.989979 -0.762358 0.0375855 -0.646064 -144.442 
-0.646392 -0.0280964 0.762488 418.035 0.00913496 0.998965 0.0445543 1.07843 -0.762951 0.0357648 -0.645467 -146.133 
-0.645318 -0.027885 0.763405 420.06 0.0113749 0.998872 0.0461013 1.16562 -0.763829 0.0384336 -0.644273 -147.83 
-0.643998 -0.0287235 0.764488 422.084 0.0131903 0.998729 0.0486358 1.25846 -0.764913 0.0414052 -0.642801 -149.524 
-0.642609 -0.0309706 0.765568 424.117 0.0116016 0.998675 0.0501391 1.35745 -0.766106 0.0411016 -0.641399 -151.213 
-0.641633 -0.0313646 0.76637 426.151 0.00937281 0.998768 0.0487231 1.4572 -0.766954 0.0384454 -0.640549 -152.897 
-0.64072 -0.030398 0.767173 428.188 0.00832123 0.998882 0.0465288 1.55327 -0.76773 0.0361958 -0.639751 -154.579 
-0.639643 -0.0288428 0.768131 430.225 0.00927811 0.998933 0.0452354 1.64302 -0.768616 0.0360613 -0.638693 -156.261 
-0.638485 -0.0281396 0.76912 432.267 0.0115293 0.99887 0.0461164 1.73178 -0.769548 0.038312 -0.637439 -157.946 
-0.637255 -0.0282771 0.770134 434.331 0.0132043 0.998779 0.0475983 1.82343 -0.77054 0.0405013 -0.636104 -159.645 
-0.636328 -0.0285047 0.770892 435.538 0.0129959 0.998779 0.0476584 1.87863 -0.77131 0.0403448 -0.63518 -160.635 
-0.635293 -0.0294052 0.771712 436.046 0.0119419 0.998781 0.0478884 1.90302 -0.772179 0.0396389 -0.634167 -161.06 
-0.634569 -0.0299691 0.772285 436.55 0.0123277 0.998728 0.0488858 1.93307 -0.772768 0.0405418 -0.633392 -161.485 
-0.6338 -0.030352 0.772901 437.054 0.012423 0.998701 0.0494065 1.96467 -0.773397 0.0409156 -0.6326 -161.908 
-0.633235 -0.0293981 0.773401 437.335 0.0117776 0.998797 0.0476088 1.98476 -0.77387 0.0392563 -0.632127 -162.142 
-0.632947 -0.0280114 0.773688 437.442 0.0119682 0.998872 0.0459552 1.99211 -0.774102 0.0383469 -0.631898 -162.23 
-0.632427 -0.0281412 0.774109 437.801 0.0123716 0.998845 0.0464183 2.00593 -0.774521 0.0389332 -0.631349 -162.517 
-0.632123 -0.0296915 0.774299 437.772 0.0112404 0.998809 0.0474771 2.0044 -0.774786 0.0387148 -0.631037 -162.49 
-0.632037 -0.0308851 0.774323 438.092 0.00973491 0.99881 0.0477852 2.01999 -0.774877 0.0377399 -0.630984 -162.742 
-0.632133 -0.0312856 0.774228 438.621 0.00903427 0.998819 0.0477372 2.04817 -0.774807 0.0371709 -0.631104 -163.169 
-0.632216 -0.0306366 0.774186 438.693 0.00914328 0.998853 0.0469939 2.05522 -0.774738 0.0367889 -0.631211 -163.237 
-0.632255 -0.0298685 0.774185 438.957 0.00982753 0.998867 0.0465628 2.06719 -0.774698 0.0370478 -0.631245 -163.457 
-0.632474 -0.0310908 0.773957 439.394 0.00957435 0.998804 0.0479472 2.08836 -0.774522 0.0377355 -0.63142 -163.816 
-0.632562 -0.0327299 0.773818 439.891 0.00866756 0.998745 0.049329 2.11352 -0.774461 0.0379107 -0.631484 -164.22 
-0.632864 -0.0329738 0.77356 440.321 0.0082735 0.998748 0.0493414 2.13688 -0.774219 0.0376265 -0.631799 -164.567 
-0.633119 -0.0331192 0.773346 440.542 0.00745761 0.998777 0.0488789 2.14968 -0.774019 0.0367135 -0.632097 -164.74 
-0.633277 -0.0321065 0.773259 440.806 0.00764925 0.998831 0.047737 2.16457 -0.773887 0.0361456 -0.632291 -164.95 
-0.633282 -0.031371 0.773285 441.218 0.00861181 0.998831 0.0475736 2.18458 -0.773874 0.0367869 -0.632271 -165.285 
-0.633324 -0.0315688 0.773243 441.487 0.00845338 0.998826 0.0477023 2.19642 -0.773841 0.0367475 -0.632313 -165.502 
-0.633366 -0.0312149 0.773222 441.781 0.0080273 0.998867 0.0468995 2.20955 -0.773811 0.0359115 -0.632398 -165.739 
-0.633311 -0.0312195 0.773267 442.403 0.00692846 0.998917 0.0460043 2.2367 -0.773866 0.0344925 -0.632409 -166.242 
-0.633221 -0.0321207 0.773305 442.578 0.00632509 0.99889 0.0466701 2.23881 -0.773946 0.0344437 -0.632315 -166.38 
-0.63291 -0.0332433 0.773511 442.807 0.00599602 0.998837 0.0478333 2.24559 -0.774202 0.0349122 -0.631975 -166.564 
-0.632606 -0.0344691 0.773707 443.038 0.00572247 0.998774 0.0491748 2.2566 -0.774453 0.0355358 -0.631633 -166.751 
-0.632481 -0.0334182 0.773855 443.165 0.00616562 0.99882 0.0481724 2.26395 -0.774552 0.0352394 -0.631528 -166.857 
-0.6326 -0.0322212 0.773808 443.302 0.0075174 0.998832 0.0477367 2.26969 -0.774442 0.0360153 -0.631619 -166.969 
-0.632485 -0.0321404 0.773906 443.426 0.00823924 0.998803 0.048214 2.27497 -0.774529 0.036871 -0.631463 -167.076 
-0.632386 -0.0328503 0.773957 443.619 0.0077163 0.998784 0.0486978 2.28564 -0.774615 0.0367679 -0.631363 -167.239 
-0.632383 -0.0332493 0.773942 443.827 0.00678783 0.998802 0.0484559 2.29743 -0.774626 0.035896 -0.6314 -167.411 
-0.632509 -0.0330021 0.77385 444.159 0.00633901 0.998838 0.0477783 2.31194 -0.774527 0.0351256 -0.631565 -167.682 
-0.632428 -0.0344277 0.773854 444.321 0.00553536 0.998785 0.0489584 2.31788 -0.7746 0.0352462 -0.631469 -167.814 
-0.632622 -0.0360703 0.77362 444.502 0.00510978 0.998699 0.0507432 2.32725 -0.774444 0.0360543 -0.631615 -167.956 
-0.633214 -0.0369758 0.773093 444.636 0.00425066 0.998677 0.0512467 2.33874 -0.773965 0.0357363 -0.632219 -168.064 
-0.633886 -0.0356243 0.772606 444.887 0.00376722 0.998785 0.049144 2.35452 -0.773418 0.0340623 -0.632981 -168.267 
-0.634332 -0.0333981 0.772339 445.365 0.00360405 0.998928 0.0461565 2.3774 -0.773052 0.0320621 -0.633531 -168.658 
-0.634266 -0.03278 0.77242 445.861 0.00395972 0.99895 0.045645 2.3949 -0.773105 0.0320096 -0.63347 -169.071 
-0.634254 -0.0345581 0.772352 446.174 0.00449554 0.998819 0.0483828 2.405 -0.773112 0.0341591 -0.633349 -169.338 
-0.634736 -0.035406 0.771918 446.396 0.00519391 0.998732 0.0500803 2.41688 -0.772712 0.0357971 -0.633747 -169.524 
-0.634719 -0.0347237 0.771963 446.616 0.00566801 0.998754 0.0495853 2.43293 -0.772722 0.0358482 -0.633731 -169.714 
-0.634829 -0.0338249 0.771912 447.025 0.00593318 0.998798 0.0486465 2.45461 -0.77263 0.0354621 -0.633865 -170.056 
-0.63529 -0.0329647 0.77157 447.266 0.00634079 0.998832 0.0478952 2.46436 -0.772248 0.0353197 -0.634339 -170.255 
-0.635231 -0.0330014 0.771617 447.499 0.00724083 0.998788 0.0486784 2.46817 -0.772288 0.0365092 -0.634223 -170.456 
-0.635065 -0.0335266 0.771731 447.761 0.00793961 0.998722 0.0499214 2.47762 -0.772418 0.0378306 -0.633987 -170.69 
-0.634877 -0.0343406 0.771849 448.038 0.00757419 0.998687 0.050663 2.49086 -0.772576 0.0380109 -0.633784 -170.931 
-0.635003 -0.0338662 0.771767 447.97 0.00796939 0.998698 0.0503814 2.48792 -0.772468 0.0381429 -0.633907 -170.894 
-0.63467 -0.033301 0.772065 448.058 0.00910897 0.998679 0.0505634 2.49236 -0.772729 0.0391238 -0.633529 -170.989 
-0.634467 -0.03393 0.772205 448.257 0.00950587 0.998618 0.0516887 2.50146 -0.772892 0.0401352 -0.633267 -171.164 
-0.634049 -0.0355485 0.772475 448.638 0.00779556 0.998598 0.0523531 2.52383 -0.773253 0.0392163 -0.632883 -171.488 
-0.633737 -0.0370445 0.772661 449.106 0.00616361 0.998579 0.0529313 2.54961 -0.773524 0.0383069 -0.632609 -171.874 
-0.633305 -0.0362207 0.773054 449.6 0.00613489 0.998638 0.051816 2.57676 -0.773878 0.0375579 -0.63222 -172.284 
-0.632805 -0.0344433 0.773545 450.092 0.00805103 0.998663 0.0510532 2.60239 -0.774269 0.0385346 -0.631682 -172.697 
-0.632404 -0.0332951 0.773923 450.454 0.00950457 0.998667 0.0507304 2.61605 -0.77458 0.0394379 -0.631245 -172.996 
-0.631649 -0.0336469 0.774524 450.954 0.0100405 0.998619 0.0515704 2.64169 -0.775189 0.040351 -0.630439 -173.414 
-0.630994 -0.0343037 0.775029 451.45 0.0104376 0.998556 0.0526952 2.67041 -0.775717 0.0413399 -0.629725 -173.827 
-0.630423 -0.0332517 0.77554 451.948 0.0108977 0.998605 0.0516743 2.69924 -0.776176 0.0410283 -0.62918 -174.24 
-0.629776 -0.0333483 0.77606 452.428 0.0103961 0.998627 0.0513486 2.72301 -0.776707 0.0404061 -0.628565 -174.627 
-0.629235 -0.0334028 0.776497 452.884 0.0100818 0.998641 0.0511286 2.74407 -0.77715 0.0400004 -0.628043 -174.993 
-0.62878 -0.0341559 0.776833 453.387 0.00959888 0.998618 0.0516768 2.76894 -0.777524 0.0399501 -0.627583 -175.391 
-0.628751 -0.0343803 0.776846 453.605 0.00925359 0.998621 0.0516847 2.78131 -0.777552 0.0396854 -0.627566 -175.558 
-0.628326 -0.0353516 0.777146 454.158 0.00810893 0.998615 0.0519821 2.80952 -0.777908 0.0389636 -0.627169 -175.998 
-0.628015 -0.036161 0.777361 454.654 0.00657529 0.998638 0.0517664 2.8343 -0.778174 0.0376214 -0.626921 -176.389 
-0.628383 -0.0354658 0.777095 455.009 0.00596651 0.998711 0.0504048 2.85174 -0.777881 0.0363101 -0.627361 -176.668 
-0.628306 -0.0353568 0.777162 455.095 0.00687269 0.998675 0.0509908 2.85445 -0.777936 0.037379 -0.627231 -176.742 
-0.628368 -0.0365222 0.777058 455.562 0.00705937 0.998588 0.0526428 2.88024 -0.777884 0.0385646 -0.627223 -177.114 
-0.628485 -0.0380369 0.776891 456.049 0.00565515 0.998554 0.0534644 2.90961 -0.777801 0.037995 -0.627361 -177.497 
-0.628696 -0.0374336 0.77675 456.548 0.00487366 0.998631 0.0520714 2.93999 -0.777636 0.0365227 -0.627653 -177.894 
-0.628806 -0.0354721 0.776753 457.028 0.0054163 0.998735 0.049994 2.96726 -0.777544 0.0356436 -0.627818 -178.28 
-0.628732 -0.0340523 0.776876 457.464 0.00590179 0.998803 0.0485563 2.98704 -0.777599 0.0351139 -0.627779 -178.632 
-0.628758 -0.0338718 0.776863 457.933 0.00642098 0.998791 0.0487449 3.00657 -0.777574 0.035637 -0.627781 -179.01 
-0.62885 -0.0346938 0.776753 458.409 0.00652548 0.998733 0.0498916 3.02732 -0.7775 0.036443 -0.627827 -179.393 
-0.628782 -0.035313 0.776779 458.894 0.00681037 0.99868 0.0509136 3.05048 -0.777551 0.0373037 -0.627712 -179.785 
-0.628552 -0.0359357 0.776937 459.092 0.0066147 0.998649 0.0515419 3.06001 -0.777739 0.037536 -0.627465 -179.947 
-0.628406 -0.0355204 0.777074 459.575 0.00633463 0.99869 0.0507733 3.08734 -0.77786 0.0368287 -0.627358 -180.335 
-0.628231 -0.0352672 0.777227 460.045 0.00579495 0.998732 0.0500022 3.11097 -0.778005 0.0359169 -0.627231 -180.71 
-0.627868 -0.0354979 0.77751 460.496 0.00591305 0.998713 0.0503721 3.13242 -0.778297 0.0362245 -0.62685 -181.078 
-0.627475 -0.0358278 0.777812 460.935 0.0060086 0.998688 0.0508491 3.1555 -0.778614 0.0365801 -0.626436 -181.438 
-0.627201 -0.0364664 0.778003 461.396 0.00546819 0.998673 0.0512178 3.17956 -0.778838 0.0363781 -0.626169 -181.816 
-0.626647 -0.0367196 0.778438 461.885 0.00510784 0.998674 0.0512202 3.20445 -0.779287 0.0360731 -0.625628 -182.214 
-0.62636 -0.0357076 0.778716 462.367 0.00502479 0.998745 0.0498386 3.22916 -0.779518 0.0351297 -0.625394 -182.601 
-0.625937 -0.035992 0.779043 462.818 0.0050747 0.998725 0.0502187 3.2502 -0.779857 0.0353871 -0.624956 -182.961 
-0.625581 -0.0362248 0.779318 463.134 0.00555636 0.998689 0.050882 3.26745 -0.78014 0.0361609 -0.624559 -183.216 
-0.625292 -0.036525 0.779536 463.132 0.00570234 0.998664 0.0513663 3.26921 -0.78037 0.0365641 -0.624248 -183.218 
-0.62495 -0.0355244 0.779856 462.102 0.00575818 0.998727 0.050109 3.21989 -0.780644 0.0358062 -0.62395 -182.409 
-0.624347 -0.0339568 0.780409 462.612 0.00648931 0.998795 0.0486507 3.24421 -0.78112 0.0354392 -0.623374 -182.824 
