1 0 -0 0 -0 1 0 0 0 -0 1 -0 
0.999996 0.00271085 0.000344855 -0.00838053 -0.0027114 0.999995 0.00160993 -0.016499 -0.000340489 -0.00161086 0.999999 0.768953 
0.999985 0.00543577 0.000573635 -0.015081 -0.00543691 0.999983 0.00200114 -0.0329924 -0.000562747 -0.00200423 0.999998 1.52552 
0.999976 0.00679411 0.0010462 -0.0215036 -0.00679587 0.999975 0.00168226 -0.0491954 -0.00103475 -0.00168933 0.999998 2.26713 
0.999961 0.00877379 0.00121583 -0.0283581 -0.00877546 0.999961 0.00137699 -0.0644324 -0.0012037 -0.00138761 0.999998 2.9936 
0.999959 0.00885651 0.00164901 -0.0333404 -0.00885845 0.99996 0.00117846 -0.0795924 -0.00163851 -0.00119302 0.999998 3.704 
0.999957 0.00900716 0.00199796 -0.0368564 -0.00901152 0.999957 0.00218121 -0.0952239 -0.00197823 -0.00219912 0.999996 4.39813 
0.999948 0.00982662 0.00263516 -0.0396735 -0.00983967 0.999939 0.00498396 -0.108456 -0.00258602 -0.00500963 0.999984 5.07373 
0.999945 0.00961832 0.00410879 -0.0411611 -0.00965494 0.999913 0.00898794 -0.118828 -0.00402198 -0.00902712 0.999951 5.7301 
0.999946 0.00888149 0.00540995 -0.0393921 -0.00894881 0.999881 0.0125506 -0.129038 -0.00529784 -0.0125983 0.999907 6.36373 
0.999947 0.00802746 0.00644316 -0.0370568 -0.00812228 0.999857 0.014827 -0.139493 -0.00632321 -0.0148786 0.999869 6.97068 
0.999935 0.00850251 0.00763936 -0.0362483 -0.00861439 0.999854 0.014734 -0.14973 -0.00751297 -0.0147989 0.999862 7.55023 
0.999917 0.00944853 0.00876986 -0.0348718 -0.00955468 0.999881 0.0121428 -0.158629 -0.00865409 -0.0122256 0.999888 8.10205 
0.999908 0.00944507 0.00968554 -0.0311383 -0.00953579 0.999911 0.00936329 -0.164806 -0.00959624 -0.0094548 0.999909 8.62536 
0.999906 0.00773644 0.0113024 -0.0239537 -0.0078255 0.999939 0.00785712 -0.169971 -0.0112409 -0.00794483 0.999905 9.12401 
0.999906 0.00395012 0.013122 -0.0136741 -0.00402248 0.999977 0.00549219 -0.177896 -0.0131 -0.00554445 0.999899 9.59232 
0.999886 0.00214505 0.0149579 -0.00464584 -0.00221089 0.999988 0.0043868 -0.187064 -0.0149483 -0.00441937 0.999879 10.033 
0.999834 0.00633582 0.0170872 -0.00411248 -0.00637942 0.999977 0.0024985 -0.198738 -0.0170709 -0.00260709 0.999851 10.4425 
0.999739 0.0107129 0.0201547 -0.0039502 -0.0107512 0.999941 0.00178938 -0.208779 -0.0201343 -0.0020056 0.999795 10.8233 
0.99966 0.0112236 0.0235542 0.00415951 -0.0112934 0.999932 0.00283416 -0.215809 -0.0235208 -0.0030992 0.999719 11.1757 
0.999622 0.00701415 0.0265928 0.0200432 -0.00710416 0.999969 0.00329195 -0.221329 -0.0265689 -0.00347962 0.999641 11.4962 
0.999576 0.0021565 0.0290224 0.0396039 -0.00224618 0.999993 0.00305772 -0.224571 -0.0290156 -0.00312162 0.999574 11.7859 
0.999505 -0.00135995 0.0314234 0.0538095 0.00122218 0.99999 0.00440323 -0.231194 -0.031429 -0.00436264 0.999496 12.0492 
0.99942 -0.00164521 0.0340052 0.0630964 0.00145807 0.999984 0.00552743 -0.237759 -0.0340137 -0.00547464 0.999406 12.2811 
0.999347 -0.00089271 0.0361285 0.0696747 0.000727061 0.999989 0.00459788 -0.242779 -0.0361322 -0.00456861 0.999337 12.4866 
0.999267 0.000111646 0.0382784 0.0767413 -0.000231929 0.999995 0.00313788 -0.247202 -0.0382779 -0.00314446 0.999262 12.6732 
0.999164 0.0022791 0.040818 0.0808286 -0.00237829 0.999994 0.00238185 -0.252879 -0.0408124 -0.00247693 0.999164 12.846 
0.999084 0.00503415 0.0424951 0.0843407 -0.00511824 0.999985 0.00187019 -0.261182 -0.042485 -0.00208598 0.999095 13.0103 
0.999015 0.00632609 0.0439096 0.0886172 -0.00635659 0.99998 0.00055515 -0.268946 -0.0439052 -0.000833718 0.999035 13.1672 
0.998934 0.00547218 0.0458431 0.0980495 -0.00542293 0.999985 -0.00119878 -0.27304 -0.045849 0.000948895 0.998948 13.3186 
0.998872 0.00411031 0.0472972 0.108919 -0.00398874 0.999988 -0.0026644 -0.275891 -0.0473076 0.00247274 0.998877 13.4633 
0.998818 0.00334716 0.0484967 0.117629 -0.00317119 0.999988 -0.00370491 -0.278981 -0.0485085 0.00354674 0.998816 13.6005 
0.998739 0.00403096 0.0500476 0.123675 -0.00378401 0.99998 -0.00502815 -0.282668 -0.0500669 0.00483243 0.998734 13.7308 
0.998673 0.00495565 0.0512615 0.130673 -0.00459425 0.999964 -0.00716554 -0.285577 -0.0512952 0.00692052 0.99866 13.8565 
0.998631 0.00497734 0.052078 0.137387 -0.00449877 0.999947 -0.0093027 -0.28965 -0.0521215 0.00905567 0.9986 13.98 
0.998596 0.00408206 0.0528214 0.145151 -0.003475 0.999927 -0.0115793 -0.293461 -0.0528649 0.0113795 0.998537 14.1023 
0.998624 0.00315169 0.0523427 0.152145 -0.00245022 0.999906 -0.0134604 -0.296709 -0.0523802 0.0133136 0.998538 14.2262 
0.998732 0.0027156 0.0502746 0.157539 -0.0019812 0.999891 -0.0146518 -0.299394 -0.0503089 0.0145337 0.998628 14.3518 
0.998875 0.00288662 0.0473264 0.161244 -0.00215053 0.999876 -0.0155972 -0.302103 -0.0473656 0.0154778 0.998758 14.4767 
0.999065 0.00320117 0.0431185 0.16861 -0.00248116 0.999857 -0.0167415 -0.304337 -0.0431659 0.0166189 0.99893 14.6086 
0.999304 0.00326991 0.0371649 0.179819 -0.00261162 0.999839 -0.0177473 -0.307156 -0.037217 0.0176379 0.999152 14.745 
0.999528 0.00345217 0.0305227 0.181649 -0.00288658 0.999824 -0.0185547 -0.30748 -0.0305814 0.0184578 0.999362 14.8676 
0.999729 0.00324724 0.0230635 0.19479 -0.00279999 0.999808 -0.0193977 -0.306196 -0.0231221 0.0193279 0.999546 15.0198 
0.999882 0.00314055 0.0150216 0.18888 -0.0028344 0.999789 -0.0203583 -0.308847 -0.0150824 0.0203133 0.99968 15.1441 
0.999986 0.00194299 0.0049449 0.181414 -0.00183555 0.999764 -0.021639 -0.310915 -0.00498578 0.0216296 0.999754 15.2744 
0.999968 0.000404585 -0.00801281 0.171 -0.000591285 0.999728 -0.0233115 -0.314113 0.0080012 0.0233155 0.999696 15.4121 
0.999707 -0.000245066 -0.024197 0.153389 -0.000365015 0.999682 -0.0252055 -0.317877 0.0241955 0.0252069 0.999389 15.5613 
0.999054 1.9474e-05 -0.0434908 0.129278 -0.00115694 0.999658 -0.0261292 -0.322556 0.0434754 0.0261548 0.998712 15.724 
0.997866 0.000730532 -0.0652841 0.098313 -0.00241345 0.999667 -0.0257032 -0.327504 0.0652436 0.0258059 0.997536 15.9032 
0.996039 0.00131414 -0.0889104 0.0602055 -0.00348248 0.9997 -0.0242372 -0.333886 0.0888519 0.0244508 0.995745 16.0993 
0.99328 0.0021531 -0.115716 0.0131967 -0.00482399 0.999728 -0.0228063 -0.338503 0.115635 0.0232113 0.993021 16.3066 
0.989303 0.00319142 -0.145838 -0.0443834 -0.00627995 0.999766 -0.0207224 -0.345427 0.145737 0.0214166 0.989091 16.5266 
0.983841 0.00315034 -0.179016 -0.110868 -0.00632583 0.999833 -0.0171705 -0.353509 0.178932 0.0180255 0.983696 16.7563 
0.976418 0.00409517 -0.21585 -0.192048 -0.00713617 0.999886 -0.013311 -0.356773 0.215771 0.0145375 0.976336 16.9961 
0.966732 0.00580238 -0.255725 -0.285953 -0.00809826 0.999936 -0.00792586 -0.362304 0.255663 0.00973312 0.966717 17.2433 
0.954766 0.0097342 -0.297199 -0.400968 -0.0111519 0.999933 -0.00307501 -0.366614 0.297149 0.00625024 0.954811 17.4983 
0.940593 0.0133523 -0.339275 -0.531714 -0.0137376 0.999905 0.00126609 -0.369966 0.339259 0.00346995 0.940687 17.7584 
0.923876 0.0158079 -0.382365 -0.677759 -0.0142307 0.999875 0.00695297 -0.375111 0.382427 -0.000982369 0.923985 18.0262 
0.904644 0.0189997 -0.425745 -0.846413 -0.0142306 0.999795 0.01438 -0.375881 0.425931 -0.00695014 0.904729 18.3037 
0.882819 0.023246 -0.469139 -1.03029 -0.01513 0.999664 0.0210622 -0.379545 0.469471 -0.0114961 0.882873 18.5749 
0.858069 0.028242 -0.512758 -1.23798 -0.0176556 0.999519 0.0255065 -0.378788 0.513232 -0.0128333 0.858154 18.843 
0.830195 0.0313401 -0.556592 -1.46289 -0.018452 0.999416 0.0287518 -0.376901 0.557168 -0.0135994 0.830288 19.1084 
0.799591 0.0348967 -0.59953 -1.71331 -0.0209493 0.999323 0.0302274 -0.370138 0.60018 -0.0116098 0.799781 19.3709 
0.765996 0.0374573 -0.641753 -1.98419 -0.0212843 0.999231 0.0329174 -0.362571 0.642492 -0.0115554 0.766205 19.6306 
0.729404 0.0413274 -0.682834 -2.28601 -0.022428 0.999082 0.0365101 -0.348907 0.683716 -0.011316 0.729661 19.8911 
0.690795 0.0426037 -0.721795 -2.61219 -0.0203004 0.999012 0.0395377 -0.337838 0.722766 -0.0126597 0.690977 20.1484 
0.6503 0.0424538 -0.75849 -2.96594 -0.0176433 0.999012 0.0407894 -0.325474 0.759472 -0.0131431 0.650407 20.4042 
0.607972 0.0413637 -0.79288 -3.34468 -0.0123148 0.999013 0.0426746 -0.313568 0.793863 -0.0161808 0.607882 20.6521 
0.563555 0.0413402 -0.825043 -3.75227 -0.00759106 0.998964 0.0448697 -0.297818 0.826044 -0.0190236 0.563285 20.8932 
0.517134 0.0427728 -0.854835 -4.19023 -0.0057403 0.998901 0.0465087 -0.27881 0.855885 -0.0191442 0.516811 21.1145 
0.467746 0.0423715 -0.882847 -4.65457 -0.00450785 0.998952 0.0455555 -0.257167 0.883851 -0.0173287 0.467447 21.3163 
0.415683 0.0412185 -0.908575 -5.14295 0.000661601 0.998959 0.0456215 -0.237007 0.909509 -0.0195652 0.415223 21.5038 
0.362353 0.0403852 -0.931165 -5.65867 0.00603254 0.998938 0.045672 -0.218276 0.932021 -0.0221667 0.361725 21.6723 
0.308686 0.03937 -0.950349 -6.2031 0.00857726 0.998987 0.044171 -0.194081 0.951125 -0.0217863 0.308035 21.8131 
0.255679 0.0452397 -0.965703 -6.7795 0.00936281 0.998742 0.0492664 -0.166916 0.966716 -0.0216381 0.254934 21.9267 
0.204464 0.0503528 -0.977578 -7.38075 0.0121163 0.998469 0.0539631 -0.141939 0.978799 -0.0228781 0.203541 22.0191 
0.156128 0.0516714 -0.986384 -7.99917 0.0177482 0.998323 0.055106 -0.117671 0.987577 -0.0261102 0.154949 22.094 
0.11181 0.053175 -0.992306 -8.64169 0.0203782 0.998235 0.0557889 -0.0972284 0.993521 -0.0264591 0.110529 22.1422 
0.0714994 0.0514674 -0.996112 -9.30099 0.0202151 0.998388 0.053036 -0.0693396 0.997236 -0.0239286 0.0703437 22.1615 
0.036108 0.0471568 -0.998235 -9.97838 0.0175976 0.998701 0.0478153 -0.0339972 0.999193 -0.019293 0.0352313 22.1569 
0.00762934 0.0471668 -0.998858 -10.6815 0.0153318 0.998764 0.0472794 0.000496838 0.999853 -0.015675 0.00689676 22.1371 
-0.0133466 0.0513413 -0.998592 -11.4076 0.01402 0.998592 0.051154 0.0314192 0.999813 -0.0133176 -0.0140476 22.1084 
-0.0262046 0.0573539 -0.99801 -12.1557 0.0154981 0.998256 0.0569612 0.0636843 0.999536 -0.0139746 -0.0270477 22.0776 
-0.0341444 0.0600209 -0.997613 -12.9181 0.015167 0.998111 0.0595317 0.0966041 0.999302 -0.0130981 -0.0349902 22.0425 
-0.0380255 0.0572385 -0.997636 -13.6944 0.0162969 0.998261 0.0566532 0.130403 0.999144 -0.0141041 -0.0388921 22.0075 
-0.037356 0.0532853 -0.99788 -14.4877 0.0237735 0.998342 0.05242 0.168199 0.999019 -0.0217649 -0.0385608 21.9821 
-0.033166 0.0515152 -0.998121 -15.3035 0.0355525 0.9981 0.0503327 0.211757 0.998817 -0.0338164 -0.0349345 21.9708 
-0.0276079 0.0516649 -0.998283 -16.1438 0.035923 0.99807 0.0506604 0.248713 0.998973 -0.0344627 -0.0294106 21.9505 
-0.0224859 0.0503685 -0.998478 -17.0045 0.0341303 0.998187 0.0495852 0.276854 0.999164 -0.0329634 -0.0241642 21.9276 
-0.0195452 0.0438826 -0.998845 -17.8774 0.0377368 0.998357 0.0431227 0.313489 0.999097 -0.0368504 -0.0211691 21.9183 
-0.0174836 0.0331577 -0.999297 -18.7633 0.0356522 0.998835 0.0325186 0.34279 0.999211 -0.0350586 -0.0186453 21.8987 
-0.0167681 0.0249043 -0.999549 -19.6701 0.0280461 0.999308 0.0244278 0.365749 0.999466 -0.0276238 -0.017455 21.8656 
-0.018274 0.0220039 -0.999591 -20.6066 0.0224504 0.999515 0.0215918 0.389091 0.999581 -0.0220466 -0.0187591 21.8348 
-0.0216979 0.0282214 -0.999366 -21.5724 0.0131913 0.999523 0.0279394 0.406234 0.999678 -0.0125767 -0.0220598 21.7933 
-0.0264873 0.0363082 -0.99899 -22.5607 0.00826815 0.999314 0.0361008 0.429704 0.999615 -0.00730358 -0.0267693 21.7499 
-0.0310672 0.0458725 -0.998464 -23.569 0.00674278 0.998933 0.0456842 0.464167 0.999495 -0.00531315 -0.0313434 21.7102 
-0.0326886 0.0557682 -0.997908 -24.5926 0.00547844 0.998437 0.0556182 0.505236 0.999451 -0.0036489 -0.032943 21.6682 
-0.0337271 0.0634749 -0.997413 -25.6237 0.00735036 0.99797 0.0632618 0.549145 0.999404 -0.00519771 -0.0341252 21.629 
-0.0352298 0.0643109 -0.997308 -26.6528 0.00832312 0.997912 0.0640558 0.599626 0.999345 -0.00604404 -0.0356915 21.5892 
-0.0370253 0.0616106 -0.997413 -27.6823 0.00722322 0.998088 0.0613841 0.649059 0.999288 -0.00493177 -0.0373995 21.5444 
-0.0398511 0.0567108 -0.997595 -28.7128 0.00699957 0.998379 0.0564758 0.694459 0.999181 -0.00473212 -0.0401835 21.4953 
-0.0444119 0.0515763 -0.997681 -29.7453 0.00718565 0.998657 0.0513068 0.735258 0.998987 -0.00489035 -0.0447229 21.4418 
-0.0501256 0.0469825 -0.997637 -30.7828 0.00745481 0.998883 0.0466666 0.772921 0.998715 -0.00509801 -0.0504199 21.3833 
-0.0568684 0.0451048 -0.997362 -31.8299 0.00656465 0.998974 0.0448034 0.80953 0.99836 -0.00399944 -0.0571061 21.3149 
-0.0633543 0.0476034 -0.996855 -32.8877 0.00685645 0.998859 0.0472633 0.845388 0.997968 -0.00384055 -0.0636084 21.2406 
-0.0697337 0.0525476 -0.996181 -33.9542 0.00552703 0.998617 0.0522892 0.881719 0.99755 -0.0018596 -0.0699277 21.1578 
-0.0758248 0.0554982 -0.995575 -35.0226 0.00279169 0.998458 0.0554463 0.922239 0.997117 0.00142487 -0.0758628 21.0652 
-0.080479 0.0577758 -0.99508 -36.0933 -0.000276539 0.998317 0.0579861 0.967058 0.996756 0.00494184 -0.0803276 20.967 
-0.0831095 0.0591104 -0.994786 -37.1654 -0.00470898 0.998205 0.0597069 1.01155 0.996529 0.00964664 -0.0826819 20.8636 
-0.0846893 0.0604603 -0.994571 -38.2413 -0.00861713 0.998076 0.0614071 1.05788 0.99637 0.0137709 -0.0840053 20.758 
-0.0862616 0.0600461 -0.994461 -39.3205 -0.00998858 0.99808 0.061131 1.1045 0.996222 0.0152065 -0.0854962 20.6555 
-0.087666 0.0592803 -0.994384 -40.4005 -0.0102931 0.998121 0.0604105 1.15219 0.996097 0.0155313 -0.086891 20.5537 
-0.0887557 0.0585793 -0.994329 -41.4838 -0.0114783 0.998143 0.0598285 1.19972 0.995987 0.0167234 -0.0879185 20.4497 
-0.0897371 0.0577686 -0.994289 -42.5697 -0.0136294 0.998152 0.0592231 1.24589 0.995872 0.0188661 -0.0887839 20.3436 
-0.0905571 0.0553328 -0.994353 -43.6614 -0.0181072 0.998199 0.0571959 1.29195 0.995727 0.0231844 -0.0893921 20.2324 
-0.0908381 0.0504658 -0.994586 -44.7526 -0.0233817 0.998332 0.0527913 1.33467 0.995591 0.0280506 -0.0895066 20.118 
-0.0899905 0.0497845 -0.994698 -45.8551 -0.0248739 0.998326 0.0522165 1.38043 0.995632 0.029441 -0.0886015 20.0088 
-0.08832 0.0539993 -0.994627 -46.9659 -0.025678 0.998074 0.0564666 1.42464 0.995761 0.0305272 -0.0867634 19.902 
-0.0864751 0.057207 -0.99461 -48.0791 -0.0257198 0.997889 0.0596318 1.46961 0.995922 0.0307379 -0.0848212 19.7978 
-0.0850058 0.0568252 -0.994759 -49.1907 -0.0237092 0.997974 0.0590349 1.52037 0.996098 0.0286033 -0.0834863 19.7003 
-0.082507 0.0560594 -0.995013 -50.3055 -0.0233538 0.998034 0.0581661 1.56835 0.996317 0.0280364 -0.0810355 19.6036 
-0.0784696 0.0566189 -0.995307 -51.4264 -0.0276959 0.997877 0.0589486 1.6165 0.996532 0.0321916 -0.0767349 19.5034 
-0.0728632 0.0576121 -0.995677 -52.5515 -0.0326166 0.997659 0.0601136 1.66371 0.996808 0.0368557 -0.0708134 19.4066 
-0.067026 0.0572879 -0.996105 -53.6794 -0.0363291 0.997548 0.0598154 1.71267 0.99709 0.0401968 -0.0647805 19.3184 
-0.0612469 0.0565228 -0.996521 -54.81 -0.0377544 0.99755 0.0589015 1.762 0.997408 0.0412306 -0.0589629 19.2392 
-0.0555414 0.0558378 -0.996894 -55.9456 -0.037255 0.997624 0.0579544 1.80977 0.997761 0.0403581 -0.0533291 19.1702 
-0.0502522 0.0556299 -0.997186 -57.087 -0.0354549 0.997719 0.0574463 1.85653 0.998107 0.0382419 -0.0481652 19.11 
-0.0448602 0.0563597 -0.997402 -58.233 -0.0344991 0.997724 0.0579296 1.90435 0.998397 0.0370082 -0.0428138 19.0546 
-0.0391765 0.0580568 -0.997544 -59.3831 -0.0334807 0.997674 0.0593792 1.95202 0.998671 0.0357247 -0.0371416 19.0051 
-0.0337415 0.0593675 -0.997666 -60.5375 -0.0341926 0.997581 0.0605188 2.00258 0.998846 0.0361548 -0.0316299 18.9595 
-0.0284297 0.0586315 -0.997875 -61.6931 -0.0337054 0.997654 0.0595788 2.05114 0.999027 0.0353276 -0.0263868 18.9211 
-0.0235347 0.0541246 -0.998257 -62.8475 -0.0338747 0.997917 0.0549048 2.09951 0.999149 0.0351078 -0.0216522 18.8874 
-0.019161 0.048844 -0.998623 -64.0053 -0.0336213 0.99821 0.0494689 2.1434 0.999251 0.0345229 -0.0174845 18.8586 
-0.0154403 0.0482792 -0.998715 -65.1718 -0.0335115 0.998247 0.0487747 2.18621 0.999319 0.0342216 -0.0137953 18.834 
-0.0122112 0.0507563 -0.998636 -66.3458 -0.0327323 0.998155 0.051132 2.22442 0.99939 0.0333121 -0.0105273 18.8146 
-0.010032 0.0504002 -0.998679 -67.5179 -0.0329438 0.99817 0.0507055 2.26682 0.999407 0.033409 -0.00835328 18.7952 
-0.00906571 0.050189 -0.998699 -68.6954 -0.0347384 0.998121 0.0504753 2.31063 0.999355 0.0351508 -0.00730519 18.7761 
-0.00823588 0.0511339 -0.998658 -69.8761 -0.0358543 0.998034 0.0513977 2.35172 0.999323 0.0362295 -0.00638632 18.7589 
-0.00709573 0.0508292 -0.998682 -71.0598 -0.0364724 0.99803 0.0510551 2.39202 0.999309 0.0367866 -0.00522789 18.742 
-0.00589425 0.0487993 -0.998791 -72.245 -0.0368618 0.998119 0.048984 2.43213 0.999303 0.037106 -0.00408433 18.7259 
-0.00515983 0.0475403 -0.998856 -73.4343 -0.0351227 0.998244 0.0476927 2.47198 0.99937 0.0353286 -0.00348102 18.7148 
-0.00481641 0.0474196 -0.998863 -74.6277 -0.0317406 0.998364 0.047549 2.50999 0.999485 0.0319336 -0.0033034 18.7079 
-0.0046137 0.0481251 -0.998831 -75.8221 -0.0294109 0.998403 0.0482403 2.54801 0.999557 0.0295991 -0.00319093 18.7003 
-0.00452131 0.0509191 -0.998693 -77.0181 -0.0291055 0.998273 0.0510295 2.5869 0.999566 0.0292982 -0.00303147 18.6892 
-0.00424359 0.0545621 -0.998501 -78.2153 -0.0314344 0.99801 0.0546688 2.62711 0.999497 0.0316193 -0.00252002 18.6739 
-0.00358202 0.0545288 -0.998506 -79.4072 -0.0336859 0.997939 0.0546187 2.6693 0.999426 0.0338312 -0.00173778 18.6573 
-0.00313758 0.0524709 -0.998618 -80.5946 -0.0348518 0.99801 0.0525485 2.71261 0.999388 0.0349685 -0.00130263 18.6425 
-0.00279259 0.0501149 -0.99874 -81.7817 -0.0345946 0.998141 0.0501815 2.75296 0.999398 0.0346911 -0.0010537 18.6299 
-0.00279664 0.0494072 -0.998775 -82.9715 -0.0324886 0.998247 0.0494721 2.79168 0.999468 0.0325871 -0.00118657 18.6221 
-0.00276518 0.0509383 -0.998698 -84.1614 -0.031089 0.998215 0.0509997 2.8297 0.999513 0.0311895 -0.00117663 18.6154 
-0.00237827 0.0537151 -0.998553 -85.3512 -0.0305463 0.998086 0.0537628 2.8698 0.999531 0.0306299 -0.000732919 18.6069 
-0.00186579 0.0560349 -0.998427 -86.5393 -0.0310864 0.997943 0.0560658 2.91211 0.999515 0.0311421 -0.000120032 18.5973 
-0.00170672 0.0563045 -0.998412 -87.7234 -0.0324353 0.997885 0.0563302 2.95477 0.999472 0.0324799 0.000123138 18.5864 
-0.0013662 0.0542043 -0.998529 -88.9043 -0.0318851 0.99802 0.0542203 2.99817 0.999491 0.0319123 0.000364817 18.5787 
-0.0010855 0.0528147 -0.998604 -90.0838 -0.0303072 0.998144 0.0528233 3.04126 0.99954 0.0303222 0.000517182 18.5729 
-0.000943992 0.0538143 -0.998551 -91.2647 -0.0287016 0.998138 0.0538192 3.08331 0.999588 0.0287108 0.000602322 18.5676 
-0.000677879 0.0566924 -0.998391 -92.4457 -0.0263208 0.998045 0.0566906 3.1266 0.999653 0.0263169 0.000815633 18.564 
-0.000488796 0.0592431 -0.998243 -93.6247 -0.0250302 0.99793 0.0592368 3.17093 0.999687 0.0250152 0.00099508 18.5596 
-3.34324e-05 0.061023 -0.998136 -94.7979 -0.0255304 0.997811 0.061004 3.21865 0.999674 0.0254849 0.00152458 18.5528 
0.000286369 0.062923 -0.998018 -95.9703 -0.0279533 0.997629 0.0628904 3.26893 0.999609 0.0278799 0.0020446 18.5445 
0.000621546 0.0622221 -0.998062 -97.1381 -0.0300003 0.997614 0.0621755 3.31733 0.99955 0.0299035 0.00248674 18.5356 
0.000735775 0.058278 -0.9983 -98.3004 -0.0324137 0.997777 0.0582236 3.36518 0.999474 0.0323158 0.00262315 18.5258 
0.00105918 0.0564697 -0.998404 -99.4631 -0.0335862 0.997843 0.0564024 3.4131 0.999435 0.0334729 0.0029535 18.5187 
0.00117372 0.054757 -0.998499 -100.627 -0.0335387 0.99794 0.0546869 3.45843 0.999437 0.0334242 0.00300778 18.514 
0.00134486 0.0550824 -0.998481 -101.792 -0.0322774 0.997964 0.0550104 3.50502 0.999478 0.0321544 0.00312004 18.5115 
0.00135918 0.0571519 -0.998365 -102.964 -0.0323108 0.997847 0.0570783 3.55257 0.999477 0.0321804 0.00320288 18.5068 
0.00152764 0.0592547 -0.998242 -104.136 -0.0310393 0.997765 0.0591789 3.59942 0.999517 0.0308943 0.00336345 18.5044 
0.00097757 0.0582619 -0.998301 -105.307 -0.0348405 0.997697 0.0581926 3.65048 0.999392 0.0347244 0.00300519 18.4947 
0.0006121 0.0594766 -0.99823 -106.485 -0.0388411 0.997478 0.059408 3.70175 0.999245 0.038736 0.00292069 18.484 
0.000538045 0.0586729 -0.998277 -107.665 -0.0421317 0.997392 0.0585981 3.75318 0.999112 0.0420276 0.00300863 18.4707 
0.00036016 0.0548503 -0.998495 -108.845 -0.0429422 0.997574 0.0547843 3.80149 0.999077 0.0428578 0.00271468 18.4615 
-0.000316328 0.0509064 -0.998703 -110.032 -0.0429972 0.997779 0.0508729 3.84941 0.999075 0.0429575 0.00187321 18.4534 
-0.00104648 0.0499214 -0.998753 -111.234 -0.0394111 0.997975 0.0499238 3.89225 0.999223 0.0394141 0.000923091 18.4517 
-0.00146759 0.0491179 -0.998792 -112.439 -0.0347423 0.998188 0.0491392 3.93631 0.999395 0.0347725 0.000241538 18.45 
-0.00195081 0.0509384 -0.9987 -113.651 -0.0339146 0.998124 0.0509752 3.98176 0.999423 0.0339699 -0.000219601 18.4426 
-0.00268649 0.0549404 -0.998486 -114.875 -0.0330011 0.997941 0.0549992 4.02806 0.999452 0.0330989 -0.000867864 18.4333 
-0.00316908 0.0549599 -0.998484 -116.102 -0.0313988 0.997991 0.0550324 4.07807 0.999502 0.0315255 -0.00143704 18.4246 
-0.00365446 0.0505368 -0.998716 -117.331 -0.0313916 0.998224 0.0506268 4.12788 0.9995 0.0315363 -0.00206154 18.4118 
-0.00439691 0.0468188 -0.998894 -118.571 -0.0315414 0.9984 0.0469345 4.17384 0.999493 0.0317129 -0.00291314 18.3975 
-0.00517111 0.0454188 -0.998955 -119.82 -0.0306252 0.998492 0.0455563 4.21481 0.999518 0.0308288 -0.00377235 18.3843 
-0.00569775 0.0466668 -0.998894 -121.076 -0.0324888 0.998374 0.0468279 4.25668 0.999456 0.0327197 -0.00417234 18.368 
-0.00610477 0.0514285 -0.998658 -122.343 -0.0372546 0.997972 0.0516209 4.30098 0.999287 0.0375197 -0.00417644 18.3462 
-0.00636267 0.0547035 -0.998482 -123.611 -0.0426614 0.997579 0.0549258 4.34762 0.999069 0.0429462 -0.00401354 18.3229 
-0.00639274 0.0545954 -0.998488 -124.879 -0.0499962 0.997242 0.0548474 4.39891 0.998729 0.0502713 -0.00364554 18.2947 
-0.00616804 0.0526088 -0.998596 -126.145 -0.05314 0.997187 0.0528628 4.44707 0.998568 0.0533915 -0.00335506 18.2721 
-0.00658808 0.0513794 -0.998657 -127.413 -0.055261 0.997134 0.0516656 4.49286 0.99845 0.0555272 -0.00372993 18.252 
-0.00718138 0.0508429 -0.998681 -128.681 -0.0553477 0.997155 0.0511632 4.5343 0.998441 0.0556421 -0.00434692 18.2347 
-0.00760619 0.0499106 -0.998725 -129.947 -0.0530111 0.997329 0.0502446 4.57538 0.998565 0.0533256 -0.00494006 18.2197 
-0.00794139 0.0505419 -0.99869 -131.213 -0.0530841 0.997292 0.0508933 4.6181 0.998558 0.0534188 -0.00523691 18.2011 
-0.00855795 0.0556516 -0.998414 -132.482 -0.0528814 0.997028 0.0560276 4.66372 0.998564 0.053277 -0.00558958 18.1828 
-0.00908211 0.0598084 -0.998169 -133.751 -0.0516529 0.996849 0.0601994 4.71167 0.998624 0.052105 -0.00596421 18.164 
-0.00896492 0.0584288 -0.998251 -135.013 -0.0520561 0.996911 0.0588178 4.76653 0.998604 0.0524923 -0.00589565 18.1448 
-0.00814929 0.0570672 -0.998337 -136.272 -0.0518194 0.997005 0.057414 4.81921 0.998623 0.0522011 -0.00516769 18.1265 
-0.00695327 0.0564626 -0.998381 -137.528 -0.0508558 0.997093 0.0567439 4.86726 0.998682 0.051168 -0.00406161 18.1106 
-0.00594864 0.0558256 -0.998423 -138.783 -0.0511041 0.997119 0.0560572 4.91486 0.998676 0.0513569 -0.00307858 18.095 
-0.00511531 0.0579181 -0.998308 -140.04 -0.0511138 0.997001 0.0581041 4.96423 0.99868 0.0513245 -0.00213956 18.0817 
-0.00415828 0.0616257 -0.998091 -141.297 -0.0521172 0.996729 0.0617588 5.01554 0.998632 0.0522745 -0.000932916 18.0691 
-0.0027514 0.0626723 -0.99803 -142.547 -0.0537175 0.996584 0.0627295 5.06956 0.998552 0.0537843 0.000624597 18.0552 
-0.00192321 0.0599931 -0.998197 -143.792 -0.0558467 0.996635 0.0600068 5.12345 0.998438 0.0558614 0.00143368 18.042 
-0.00172833 0.0568637 -0.99838 -145.035 -0.0545399 0.996891 0.0568732 5.17572 0.99851 0.0545499 0.00137839 18.0351 
-0.00167743 0.0552521 -0.998471 -146.28 -0.0516545 0.997135 0.055265 5.22371 0.998664 0.0516682 0.00118139 18.0296 
-0.00185876 0.0547178 -0.9985 -147.524 -0.0502681 0.997234 0.054742 5.26974 0.998734 0.0502945 0.000896943 18.0228 
-0.00194516 0.0549827 -0.998485 -148.768 -0.0476456 0.997348 0.0550129 5.31632 0.998862 0.0476804 0.000679686 18.0172 
-0.00208957 0.0535394 -0.998564 -150.01 -0.0456319 0.99752 0.053579 5.35993 0.998956 0.0456783 0.000358715 18.011 
-0.00199961 0.0537067 -0.998555 -151.253 -0.044854 0.997547 0.0537423 5.40589 0.998992 0.0448967 0.000414252 18.0015 
-0.00211475 0.0563287 -0.99841 -152.496 -0.0423734 0.99751 0.0563677 5.45244 0.9991 0.0424252 0.000277352 17.9946 
-0.00225772 0.0576873 -0.998332 -153.736 -0.039795 0.997539 0.0577315 5.50024 0.999205 0.039859 4.35058e-05 17.9877 
-0.00235595 0.056153 -0.998419 -154.972 -0.0376282 0.99771 0.0562019 5.54961 0.999289 0.0377011 -0.000237623 17.9811 
-0.00299048 0.0564391 -0.998402 -156.21 -0.0387728 0.997649 0.0565127 5.59821 0.999244 0.0388799 -0.000795147 17.9695 
-0.00280907 0.0611538 -0.998124 -157.45 -0.0395734 0.99734 0.0612171 5.64952 0.999213 0.0396712 -0.000381534 17.957 
-0.00240089 0.0678391 -0.997693 -158.691 -0.0446084 0.996696 0.0678786 5.70464 0.999002 0.0446685 0.000633238 17.9407 
-0.00106297 0.0678583 -0.997694 -159.923 -0.0492696 0.99648 0.0678282 5.76514 0.998785 0.0492281 0.00228412 17.9237 
0.000310184 0.0641254 -0.997942 -161.149 -0.0529782 0.996541 0.064019 5.82432 0.998596 0.0528493 0.00370636 17.9105 
0.00179997 0.0586413 -0.998277 -162.379 -0.0548925 0.99678 0.0584543 5.87983 0.998491 0.0546927 0.00501314 17.9071 
0.00251652 0.0570317 -0.998369 -163.603 -0.0573056 0.99674 0.0567942 5.92999 0.998354 0.0570692 0.00577656 17.9012 
0.00387549 0.053738 -0.998548 -164.832 -0.0520141 0.997214 0.0534644 5.97591 0.998639 0.0517313 0.00665983 17.9037 
0.00397471 0.049274 -0.998777 -166.054 -0.0486182 0.997614 0.0490231 6.02013 0.99881 0.0483639 0.00636084 17.9074 
0.00375761 0.0459596 -0.998936 -167.281 -0.0423306 0.998055 0.0457598 6.05714 0.999097 0.0421136 0.0056958 17.9138 
0.00274665 0.0489445 -0.998798 -168.512 -0.0399856 0.998008 0.0487959 6.0987 0.999196 0.0398035 0.00469826 17.9161 
0.00346782 0.0553603 -0.99846 -169.748 -0.0404295 0.997658 0.0551754 6.1397 0.999176 0.0401759 0.00569789 17.9132 
0.00504521 0.0585749 -0.99827 -170.979 -0.0420734 0.997411 0.0583119 6.18731 0.999102 0.0417065 0.00749659 17.91 
0.00692401 0.0552275 -0.99845 -172.202 -0.0430514 0.997564 0.05488 6.23638 0.999049 0.0426046 0.00928476 17.9085 
0.00768914 0.0553152 -0.998439 -173.429 -0.045296 0.997463 0.0549123 6.28562 0.998944 0.0448031 0.0101752 17.9078 
0.00858725 0.0564263 -0.99837 -174.655 -0.0432724 0.997492 0.0560045 6.32841 0.999026 0.0427209 0.0110074 17.9136 
0.00923824 0.0544548 -0.998473 -175.87 -0.0434192 0.997596 0.0540052 6.37354 0.999014 0.042854 0.0115804 17.919 
0.0108954 0.053027 -0.998534 -177.062 -0.0436339 0.997667 0.0525049 6.41554 0.998988 0.0429978 0.0131838 17.9242 
0.0126541 0.0549373 -0.99841 -178.227 -0.0451254 0.997504 0.0543155 6.45212 0.998901 0.0443664 0.0151016 17.929 
0.0139739 0.0569184 -0.998281 -179.364 -0.0450087 0.997402 0.0562383 6.48475 0.998889 0.0441454 0.0164994 17.9372 
0.0144515 0.0584173 -0.998188 -180.472 -0.0458919 0.997279 0.0576997 6.51899 0.998842 0.0449749 0.0170931 17.9453 
0.0147544 0.059665 -0.998109 -181.556 -0.0462508 0.99719 0.0589263 6.55418 0.998821 0.045294 0.0174725 17.9527 
0.0147201 0.0606197 -0.998052 -182.613 -0.0455661 0.997164 0.0598937 6.58919 0.998853 0.0445957 0.0174406 17.9615 
0.0151891 0.0597921 -0.998095 -183.638 -0.0457128 0.997208 0.0590433 6.62362 0.998839 0.0447289 0.01788 17.97 
0.016674 0.0597299 -0.998075 -184.63 -0.0466868 0.997172 0.0588959 6.65763 0.99877 0.045615 0.0194154 17.9786 
0.018091 0.0605897 -0.997999 -185.598 -0.0474159 0.997091 0.0596751 6.69036 0.998711 0.0462414 0.0209112 17.9895 
0.0174753 0.0590086 -0.998105 -186.552 -0.0458791 0.997253 0.058155 6.72052 0.998794 0.0447759 0.0201346 18.0016 
0.0143646 0.0560139 -0.998327 -187.501 -0.043679 0.997512 0.0553397 6.75086 0.998942 0.042811 0.0167755 18.0122 
0.00951746 0.0524765 -0.998577 -188.441 -0.0435352 0.997697 0.0520153 6.78135 0.999007 0.0429781 0.0117801 18.0136 
0.00457172 0.0493791 -0.99877 -189.387 -0.0450334 0.997777 0.0491239 6.81289 0.998975 0.0447534 0.00678527 18.0122 
0.000750602 0.0485726 -0.998819 -190.324 -0.0470815 0.997714 0.0484835 6.84498 0.998891 0.0469895 0.00303576 18.002 
-0.00204419 0.0493061 -0.998782 -191.26 -0.0488005 0.997589 0.0493471 6.87371 0.998806 0.0488419 0.000366904 17.9897 
-0.00394137 0.051069 -0.998687 -192.194 -0.0475585 0.997555 0.0511988 6.90262 0.998861 0.0476979 -0.00150297 17.9814 
-0.00552111 0.0526156 -0.9986 -193.123 -0.0445709 0.997609 0.0528098 6.93175 0.998991 0.0448001 -0.00316279 17.9758 
-0.00695375 0.0531338 -0.998563 -194.05 -0.0429861 0.997648 0.0533845 6.96085 0.999051 0.0432956 -0.00465338 17.9667 
-0.00793948 0.0520879 -0.998611 -194.972 -0.0433466 0.997686 0.0523843 6.99041 0.999029 0.0437023 -0.00566327 17.9534 
-0.00865115 0.0509627 -0.998663 -195.891 -0.0450962 0.997664 0.0513024 7.02181 0.998945 0.0454797 -0.00633272 17.9374 
-0.00855162 0.0503599 -0.998695 -196.809 -0.0486826 0.997526 0.0507178 7.05272 0.998778 0.0490527 -0.00607881 17.9191 
-0.00774636 0.0487071 -0.998783 -197.73 -0.0512955 0.997479 0.0490413 7.08226 0.998653 0.0516129 -0.00522837 17.9023 
-0.00680133 0.0460596 -0.998916 -198.655 -0.0515005 0.997597 0.0463494 7.11148 0.99865 0.0517599 -0.00441289 17.8888 
-0.00628773 0.0434542 -0.999036 -199.582 -0.0512157 0.99773 0.0437197 7.14059 0.998668 0.0514412 -0.00404792 17.8782 
-0.00561726 0.0430817 -0.999056 -200.518 -0.0512458 0.997746 0.0433134 7.16855 0.99867 0.0514407 -0.00339684 17.867 
-0.00509817 0.0457206 -0.998941 -201.463 -0.0486206 0.997761 0.0459147 7.19769 0.998804 0.0488032 -0.0028638 17.86 
-0.00508818 0.0470757 -0.998878 -202.412 -0.0480819 0.997724 0.0472662 7.22448 0.99883 0.0482685 -0.00281311 17.8516 
-0.0041742 0.0433583 -0.999051 -203.361 -0.0430599 0.998125 0.043498 7.2512 0.999064 0.0432006 -0.00229937 17.8469 
-0.00423277 0.0399917 -0.999191 -204.316 -0.0415095 0.998332 0.0401331 7.28289 0.999129 0.0416458 -0.00256568 17.8417 
-0.0036416 0.0404602 -0.999175 -205.283 -0.0459302 0.99812 0.0405849 7.31393 0.998938 0.0460401 -0.0017764 17.826 
-0.00212649 0.044561 -0.999004 -206.259 -0.047244 0.997887 0.0446117 7.34031 0.998881 0.0472919 -1.67513e-05 17.8152 
-0.000182839 0.0438986 -0.999036 -207.239 -0.0448199 0.998032 0.0438627 7.37086 0.998995 0.0447847 0.00178505 17.8111 
0.00195581 0.0450867 -0.998981 -208.227 -0.0435052 0.998041 0.0449591 7.40747 0.999051 0.043373 0.00391348 17.8091 
0.00376413 0.0499217 -0.998746 -209.228 -0.0442031 0.997785 0.049707 7.4419 0.999015 0.0439606 0.00596249 17.8038 
0.00556142 0.0538814 -0.998532 -210.232 -0.041123 0.997715 0.0536082 7.4799 0.999139 0.0407645 0.00776448 17.8044 
0.00682747 0.054496 -0.998491 -211.247 -0.0407433 0.9977 0.0541742 7.51912 0.999146 0.0403119 0.00903211 17.8079 
0.00910499 0.0551265 -0.998438 -212.268 -0.044064 0.997531 0.0546746 7.56364 0.998987 0.0434974 0.0115116 17.8064 
0.0120559 0.0568733 -0.998309 -213.298 -0.0468685 0.997316 0.0562508 7.607 0.998828 0.0461111 0.0146891 17.8082 
0.0155979 0.0571237 -0.998245 -214.333 -0.047937 0.997261 0.0563184 7.64915 0.998729 0.0469745 0.0182935 17.8165 
0.0186333 0.0547112 -0.998328 -215.373 -0.0508568 0.997261 0.0537035 7.69111 0.998532 0.0497711 0.0213647 17.8265 
0.0214782 0.0514688 -0.998444 -216.42 -0.0506317 0.997448 0.0503283 7.73264 0.998486 0.0494719 0.0240294 17.8433 
0.0232483 0.0504934 -0.998454 -217.478 -0.0497318 0.997546 0.0492895 7.77316 0.998492 0.048509 0.0257023 17.8651 
0.0248317 0.0526697 -0.998303 -218.544 -0.0503068 0.997412 0.0513713 7.81322 0.998425 0.0489459 0.0274171 17.886 
0.0262248 0.0559929 -0.998087 -219.617 -0.0520236 0.997154 0.0545736 7.85395 0.998301 0.0504929 0.0290631 17.906 
0.027693 0.0557023 -0.998063 -220.69 -0.0519417 0.997178 0.0542117 7.89418 0.998266 0.0503398 0.0305081 17.9281 
0.0285686 0.0529269 -0.99819 -221.767 -0.0507194 0.997388 0.0514328 7.93627 0.998304 0.0491582 0.0311784 17.9552 
0.0287234 0.0498666 -0.998343 -222.854 -0.0479 0.997676 0.0484552 7.97677 0.998439 0.0464289 0.0310452 17.9849 
0.0286466 0.0487912 -0.998398 -223.948 -0.0461644 0.997807 0.0474377 8.01428 0.998523 0.0447316 0.0308362 18.0149 
0.0287913 0.0479156 -0.998436 -225.053 -0.0463329 0.997841 0.0465509 8.05079 0.998511 0.0449202 0.0309492 18.0419 
0.029236 0.0479042 -0.998424 -226.166 -0.0463655 0.997841 0.0465185 8.08853 0.998497 0.0449325 0.031394 18.0685 
0.0290992 0.0487878 -0.998385 -227.285 -0.0484653 0.997702 0.0473419 8.12696 0.998401 0.0470094 0.0313968 18.0919 
0.0287709 0.051118 -0.998278 -228.414 -0.0491981 0.997554 0.049663 8.16689 0.998375 0.0476846 0.0312154 18.1164 
0.0280205 0.052756 -0.998214 -229.55 -0.0494849 0.997455 0.0513269 8.20889 0.998382 0.0479583 0.0305598 18.1411 
0.0274047 0.0545966 -0.998132 -230.694 -0.0505768 0.997304 0.0531627 8.25376 0.998344 0.0490254 0.0300921 18.1646 
0.0266096 0.0556341 -0.998097 -231.845 -0.0529778 0.997125 0.0541676 8.30019 0.998241 0.0514356 0.0294805 18.185 
0.0254834 0.0544114 -0.998193 -233 -0.0551334 0.997074 0.0529428 8.34569 0.998154 0.0536846 0.0284087 18.2034 
0.0244576 0.0498111 -0.998459 -234.161 -0.0535594 0.997389 0.0484458 8.3892 0.998265 0.052292 0.0270616 18.2251 
0.0231866 0.0435162 -0.998784 -235.327 -0.0504374 0.997831 0.0423038 8.42902 0.998458 0.0493952 0.0253311 18.2476 
0.0212415 0.0389253 -0.999016 -236.502 -0.0456592 0.998237 0.0379241 8.46303 0.998731 0.0448087 0.0229813 18.2714 
0.0190085 0.0389027 -0.999062 -237.689 -0.0394447 0.998494 0.0381301 8.49433 0.999041 0.038683 0.0205144 18.2956 
0.0168173 0.0427336 -0.998945 -238.888 -0.0348629 0.998504 0.0421278 8.52548 0.999251 0.0341176 0.018282 18.316 
0.0148045 0.0451333 -0.998871 -240.093 -0.0328018 0.998465 0.0446288 8.56168 0.999352 0.0321041 0.0162622 18.3284 
0.0127361 0.0444341 -0.998931 -241.299 -0.0310373 0.998548 0.0440214 8.59894 0.999437 0.0304435 0.0140967 18.3383 
0.0105537 0.0451361 -0.998925 -242.517 -0.0312536 0.998508 0.044787 8.63835 0.999456 0.0307473 0.0119486 18.3422 
0.00856096 0.0466109 -0.998876 -243.738 -0.0302927 0.998467 0.0463322 8.67615 0.999504 0.029862 0.00995981 18.3457 
0.00632042 0.0462662 -0.998909 -244.969 -0.0294428 0.998505 0.0460612 8.71362 0.999546 0.0291195 0.00767318 18.3469 
0.00410765 0.0449076 -0.998983 -246.203 -0.0292634 0.998569 0.0447687 8.75043 0.999563 0.0290497 0.00541592 18.3448 
0.00186915 0.0444954 -0.999008 -247.448 -0.0292912 0.998583 0.0444217 8.79241 0.999569 0.0291791 0.00316983 18.3389 
-0.000393706 0.045567 -0.998961 -248.695 -0.0297134 0.99852 0.0455586 8.82991 0.999558 0.0297005 0.000960827 18.3306 
-0.00255109 0.0458914 -0.998943 -249.948 -0.0300455 0.998492 0.0459474 8.86796 0.999545 0.030131 -0.00116841 18.3191 
-0.0048967 0.0469978 -0.998883 -251.207 -0.0313516 0.998397 0.0471286 8.90776 0.999496 0.0315474 -0.0034154 18.3037 
-0.00711015 0.048793 -0.998784 -252.468 -0.0331946 0.998247 0.0490031 8.94806 0.999424 0.0335027 -0.00547802 18.2843 
-0.00849125 0.049676 -0.998729 -253.732 -0.0348352 0.998144 0.0499431 8.9893 0.999357 0.035215 -0.00674502 18.2637 
-0.0093202 0.0500292 -0.998704 -254.995 -0.0374419 0.99803 0.0503449 9.03126 0.999255 0.0378626 -0.00742864 18.2401 
-0.00925738 0.0501607 -0.998698 -256.255 -0.0379844 0.998003 0.0504778 9.07177 0.999235 0.0384022 -0.00733357 18.2194 
-0.00921893 0.0490947 -0.998752 -257.512 -0.0370951 0.99809 0.0494046 9.11116 0.999269 0.0375042 -0.00738014 18.201 
-0.00902321 0.0479653 -0.998808 -258.769 -0.0342982 0.998246 0.0482482 9.15127 0.999371 0.0346926 -0.00736227 18.1865 
-0.00921246 0.047712 -0.998819 -260.027 -0.033162 0.998297 0.0479929 9.18908 0.999408 0.0335649 -0.00761454 18.1689 
-0.00920635 0.0481615 -0.998797 -261.285 -0.0330151 0.99828 0.0484409 9.22769 0.999412 0.0334213 -0.00760046 18.1491 
-0.00873713 0.0481129 -0.998804 -262.54 -0.0322847 0.998308 0.0483714 9.26568 0.999441 0.0326687 -0.00716903 18.1301 
-0.00834031 0.048862 -0.998771 -263.794 -0.0318648 0.998285 0.0491043 9.30432 0.999457 0.0322352 -0.00676903 18.111 
-0.00817189 0.0497452 -0.998729 -265.046 -0.0292584 0.998322 0.0499644 9.34252 0.999538 0.0296295 -0.00670272 18.0948 
-0.00828211 0.0521152 -0.998607 -266.298 -0.0248393 0.998322 0.0523064 9.38359 0.999657 0.0252379 -0.00697371 18.0838 
-0.00817934 0.0555013 -0.998425 -267.548 -0.0216663 0.998214 0.0556671 9.42614 0.999732 0.0220875 -0.00696222 18.0706 
-0.00797391 0.0579124 -0.99829 -268.793 -0.0195506 0.998122 0.0580588 9.47093 0.999777 0.0199801 -0.00682672 18.0558 
-0.0078985 0.0563348 -0.998381 -270.032 -0.0200749 0.998202 0.0564835 9.51724 0.999767 0.0204885 -0.00675338 18.0377 
-0.0078459 0.0548905 -0.998462 -271.268 -0.0225077 0.99823 0.0550547 9.56429 0.999716 0.022905 -0.00659656 18.0171 
-0.00826459 0.0580157 -0.998281 -272.507 -0.0283683 0.9979 0.0582284 9.61359 0.999563 0.0288008 -0.00660143 17.9917 
-0.00834786 0.064164 -0.997904 -273.75 -0.0337309 0.997353 0.0644108 9.66479 0.999396 0.0341979 -0.00616145 17.9668 
-0.00810382 0.0637083 -0.997936 -274.982 -0.0378078 0.997235 0.0639706 9.71924 0.999252 0.0382482 -0.00567275 17.9421 
-0.00779773 0.0568004 -0.998355 -276.206 -0.0373189 0.997673 0.0570531 9.77308 0.999273 0.0377024 -0.00565986 17.9236 
-0.0083225 0.0512539 -0.998651 -277.431 -0.0343766 0.998081 0.0515111 9.82095 0.999374 0.0347589 -0.00654459 17.9102 
-0.00831 0.0502532 -0.998702 -278.66 -0.0284902 0.998319 0.050471 9.86108 0.99956 0.0288726 -0.00686431 17.9018 
-0.00729887 0.0517309 -0.998634 -279.892 -0.0252238 0.998334 0.0518997 9.9016 0.999655 0.0255681 -0.00598186 17.8919 
-0.00568443 0.0537549 -0.998538 -281.126 -0.024548 0.998246 0.0538789 9.94472 0.999682 0.0248184 -0.00435488 17.8795 
-0.00469017 0.0562042 -0.998408 -282.359 -0.0257664 0.998081 0.0563068 9.99029 0.999657 0.0259895 -0.00323299 17.8653 
-0.00368367 0.0576183 -0.998332 -283.59 -0.0268956 0.997972 0.0576967 10.0382 0.999631 0.0270632 -0.00212652 17.8506 
-0.00281385 0.058666 -0.998274 -284.817 -0.0279297 0.997884 0.0587218 10.087 0.999606 0.0280467 -0.00116937 17.8373 
-0.00204888 0.0579228 -0.998319 -286.043 -0.027516 0.99794 0.0579573 10.1348 0.999619 0.0275885 -0.000450855 17.8269 
-0.00184092 0.056266 -0.998414 -287.266 -0.0280132 0.998021 0.0562955 10.1832 0.999606 0.0280724 -0.000261081 17.8165 
-0.00156281 0.0550995 -0.99848 -288.489 -0.0278592 0.998091 0.0551217 10.2301 0.999611 0.027903 -2.48e-05 17.8074 
-0.00143929 0.0549026 -0.998491 -289.713 -0.0281809 0.998093 0.0549214 10.2749 0.999602 0.0282174 0.000110657 17.7981 
-0.00106609 0.05476 -0.998499 -290.936 -0.0287634 0.998085 0.054768 10.3196 0.999586 0.0287786 0.000511034 17.7878 
-0.000804044 0.0550221 -0.998485 -292.161 -0.0293583 0.998053 0.0550219 10.3645 0.999569 0.0293581 0.000812876 17.7776 
-0.000565086 0.0552455 -0.998473 -293.384 -0.0287399 0.998059 0.0552389 10.4093 0.999587 0.0287272 0.00102376 17.7697 
-0.000538745 0.0535687 -0.998564 -294.605 -0.0284934 0.998158 0.0535623 10.4537 0.999594 0.0284813 0.000988602 17.7617 
-0.000625283 0.0510135 -0.998698 -295.826 -0.0281684 0.998301 0.0510109 10.4967 0.999603 0.0281636 0.00081275 17.7541 
-0.000967224 0.0482018 -0.998837 -297.048 -0.0291506 0.998412 0.0482095 10.5373 0.999575 0.0291633 0.000439423 17.7448 
-0.00123255 0.04692 -0.998898 -298.272 -0.0307254 0.998425 0.0469358 10.5757 0.999527 0.0307494 0.000211024 17.7348 
-0.00155359 0.0471008 -0.998889 -299.499 -0.0337745 0.998318 0.0471264 10.6126 0.999428 0.0338102 3.9834e-05 17.7208 
-0.00184333 0.0483615 -0.998828 -300.731 -0.0368931 0.998147 0.0483966 10.6506 0.999318 0.036939 -5.57078e-05 17.707 
-0.00223704 0.0494478 -0.998774 -301.965 -0.0405533 0.997951 0.0494979 10.6902 0.999175 0.0406143 -0.00022718 17.6917 
-0.00253235 0.0494826 -0.998772 -303.198 -0.0419688 0.99789 0.0495453 10.7297 0.999116 0.0420427 -0.000450278 17.6782 
-0.00289294 0.0474118 -0.998871 -304.43 -0.041754 0.997999 0.0474913 10.7685 0.999124 0.0418442 -0.000907514 17.6665 
-0.00339524 0.0451678 -0.998974 -305.664 -0.0394324 0.998196 0.0452666 10.8056 0.999216 0.0395456 -0.00160805 17.6567 
-0.00435208 0.0447948 -0.998987 -306.903 -0.0365324 0.998322 0.0449242 10.8416 0.999323 0.0366909 -0.00270832 17.6491 
