1 0 -0 0 -0 1 0 0 0 -0 1 -0 
1 -0.000515378 -0.000235343 -0.00618942 0.000515755 0.999999 0.00160639 -0.0212947 0.000234515 -0.00160651 0.999999 1.33267 
0.999998 -0.00164237 -0.000688336 -0.0118438 0.00164353 0.999997 0.00169703 -0.0432858 0.000685547 -0.00169816 0.999998 2.66767 
0.999995 -0.00297677 -0.000782464 -0.017033 0.00297724 0.999995 0.000600063 -0.0625715 0.000780675 -0.00060239 1 4.0056 
0.999995 -0.00324867 -0.0006423 -0.0236624 0.00324909 0.999995 0.00066345 -0.0830354 0.000640141 -0.000665533 1 5.34973 
0.999993 -0.00375058 -0.000648097 -0.0304156 0.00375159 0.999992 0.00154963 -0.105035 0.00064228 -0.00155206 0.999999 6.69648 
0.999986 -0.00519362 -0.000541886 -0.0353311 0.00519507 0.999983 0.00272446 -0.124848 0.000527727 -0.00272724 0.999996 8.04696 
0.999988 -0.00477021 -0.000782331 -0.0427769 0.00477273 0.999983 0.00325201 -0.145 0.000766806 -0.0032557 0.999994 9.39857 
0.999992 -0.00393907 -0.00118089 -0.0515921 0.00394078 0.999991 0.00144672 -0.16493 0.00117518 -0.00145137 0.999998 10.7517 
0.999999 -0.00111308 -0.00125971 -0.0638544 0.00111211 0.999999 -0.000773082 -0.18565 0.00126057 0.00077168 0.999999 12.1073 
0.999997 0.00233404 -0.00107987 -0.0779811 -0.00233582 0.999996 -0.00165566 -0.20878 0.001076 0.00165818 0.999998 13.4672 
0.999989 0.00467275 -0.00105087 -0.0910481 -0.00467459 0.999988 -0.00175637 -0.233755 0.00104265 0.00176126 0.999998 14.8326 
0.999983 0.00570523 -0.000945256 -0.101825 -0.00570608 0.999983 -0.000894116 -0.257666 0.000940139 0.000899495 0.999999 16.2002 
0.999995 0.00325509 -0.000551399 -0.107219 -0.00325407 0.999993 0.00183601 -0.27921 0.000557372 -0.0018342 0.999998 17.5729 
1 -0.000851771 -0.000470478 -0.109172 0.000853469 0.999993 0.00362068 -0.299952 0.00046739 -0.00362107 0.999993 18.9468 
0.999995 -0.00320579 -0.000827555 -0.111884 0.0032069 0.999994 0.00134473 -0.321029 0.000823239 -0.00134737 0.999999 20.3188 
0.999991 -0.00425189 -0.000894655 -0.116665 0.00425131 0.999991 -0.000652855 -0.340959 0.000897423 0.000649045 0.999999 21.6939 
0.999998 -0.00194368 -0.000342936 -0.126688 0.00194291 0.999996 -0.00224174 -0.365858 0.000347291 0.00224107 0.999997 23.0727 
1 0.000780061 0.000467333 -0.139086 -0.000779945 1 -0.000248126 -0.38621 -0.000467527 0.000247761 1 24.4563 
0.999999 0.00127684 0.000983913 -0.146979 -0.0012801 0.999994 0.00331895 -0.407067 -0.000979669 -0.00332021 0.999994 25.8441 
0.999998 -0.00111987 0.00143683 -0.148691 0.00111224 0.999985 0.00529865 -0.423013 -0.00144274 -0.00529705 0.999985 27.2319 
0.999987 -0.00497752 0.00101986 -0.147701 0.00497401 0.999982 0.00342149 -0.440827 -0.00103687 -0.00341637 0.999994 28.6187 
0.999985 -0.00534958 0.000984641 -0.150535 0.00534845 0.999985 0.00115258 -0.460048 -0.000990792 -0.00114729 0.999999 30.0095 
0.999983 -0.00554446 0.00156579 -0.154221 0.00554661 0.999984 -0.00136814 -0.48222 -0.00155818 0.0013768 0.999998 31.4035 
0.999995 -0.00213041 0.00221639 -0.163367 0.00213509 0.999995 -0.00210953 -0.50795 -0.00221189 0.00211425 0.999995 32.8002 
0.999996 -0.00125601 0.00252052 -0.168955 0.00126677 0.99999 -0.00427127 -0.534441 -0.00251513 0.00427444 0.999988 34.1996 
0.999997 -0.000224285 0.00255541 -0.174173 0.000233745 0.999993 -0.00370229 -0.561516 -0.00255456 0.00370287 0.99999 35.6016 
0.999997 -0.000206314 0.0023687 -0.178375 0.000212206 0.999997 -0.00248716 -0.588683 -0.00236818 0.00248766 0.999994 37.0111 
0.999998 0.000983736 0.00200797 -0.184417 -0.000981827 0.999999 -0.000951442 -0.61398 -0.00200891 0.000949468 0.999998 38.4225 
0.999991 0.00380109 0.00205025 -0.193826 -0.00379976 0.999993 -0.000650818 -0.639226 -0.00205271 0.000643022 0.999998 39.8374 
0.999978 0.00617188 0.00229788 -0.202619 -0.00616953 0.99998 -0.00103114 -0.663837 -0.0023042 0.00101694 0.999997 41.2561 
0.999961 0.00854551 0.00225128 -0.211484 -0.00854419 0.999963 -0.000593216 -0.688491 -0.00225627 0.000573957 0.999997 42.6781 
0.999954 0.00934818 0.0019628 -0.218282 -0.00934714 0.999956 -0.000536018 -0.713226 -0.00196772 0.000517647 0.999998 44.1038 
0.999963 0.00846101 0.00148008 -0.223732 -0.00846008 0.999964 -0.000632675 -0.738594 -0.00148537 0.00062013 0.999999 45.5316 
0.999969 0.00781365 0.000794708 -0.229498 -0.00781278 0.999969 -0.00109526 -0.762816 -0.000803241 0.00108902 0.999999 46.9619 
0.999974 0.00715758 -0.000111652 -0.23703 -0.00715767 0.999974 -0.000878313 -0.7883 0.000105362 0.00087909 1 48.3965 
0.999971 0.0075051 -0.00104704 -0.246845 -0.00750482 0.999972 0.000275016 -0.813157 0.00104908 -0.000267151 0.999999 49.8363 
0.999966 0.00799052 -0.00204992 -0.259167 -0.00799071 0.999968 -8.15878e-05 -0.837905 0.0020492 9.79653e-05 0.999998 51.279 
0.99996 0.00837365 -0.0031839 -0.271778 -0.00837279 0.999965 0.000282882 -0.860712 0.00318615 -0.000256212 0.999995 52.7282 
0.999955 0.00845518 -0.00429559 -0.285703 -0.00845012 0.999964 0.0011941 -0.884677 0.00430553 -0.00115775 0.99999 54.1802 
0.999964 0.00691434 -0.00500657 -0.299272 -0.00690382 0.999974 0.00211527 -0.907784 0.00502106 -0.00208063 0.999985 55.6348 
0.999969 0.00564987 -0.00550968 -0.31318 -0.00563752 0.999982 0.00225435 -0.93076 0.00552231 -0.00222322 0.999982 57.0867 
0.999977 0.00324082 -0.00598036 -0.325873 -0.00323158 0.999994 0.0015543 -0.953422 0.00598536 -0.00153494 0.999981 58.5392 
0.999979 0.00225107 -0.0060284 -0.340505 -0.00223992 0.999996 0.00185521 -0.977263 0.00603255 -0.00184167 0.99998 59.9918 
0.999984 0.00103458 -0.00558188 -0.354617 -0.00102061 0.999996 0.00250405 -1.00157 0.00558445 -0.00249832 0.999981 61.4408 
0.999987 -1.35058e-05 -0.0051072 -0.368323 2.9489e-05 0.999995 0.00312949 -1.02552 0.00510714 -0.0031296 0.999982 62.8895 
0.999988 -0.0015859 -0.00458442 -0.380636 0.00159838 0.999995 0.00272072 -1.04976 0.00458009 -0.00272802 0.999986 64.3361 
0.999986 -0.00319989 -0.00414419 -0.392128 0.00320787 0.999993 0.00192154 -1.07439 0.00413801 -0.00193481 0.99999 65.7765 
0.999991 -0.00245725 -0.00350008 -0.406466 0.00246248 0.999996 0.00149171 -1.09984 0.0034964 -0.00150031 0.999993 67.2135 
0.999996 -0.000859604 -0.00268492 -0.421366 0.000862947 0.999999 0.00124423 -1.12547 0.00268385 -0.00124654 0.999996 68.6494 
0.999995 0.00252945 -0.00210602 -0.437616 -0.00252416 0.999994 0.00251022 -1.15064 0.00211236 -0.00250489 0.999995 70.0822 
0.999982 0.005846 -0.00135535 -0.452942 -0.0058408 0.999976 0.00381088 -1.17455 0.0013776 -0.0038029 0.999992 71.512 
0.99995 0.00998528 -0.000570749 -0.469512 -0.00998277 0.999941 0.00424416 -1.19751 0.000613095 -0.00423825 0.999991 72.9373 
0.999898 0.0143106 8.34727e-05 -0.486471 -0.0143109 0.99989 0.00393007 -1.22045 -2.72217e-05 -0.00393086 0.999992 74.3591 
0.999846 0.0175417 0.000763856 -0.500357 -0.0175441 0.999841 0.00332484 -1.24364 -0.000705411 -0.00333773 0.999994 75.7763 
0.99981 0.0194626 0.00146869 -0.512712 -0.0194672 0.999805 0.00318542 -1.26711 -0.00140641 -0.0032134 0.999994 77.191 
0.999805 0.0196599 0.001824 -0.521775 -0.0196662 0.9998 0.0035428 -1.2903 -0.00175399 -0.00357798 0.999992 78.6033 
0.999824 0.0186814 0.00191347 -0.527969 -0.0186875 0.99982 0.00323384 -1.31378 -0.00185271 -0.00326903 0.999993 80.0116 
0.999846 0.0174414 0.00176189 -0.533323 -0.0174456 0.999845 0.00237254 -1.33774 -0.00172024 -0.00240291 0.999996 81.4151 
0.999855 0.0169855 0.0014038 -0.538365 -0.0169888 0.999853 0.00235276 -1.36259 -0.00136363 -0.00237627 0.999996 82.8126 
0.999856 0.0169336 0.0011462 -0.546151 -0.0169364 0.999853 0.00251344 -1.38675 -0.00110347 -0.00253249 0.999996 84.2105 
0.999859 0.0167617 0.000614539 -0.554421 -0.0167629 0.999857 0.00204827 -1.41109 -0.000580119 -0.00205829 0.999998 85.6063 
0.999857 0.0168951 -0.000100963 -0.564486 -0.0168948 0.999854 0.00238163 -1.43563 0.000141186 -0.00237958 0.999997 87.0003 
0.999866 0.0163217 -0.00109562 -0.574523 -0.016318 0.999862 0.00324668 -1.45968 0.00114846 -0.00322836 0.999994 88.3927 
0.999896 0.0142274 -0.0021907 -0.582894 -0.0142181 0.99989 0.00420784 -1.48273 0.00225033 -0.00417626 0.999989 89.7836 
0.999921 0.0121416 -0.00336449 -0.592891 -0.0121258 0.999915 0.00469413 -1.50482 0.0034212 -0.00465296 0.999983 91.1696 
0.999939 0.010205 -0.004106 -0.603186 -0.0101857 0.999937 0.00469631 -1.52645 0.00415367 -0.00465421 0.999981 92.5556 
0.999951 0.00877794 -0.00457922 -0.616486 -0.0087586 0.999953 0.00422669 -1.54816 0.00461611 -0.00418638 0.999981 93.9365 
0.999958 0.00781042 -0.00481505 -0.630317 -0.00779198 0.999962 0.00383547 -1.57063 0.00484482 -0.00379779 0.999981 95.3161 
0.999953 0.00833013 -0.00491141 -0.645966 -0.00831419 0.99996 0.00325647 -1.5937 0.00493834 -0.00321549 0.999983 96.6929 
0.999956 0.00810645 -0.00479427 -0.660486 -0.00809326 0.999963 0.00276393 -1.61754 0.0048165 -0.00272501 0.999985 98.0644 
0.999948 0.00906282 -0.0046643 -0.676452 -0.00905338 0.999957 0.00204276 -1.64163 0.00468261 -0.00200043 0.999987 99.4348 
0.999937 0.0103465 -0.0043385 -0.694256 -0.0103362 0.999944 0.0023959 -1.66542 0.00436304 -0.00235091 0.999988 100.801 
0.999932 0.0109635 -0.00409727 -0.709379 -0.0109478 0.999933 0.00384813 -1.68851 0.00413918 -0.00380301 0.999984 102.167 
0.999919 0.0121043 -0.00399112 -0.726256 -0.0120834 0.999913 0.00521721 -1.71168 0.00405392 -0.00516856 0.999978 103.528 
0.999928 0.0113882 -0.00388294 -0.740233 -0.0113734 0.999928 0.00380993 -1.73366 0.00392605 -0.00376549 0.999985 104.884 
0.999928 0.0113877 -0.00378371 -0.75384 -0.0113822 0.999934 0.00146297 -1.75582 0.00380012 -0.0014198 0.999992 106.235 
0.999934 0.01076 -0.0039188 -0.76792 -0.010759 0.999942 0.00026662 -1.7792 0.00392144 -0.00022444 0.999992 107.584 
0.999956 0.00855551 -0.00382346 -0.77885 -0.00854998 0.999962 0.00145947 -1.80318 0.0038358 -0.00142672 0.999992 108.936 
0.999976 0.00616973 -0.00316692 -0.789574 -0.00615884 0.999975 0.00343469 -1.82613 0.00318803 -0.0034151 0.999989 110.288 
0.999987 0.0046429 -0.00230487 -0.799268 -0.0046337 0.999981 0.00398237 -1.84804 0.00232331 -0.00397164 0.999989 111.639 
0.999991 0.00384089 -0.00151246 -0.809069 -0.00383698 0.999989 0.00257862 -1.86951 0.00152235 -0.00257279 0.999996 112.987 
0.999982 0.0058854 -0.000811837 -0.820854 -0.0058852 0.999983 0.000241448 -1.89261 0.000813244 -0.000236666 1 114.335 
0.999968 0.00802 0.000393357 -0.832796 -0.00801925 0.999966 -0.00187961 -1.91738 -0.000408418 0.00187639 0.999998 115.686 
0.999936 0.0111627 0.00180636 -0.845125 -0.0111594 0.999936 -0.00183392 -1.94281 -0.00182672 0.00181364 0.999997 117.04 
0.999917 0.012426 0.00326603 -0.853155 -0.0124264 0.999923 0.000109181 -1.96861 -0.00326443 -0.000149757 0.999995 118.396 
0.999912 0.0125607 0.00432037 -0.856956 -0.0125708 0.999918 0.00232209 -1.99224 -0.00429085 -0.0023762 0.999988 119.754 
0.999917 0.0118511 0.00510333 -0.857549 -0.0118656 0.999926 0.00282477 -2.01359 -0.00506947 -0.00288509 0.999983 121.116 
0.999906 0.0122878 0.00612011 -0.858769 -0.0123016 0.999922 0.00221276 -2.034 -0.00609244 -0.00228784 0.999979 122.479 
0.999871 0.0142751 0.00735667 -0.86147 -0.0142875 0.999897 0.0016325 -2.05498 -0.0073326 -0.00173739 0.999972 123.846 
0.999829 0.0163647 0.00857462 -0.863545 -0.0163763 0.999865 0.00127906 -2.07753 -0.00855253 -0.00141926 0.999962 125.212 
0.999807 0.0171082 0.00970451 -0.86353 -0.0171112 0.999854 0.000230631 -2.10021 -0.00969915 -0.000396643 0.999953 126.582 
0.999776 0.0182561 0.0106793 -0.86045 -0.0182509 0.999833 -0.00057983 -2.1241 -0.0106881 0.000384794 0.999943 127.952 
0.999781 0.0173491 0.0116976 -0.854538 -0.0173411 0.999849 -0.000784883 -2.14831 -0.0117095 0.000581862 0.999931 129.325 
0.999778 0.0169356 0.01257 -0.847691 -0.0169404 0.999856 0.000277561 -2.17303 -0.0125635 -0.00049044 0.999921 130.698 
0.999788 0.0155902 0.0134157 -0.839642 -0.0156074 0.999878 0.0011731 -2.1969 -0.0133958 -0.00138224 0.999909 132.073 
0.999797 0.0147637 0.0136962 -0.830077 -0.0147857 0.99989 0.00150399 -2.22003 -0.0136725 -0.00170619 0.999905 133.445 
0.999828 0.0125211 0.0137017 -0.818186 -0.0125449 0.99992 0.00165188 -2.24261 -0.0136799 -0.00182348 0.999905 134.817 
0.999849 0.0109393 0.0134752 -0.808055 -0.0109722 0.999937 0.0023742 -2.26465 -0.0134484 -0.00252169 0.999906 136.187 
0.999872 0.00936916 0.0129435 -0.798558 -0.009396 0.999954 0.00201424 -2.28698 -0.012924 -0.0021356 0.999914 137.557 
0.999899 0.00798982 0.0117585 -0.788364 -0.00801334 0.999966 0.00195384 -2.30867 -0.0117424 -0.00204787 0.999929 138.93 
0.999922 0.00651245 0.0106439 -0.779769 -0.00654353 0.999974 0.00288812 -2.33058 -0.0106248 -0.00295755 0.999939 140.304 
0.999942 0.00494477 0.00956617 -0.771089 -0.00497434 0.999983 0.00306975 -2.3528 -0.00955083 -0.00311715 0.99995 141.679 
0.999955 0.00452039 0.00830919 -0.766299 -0.00454618 0.999985 0.00308692 -2.37345 -0.00829511 -0.00312455 0.999961 143.055 
0.999966 0.00414029 0.00712685 -0.763411 -0.00415853 0.999988 0.00254589 -2.39562 -0.00711622 -0.00257544 0.999971 144.43 
0.999973 0.00400315 0.00612811 -0.761696 -0.00401686 0.999989 0.00222719 -2.41772 -0.00611913 -0.00225175 0.999979 145.805 
0.999985 0.00161574 0.00515569 -0.759739 -0.00161511 0.999999 -0.0001252 -2.44302 -0.00515589 0.000116871 0.999987 147.178 
0.999985 -0.00374865 0.00407873 -0.753534 0.00375093 0.999993 -0.000552906 -2.46652 -0.00407663 0.000568197 0.999992 148.555 
0.99993 -0.0114744 0.00299184 -0.743904 0.011469 0.999933 0.00178836 -2.49054 -0.00301216 -0.00175392 0.999994 149.935 
0.999834 -0.0181942 0.00135944 -0.733777 0.0181896 0.999829 0.00327203 -2.51095 -0.00141874 -0.00324676 0.999994 151.314 
0.99977 -0.0214508 0.000269811 -0.72942 0.0214509 0.99977 -0.000105928 -2.53348 -0.000267476 0.000111691 1 152.688 
0.999783 -0.0208444 0.000568025 -0.732737 0.0208461 0.999778 -0.00315949 -2.56003 -0.000502041 0.00317065 0.999995 154.062 
0.999844 -0.0176302 0.00143499 -0.740357 0.0176375 0.999831 -0.00517762 -2.59141 -0.00134347 0.00520212 0.999986 155.438 
0.999842 -0.0176343 0.00213333 -0.743555 0.0176451 0.999831 -0.00516108 -2.62379 -0.00204196 0.00519791 0.999984 156.816 
0.999776 -0.020978 0.00267962 -0.740336 0.0209824 0.999779 -0.00163715 -2.65332 -0.00264468 0.00169301 0.999995 158.196 
0.999652 -0.0262165 0.00305785 -0.733298 0.0262131 0.999656 0.00113745 -2.67954 -0.00308661 -0.00105689 0.999995 159.575 
0.999548 -0.0299236 0.00304801 -0.727419 0.0299163 0.999549 0.00242157 -2.7017 -0.0031191 -0.00232929 0.999992 160.953 
0.999498 -0.0315191 0.00308436 -0.725095 0.0315122 0.999501 0.00227625 -2.72316 -0.00315457 -0.00217792 0.999993 162.328 
0.999552 -0.0296409 0.00404462 -0.728055 0.0296288 0.999556 0.00302249 -2.74479 -0.00413242 -0.0029013 0.999987 163.705 
0.999657 -0.0256454 0.00521607 -0.733421 0.0256344 0.999669 0.00216041 -2.76684 -0.00526974 -0.00202596 0.999984 165.081 
0.999737 -0.0221104 0.00613144 -0.737662 0.0221107 0.999756 2.41469e-05 -2.78942 -0.00613048 0.00011143 0.999981 166.457 
0.999791 -0.0192154 0.00692708 -0.740121 0.0192194 0.999815 -0.000516317 -2.81245 -0.00691588 0.000649344 0.999976 167.832 
0.999822 -0.0173704 0.00734681 -0.740577 0.0173656 0.999849 0.00070621 -2.83667 -0.00735796 -0.000578502 0.999973 169.21 
0.999854 -0.0154979 0.00714522 -0.740698 0.0154959 0.99988 0.000332537 -2.86067 -0.00714951 -0.000221767 0.999974 170.586 
0.999887 -0.0134678 0.0067043 -0.74203 0.0134825 0.999907 -0.00214778 -2.88479 -0.00667474 0.00223793 0.999975 171.961 
0.999934 -0.00963541 0.00626222 -0.746412 0.00966655 0.999941 -0.00496157 -2.91155 -0.00621405 0.00502177 0.999968 173.337 
0.999971 -0.00448271 0.00614785 -0.754323 0.00452122 0.99997 -0.00626462 -2.94004 -0.00611958 0.00629224 0.999961 174.72 
0.999979 0.000153512 0.00648096 -0.760784 -0.000120748 0.999987 -0.00505547 -2.97159 -0.00648165 0.00505458 0.999966 176.107 
0.99997 0.00309254 0.00710266 -0.766321 -0.00307022 0.99999 -0.00315051 -3.00105 -0.00711234 0.00312861 0.99997 177.499 
0.999967 0.00393097 0.00713612 -0.766369 -0.00392451 0.999992 -0.000918661 -3.02711 -0.00713968 0.000890625 0.999974 178.897 
0.999979 0.000709903 0.00636778 -0.761667 -0.000709936 1 2.87627e-06 -3.05107 -0.00636777 -7.39693e-06 0.99998 180.297 
0.999988 -0.00141779 0.00468281 -0.758913 0.00141712 0.999999 0.000146081 -3.07389 -0.00468302 -0.000139443 0.999989 181.7 
0.999995 -0.00177147 0.00264777 -0.759356 0.00178238 0.99999 -0.00412416 -3.09988 -0.00264044 0.00412886 0.999988 183.102 
0.999999 -2.67954e-05 0.00117792 -0.765422 3.66695e-05 0.999965 -0.00838338 -3.12945 -0.00117766 0.00838342 0.999964 184.511 
0.999988 0.0048059 0.00053441 -0.77978 -0.0048009 0.999948 -0.00899916 -3.16363 -0.000577631 0.00899649 0.999959 185.926 
0.999966 0.00822091 0.000374155 -0.79324 -0.00821764 0.999934 -0.00803157 -3.1987 -0.000440157 0.00802823 0.999968 187.348 
0.999946 0.0104163 0.000622278 -0.804619 -0.0104133 0.999935 -0.00459103 -3.22982 -0.000670059 0.0045843 0.999989 188.776 
0.999937 0.0111543 0.000965838 -0.814442 -0.0111517 0.999934 -0.00266352 -3.25833 -0.000995484 0.00265258 0.999996 190.205 
0.999943 0.0106224 0.00103249 -0.820148 -0.0106206 0.999942 -0.00176575 -3.28326 -0.00105118 0.00175468 0.999998 191.636 
0.99996 0.00894122 0.000999026 -0.825357 -0.00894006 0.999959 -0.00116583 -3.30961 -0.00100941 0.00115685 0.999999 193.071 
0.999979 0.00638861 0.00109834 -0.828358 -0.00638794 0.999979 -0.000619198 -3.33553 -0.00110228 0.000612169 0.999999 194.51 
0.999992 0.00371391 0.00132075 -0.829807 -0.0037131 0.999993 -0.000619612 -3.36109 -0.00132304 0.000614703 0.999999 195.952 
0.999998 0.000574926 0.00167116 -0.829961 -0.000575632 1 0.000422041 -3.38503 -0.00167092 -0.000423002 0.999999 197.398 
0.999991 -0.00372908 0.00208249 -0.82847 0.00372506 0.999991 0.00192947 -3.40781 -0.00208967 -0.0019217 0.999996 198.849 
0.999977 -0.006346 0.00235094 -0.827121 0.0063418 0.999978 0.00179137 -3.4306 -0.00236225 -0.00177642 0.999996 200.3 
0.999987 -0.00433353 0.00255236 -0.831605 0.00434005 0.999987 -0.0025537 -3.45609 -0.00254126 0.00256474 0.999993 201.75 
0.999992 0.00289073 0.00293477 -0.842366 -0.00286842 0.999967 -0.00757842 -3.48549 -0.00295658 0.00756994 0.999967 203.2 
0.99992 0.0119027 0.00420575 -0.860041 -0.0118706 0.999901 -0.00759539 -3.51821 -0.00429574 0.00754486 0.999962 204.658 
0.99979 0.0197832 0.00543003 -0.875828 -0.019762 0.999797 -0.00393944 -3.55019 -0.00550686 0.0038313 0.999977 206.123 
0.999766 0.0207435 0.00620151 -0.880117 -0.0207325 0.999783 -0.00182427 -3.57676 -0.00623801 0.00169527 0.999979 207.591 
0.999806 0.0188459 0.0057226 -0.878186 -0.0188385 0.999822 -0.00136102 -3.60134 -0.00574723 0.00125295 0.999983 209.059 
0.999867 0.015651 0.00450203 -0.873121 -0.0156448 0.999877 -0.00141956 -3.62725 -0.00452369 0.00134894 0.999989 210.531 
0.9999 0.0136677 0.00353094 -0.871081 -0.0136607 0.999905 -0.00200655 -3.65486 -0.00355803 0.00195811 0.999992 212.004 
0.999897 0.0140504 0.00295263 -0.8739 -0.0140431 0.999898 -0.00250265 -3.68339 -0.0029875 0.00246093 0.999993 213.481 
0.999878 0.0153796 0.00278225 -0.879624 -0.0153732 0.999879 -0.00231059 -3.71198 -0.00281745 0.00226754 0.999993 214.966 
0.999856 0.016726 0.0027045 -0.887283 -0.0167221 0.999859 -0.00146611 -3.73903 -0.00272864 0.00142067 0.999995 216.457 
0.999868 0.0160738 0.00241507 -0.893083 -0.016069 0.999869 -0.00198864 -3.76702 -0.00244672 0.00194957 0.999995 217.948 
0.999874 0.0157446 0.00202608 -0.89847 -0.0157385 0.999872 -0.00298011 -3.79507 -0.00207274 0.00294785 0.999994 219.44 
0.999886 0.0150149 0.00176056 -0.904259 -0.015009 0.999882 -0.00330494 -3.82374 -0.00180998 0.00327813 0.999993 220.938 
0.999881 0.0153695 0.00138338 -0.911176 -0.0153647 0.999876 -0.00339241 -3.85393 -0.00143535 0.00337075 0.999993 222.441 
0.999876 0.0157327 0.00111031 -0.919498 -0.0157286 0.99987 -0.00362545 -3.8843 -0.00116721 0.00360753 0.999993 223.947 
0.999876 0.0157247 0.000844364 -0.927557 -0.0157214 0.999869 -0.00380559 -3.9141 -0.000904095 0.00379184 0.999992 225.456 
0.999859 0.0167722 0.000435166 -0.937637 -0.0167703 0.999851 -0.00414675 -3.9454 -0.000504651 0.00413887 0.999991 226.969 
0.999863 0.0165279 6.04094e-05 -0.946004 -0.0165275 0.999854 -0.00430097 -3.97524 -0.000131487 0.00429938 0.999991 228.485 
0.999855 0.0170181 -0.000247005 -0.955427 -0.017019 0.999846 -0.00424027 -4.00678 0.000174806 0.00424386 0.999991 230.007 
0.999867 0.0163282 -0.000340931 -0.964418 -0.0163295 0.999857 -0.00429696 -4.03827 0.00027072 0.00430196 0.999991 231.532 
0.999888 0.0149313 -0.000302444 -0.972768 -0.0149325 0.999878 -0.00453763 -4.07017 0.000234655 0.00454164 0.99999 233.059 
0.999904 0.0138449 -0.000220238 -0.980891 -0.0138457 0.999895 -0.00431306 -4.10195 0.000160501 0.0043157 0.999991 234.589 
0.999921 0.0125383 -4.2163e-05 -0.988553 -0.0125384 0.999915 -0.00352998 -4.13444 -2.10046e-06 0.00353023 0.999994 236.125 
0.99992 0.0126102 -0.000138621 -0.997956 -0.0126105 0.999915 -0.00332096 -4.16666 9.67311e-05 0.00332245 0.999994 237.663 
0.999915 0.0130713 -0.000104273 -1.00756 -0.0130716 0.999908 -0.00362786 -4.19894 5.68427e-05 0.00362891 0.999993 239.202 
0.999906 0.0137041 0.000142348 -1.01671 -0.0137033 0.999897 -0.00426258 -4.23147 -0.000200748 0.00426023 0.999991 240.742 
0.999887 0.015 0.000611946 -1.02643 -0.0149977 0.999881 -0.00358146 -4.26346 -0.000665596 0.00357188 0.999993 242.288 
0.999882 0.0153246 0.0012996 -1.03444 -0.0153227 0.999881 -0.00150628 -4.29372 -0.00132253 0.00148619 0.999998 243.837 
0.999884 0.0151477 0.0018748 -1.04133 -0.0151459 0.999885 -0.00101922 -4.32444 -0.00189002 0.000990704 0.999998 245.386 
0.999877 0.0154881 0.00238633 -1.04736 -0.0154819 0.999877 -0.00261548 -4.35445 -0.00242654 0.00257821 0.999994 246.936 
0.999871 0.0158162 0.00290812 -1.05375 -0.0158047 0.999867 -0.00395446 -4.38494 -0.00297028 0.00390798 0.999988 248.487 
0.999857 0.0166021 0.00323258 -1.05934 -0.0165908 0.999856 -0.00347238 -4.41614 -0.00328977 0.00341826 0.999989 250.043 
0.999862 0.0162899 0.00327088 -1.06563 -0.016282 0.999865 -0.00241605 -4.44647 -0.0033098 0.00236246 0.999992 251.6 
0.999859 0.0165046 0.00293952 -1.06874 -0.0164989 0.999862 -0.00196096 -4.47831 -0.00297148 0.00191219 0.999994 253.159 
0.999854 0.016855 0.00273469 -1.07511 -0.0168497 0.999856 -0.00195126 -4.5075 -0.00276718 0.0019049 0.999994 254.719 
0.999829 0.0182836 0.00287397 -1.08164 -0.0182789 0.999832 -0.00166797 -4.53687 -0.00290399 0.00161516 0.999994 256.282 
0.999805 0.019519 0.00315495 -1.09079 -0.0195136 0.999808 -0.00172964 -4.5647 -0.0031881 0.00166774 0.999994 257.847 
0.999801 0.0197188 0.00310456 -1.09748 -0.0197143 0.999805 -0.00145666 -4.59382 -0.00313268 0.00139517 0.999994 259.416 
0.999828 0.0182765 0.00303048 -1.10091 -0.0182727 0.999832 -0.00129674 -4.62185 -0.00305367 0.00124114 0.999995 260.988 
0.999861 0.0164139 0.00297603 -1.10403 -0.0164123 0.999865 -0.000546757 -4.64905 -0.0029846 0.000497838 0.999995 262.562 
0.999898 0.0139312 0.00302758 -1.1048 -0.0139319 0.999903 0.000202733 -4.67619 -0.00302446 -0.000244892 0.999995 264.138 
0.999918 0.0125082 0.00271192 -1.10691 -0.0125068 0.999922 -0.000517968 -4.70431 -0.00271818 0.000484008 0.999996 265.711 
0.999931 0.0114417 0.00250619 -1.11013 -0.011438 0.999933 -0.00150736 -4.73222 -0.00252327 0.00147859 0.999996 267.285 
0.999948 0.00968525 0.00304007 -1.11309 -0.00968601 0.999953 0.000234522 -4.75992 -0.00303766 -0.000263956 0.999995 268.866 
0.999965 0.00766292 0.00342432 -1.11565 -0.00766987 0.999969 0.002019 -4.78606 -0.00340874 -0.00204519 0.999992 270.447 
0.999972 0.00669764 0.00346878 -1.1176 -0.00670165 0.999977 0.00114458 -4.80954 -0.00346104 -0.0011678 0.999993 272.024 
0.999973 0.00628732 0.00384512 -1.11903 -0.00628796 0.99998 0.000152988 -4.83463 -0.00384408 -0.000177161 0.999993 273.607 
0.999965 0.00705689 0.00452161 -1.12321 -0.00705635 0.999975 -0.00013435 -4.86284 -0.00452244 0.000102439 0.99999 275.19 
0.999946 0.00881987 0.00553126 -1.12888 -0.00881958 0.999961 -7.64443e-05 -4.89113 -0.00553172 2.76568e-05 0.999985 276.78 
0.999924 0.0104475 0.00648417 -1.13308 -0.010445 0.999945 -0.000417586 -4.92014 -0.00648818 0.000349827 0.999979 278.371 
0.999906 0.0115526 0.00740811 -1.13406 -0.0115484 0.999933 -0.000612766 -4.95074 -0.0074147 0.000527156 0.999972 279.961 
0.999888 0.0124644 0.00825622 -1.1332 -0.0124576 0.999922 -0.000878385 -4.98005 -0.00826652 0.000775434 0.999966 281.559 
0.999878 0.0127354 0.00901386 -1.13103 -0.0127217 0.999918 -0.00157555 -5.00973 -0.00903318 0.00146069 0.999958 283.152 
0.999877 0.0121415 0.00990987 -1.12657 -0.0121207 0.999924 -0.002153 -5.0404 -0.00993526 0.00203262 0.999949 284.745 
0.999876 0.0114724 0.0107823 -1.11788 -0.0114539 0.999933 -0.00177104 -5.0711 -0.0108019 0.00164732 0.99994 286.339 
0.999881 0.0103629 0.0114119 -1.10748 -0.010355 0.999946 -0.000752034 -5.10161 -0.0114191 0.000633773 0.999935 287.936 
0.999889 0.00927383 0.0116819 -1.09553 -0.00926886 0.999957 -0.000479786 -5.13174 -0.0116858 0.000371455 0.999932 289.534 
0.999895 0.00871337 0.0116178 -1.08322 -0.00867983 0.999958 -0.00293415 -5.16321 -0.0116428 0.002833 0.999928 291.13 
0.999909 0.00739431 0.0112859 -1.07207 -0.00733701 0.99996 -0.00511036 -5.19466 -0.0113232 0.00502709 0.999923 292.727 
0.999918 0.00748771 0.010434 -1.06143 -0.00743462 0.999959 -0.0051173 -5.22884 -0.0104719 0.00503931 0.999932 294.328 
0.999934 0.00626568 0.00960357 -1.0516 -0.00621655 0.999967 -0.0051368 -5.2611 -0.00963545 0.00507676 0.999941 295.932 
0.999942 0.00643053 0.00862698 -1.04387 -0.00638089 0.999963 -0.00576981 -5.29533 -0.00866376 0.00571442 0.999946 297.537 
0.999946 0.0066281 0.00796376 -1.03933 -0.00657982 0.99996 -0.00607315 -5.33015 -0.0080037 0.00602042 0.99995 299.142 
0.999951 0.00669441 0.0073286 -1.03551 -0.0066536 0.999962 -0.00557867 -5.36695 -0.00736567 0.00552963 0.999958 300.751 
0.99996 0.00632899 0.00638444 -1.03186 -0.00629419 0.999965 -0.00545646 -5.40247 -0.00641875 0.00541605 0.999965 302.363 
0.999968 0.0058255 0.00540302 -1.03032 -0.00580348 0.999975 -0.00408081 -5.43709 -0.00542666 0.00404932 0.999977 303.978 
0.999958 0.00778144 0.00486824 -1.03167 -0.00776803 0.999966 -0.00276734 -5.4695 -0.00488961 0.0027294 0.999984 305.597 
0.999951 0.00817547 0.0056077 -1.0316 -0.00816039 0.999963 -0.0027071 -5.5004 -0.00562962 0.0026612 0.999981 307.22 
0.999942 0.00865144 0.00647149 -1.03151 -0.00863227 0.999958 -0.00298374 -5.53238 -0.00649703 0.0029277 0.999975 308.845 
0.999949 0.00742511 0.00680342 -1.02611 -0.00740373 0.999968 -0.00316284 -5.56403 -0.00682669 0.00311231 0.999972 310.475 
0.999961 0.00548714 0.00694534 -1.01932 -0.00545844 0.999977 -0.00414431 -5.59628 -0.00696792 0.00410624 0.999967 312.108 
0.999965 0.00406854 0.00731734 -1.01339 -0.004024 0.999973 -0.00609161 -5.63197 -0.00734193 0.00606196 0.999955 313.741 
0.999968 0.00362338 0.00712563 -1.00871 -0.00357295 0.999969 -0.00707672 -5.6683 -0.00715104 0.00705104 0.99995 315.381 
0.999978 0.00437149 0.00493255 -1.00802 -0.00433162 0.999958 -0.00806344 -5.70629 -0.00496759 0.0080419 0.999955 317.021 
0.999981 0.00542873 0.00283386 -1.01201 -0.00540778 0.999958 -0.00735033 -5.74369 -0.00287365 0.00733487 0.999969 318.667 
0.999975 0.00663673 0.0024861 -1.01806 -0.00662653 0.99997 -0.00408978 -5.77952 -0.00251317 0.0040732 0.999989 320.32 
0.999982 0.00519851 0.00300755 -1.01996 -0.00519538 0.999986 -0.0010471 -5.81085 -0.00301295 0.00103146 0.999995 321.978 
0.999986 0.0043504 0.00314922 -1.02197 -0.00434937 0.99999 -0.000330901 -5.83934 -0.00315063 0.000317199 0.999995 323.634 
0.999988 0.00339175 0.00341237 -1.02197 -0.00338638 0.999993 -0.00157957 -5.86862 -0.0034177 0.00156799 0.999993 325.292 
0.99999 0.00240945 0.00372978 -1.02217 -0.00240337 0.999996 -0.00163557 -5.8997 -0.00373371 0.00162659 0.999992 326.952 
0.999989 0.00239779 0.00400906 -1.02401 -0.00239246 0.999996 -0.00133255 -5.93176 -0.00401224 0.00132295 0.999991 328.614 
0.999987 0.00249918 0.00448058 -1.02433 -0.00249318 0.999996 -0.00134562 -5.96493 -0.00448392 0.00133443 0.999989 330.271 
0.99998 0.00404697 0.00490868 -1.02618 -0.00403585 0.999989 -0.00227283 -6.00002 -0.00491783 0.00225298 0.999985 331.926 
0.999973 0.00479689 0.00560998 -1.02722 -0.00478085 0.999984 -0.00286917 -6.03425 -0.00562365 0.00284227 0.99998 333.579 
0.999973 0.00352088 0.00638925 -1.02501 -0.00351519 0.999993 -0.000901729 -6.06914 -0.00639239 0.000879246 0.999979 335.234 
0.999975 0.00261872 0.00650658 -1.02152 -0.00261826 0.999997 -7.88803e-05 -6.1015 -0.00650677 6.18424e-05 0.999979 336.887 
0.999979 0.00151878 0.00634323 -1.01644 -0.00151062 0.999998 -0.00129128 -6.1325 -0.00634517 0.00128167 0.999979 338.538 
0.999976 0.00294342 0.00632647 -1.01454 -0.00293584 0.999995 -0.00120795 -6.16589 -0.00632999 0.00118934 0.999979 340.19 
0.999971 0.00465255 0.00607302 -1.01583 -0.00463324 0.999984 -0.00318954 -6.2 -0.00608776 0.00316131 0.999976 341.838 
0.999965 0.00639756 0.00539453 -1.01692 -0.00636418 0.999961 -0.0061827 -6.23634 -0.00543387 0.00614816 0.999966 343.485 
0.99996 0.00771827 0.00454219 -1.01869 -0.0076923 0.999954 -0.00570665 -6.27525 -0.00458602 0.00567148 0.999973 345.132 
0.999957 0.0085487 0.00363833 -1.02252 -0.00854074 0.999961 -0.00219993 -6.31205 -0.003657 0.00216876 0.999991 346.778 
0.999949 0.00972803 0.00259278 -1.02742 -0.00972959 0.999952 0.00058958 -6.34544 -0.00258692 -0.000614777 0.999996 348.423 
0.999948 0.0101467 0.00125578 -1.03495 -0.0101459 0.999948 -0.000623322 -6.37578 -0.00126204 0.000610549 0.999999 350.064 
0.999954 0.00959469 -0.000547454 -1.04327 -0.00959585 0.999952 -0.00216474 -6.40706 0.000526658 0.0021699 0.999998 351.701 
0.999962 0.00836134 -0.00235051 -1.05249 -0.00836319 0.999965 -0.000781048 -6.44078 0.0023439 0.000800676 0.999997 353.342 
0.999971 0.00682004 -0.00331306 -1.06371 -0.00682085 0.999977 -0.000232518 -6.47405 0.00331139 0.000255109 0.999994 354.981 
0.999971 0.00663718 -0.003773 -1.07692 -0.00664121 0.999977 -0.00105651 -6.50536 0.0037659 0.00108154 0.999992 356.618 
0.999973 0.0060261 -0.00409391 -1.09062 -0.006034 0.99998 -0.00191953 -6.53833 0.00408226 0.00194418 0.99999 358.254 
0.999974 0.00580738 -0.00419383 -1.10497 -0.00581607 0.999981 -0.00206303 -6.57081 0.00418177 0.00208737 0.999989 359.89 
0.999977 0.00531524 -0.00418654 -1.11884 -0.00532451 0.999983 -0.00220578 -6.60519 0.00417475 0.00222803 0.999989 361.525 
0.999979 0.00482504 -0.0042526 -1.1327 -0.0048368 0.999984 -0.00276042 -6.64059 0.00423921 0.00278093 0.999987 363.156 
0.99998 0.00462838 -0.00440068 -1.14675 -0.00464339 0.999983 -0.00340653 -6.67595 0.00438484 0.00342689 0.999985 364.785 
0.999983 0.0039935 -0.00434124 -1.15999 -0.00400709 0.999987 -0.00312564 -6.71201 0.0043287 0.00314298 0.999986 366.417 
0.999982 0.00428263 -0.00429909 -1.17537 -0.00429948 0.999983 -0.003919 -6.74774 0.00428224 0.00393742 0.999983 368.047 
0.999986 0.00286237 -0.00436505 -1.18793 -0.00288514 0.999982 -0.00521785 -6.78352 0.00435004 0.00523037 0.999977 369.678 
0.99999 0.00136564 -0.00432026 -1.19976 -0.00138013 0.999993 -0.00335317 -6.82015 0.00431565 0.0033591 0.999985 371.313 
0.99999 -0.000168135 -0.00439783 -1.21117 0.000156706 0.999997 -0.00259891 -6.85431 0.00439826 0.00259819 0.999987 372.947 
0.99999 -0.00057852 -0.00433785 -1.22492 0.000562892 0.999993 -0.00360295 -6.88798 0.00433991 0.00360047 0.999984 374.581 
0.999992 0.000638212 -0.00404787 -1.24109 -0.000655227 0.999991 -0.00420362 -6.92217 0.00404515 0.00420624 0.999983 376.218 
0.999991 0.00237312 -0.00361621 -1.25775 -0.00238517 0.999992 -0.00333015 -6.95759 0.00360828 0.00333874 0.999988 377.852 
0.999988 0.00368596 -0.00317487 -1.2734 -0.00369354 0.99999 -0.00238401 -6.99281 0.00316605 0.00239571 0.999992 379.483 
0.999991 0.00359194 -0.00230506 -1.32038 -0.00359829 0.99999 -0.00275711 -7.01253 0.00229513 0.00276538 0.999994 381.07 
0.999955 0.0069591 -0.00644572 -1.03311 -0.00698341 0.999969 -0.00375686 -7.14489 0.00641937 0.00380171 0.999972 383.628 
0.999955 0.00711847 -0.00630903 -1.05107 -0.00714354 0.999967 -0.00396044 -7.17829 0.00628062 0.00400533 0.999972 385.222 
0.999953 0.00761311 -0.00593517 -1.07249 -0.00763781 0.999962 -0.00414918 -7.21159 0.00590335 0.00419432 0.999974 386.813 
0.999945 0.00885771 -0.00561493 -1.09485 -0.00888059 0.999952 -0.00406273 -7.24427 0.00557868 0.00411237 0.999976 388.414 
0.999932 0.010455 -0.00524222 -1.11619 -0.0104736 0.999939 -0.00353651 -7.27745 0.00520492 0.00359117 0.99998 390.024 
0.99992 0.0116498 -0.00488828 -1.13679 -0.0116705 0.999923 -0.00421969 -7.31125 0.00483874 0.0042764 0.999979 391.631 
0.99991 0.0126205 -0.00457368 -1.15543 -0.0126432 0.999908 -0.00496989 -7.34362 0.00451053 0.00502727 0.999977 393.261 
0.999912 0.012399 -0.00475695 -1.17033 -0.0124223 0.999911 -0.00489586 -7.37345 0.00469582 0.00495452 0.999977 395.04 
0.999894 0.0138619 -0.00446213 -1.19069 -0.01388 0.999895 -0.00405138 -7.40788 0.0044055 0.00411288 0.999982 396.728 
0.999881 0.0148735 -0.00414029 -1.20828 -0.014889 0.999882 -0.00373094 -7.44411 0.00408431 0.00379214 0.999984 398.415 
0.999869 0.0157213 -0.0038332 -1.22558 -0.0157376 0.999867 -0.00425659 -7.47845 0.00376577 0.00431636 0.999984 400.107 
0.999866 0.0159817 -0.00361184 -1.24284 -0.0159963 0.999864 -0.00403193 -7.51266 0.00354691 0.00408916 0.999985 401.801 
