1 0 -0 0 -0 1 0 0 0 -0 1 -0 
1 -0.000519588 -0.000222925 -0.00611937 0.000519948 0.999999 0.0016187 -0.0212281 0.000222084 -0.00161882 0.999999 1.33028 
0.999998 -0.0016497 -0.000663232 -0.0118118 0.00165084 0.999997 0.00171203 -0.0431025 0.000660406 -0.00171312 0.999998 2.66274 
0.999995 -0.00298215 -0.000751397 -0.0168776 0.00298261 0.999995 0.000620705 -0.0623608 0.000749543 -0.000622943 1 3.99807 
0.999995 -0.00325533 -0.000590683 -0.0240189 0.00325574 0.999994 0.000687239 -0.0827877 0.000588443 -0.000689158 1 5.33922 
0.999993 -0.00375488 -0.000587984 -0.0306844 0.0037558 0.999992 0.00156385 -0.104469 0.000582107 -0.00156605 0.999999 6.68274 
0.999986 -0.00519767 -0.000467038 -0.035775 0.00519893 0.999983 0.00274498 -0.124425 0.000452763 -0.00274737 0.999996 8.03017 
0.999988 -0.00477938 -0.000701386 -0.0430402 0.00478165 0.999983 0.00327495 -0.144514 0.000685722 -0.00327826 0.999994 9.37986 
0.999992 -0.00395204 -0.00109234 -0.0518087 0.00395364 0.999991 0.00147164 -0.164458 0.00108651 -0.00147595 0.999998 10.7309 
0.999999 -0.00111391 -0.0011549 -0.0642136 0.00111304 0.999999 -0.000757122 -0.184959 0.00115574 0.000755835 0.999999 12.084 
0.999997 0.00233817 -0.00096818 -0.0782098 -0.00233974 0.999996 -0.00162862 -0.208332 0.000964368 0.00163088 0.999998 13.442 
0.999989 0.00468013 -0.000927882 -0.0912183 -0.00468173 0.999988 -0.00172385 -0.233245 0.000919803 0.00172817 0.999998 14.8054 
0.999983 0.00570562 -0.000817285 -0.101561 -0.00570632 0.999983 -0.000859801 -0.257126 0.000812366 0.000864451 0.999999 16.1715 
0.999995 0.00324175 -0.000410541 -0.107289 -0.00324098 0.999993 0.00187734 -0.278887 0.000416624 -0.001876 0.999998 17.5408 
1 -0.000844661 -0.000313045 -0.109303 0.000845797 0.999993 0.00364859 -0.299418 0.000309961 -0.00364886 0.999993 18.9119 
0.999995 -0.00317902 -0.000663416 -0.111793 0.00317992 0.999994 0.00135321 -0.320107 0.00065911 -0.00135531 0.999999 20.2812 
0.999991 -0.00422652 -0.000718944 -0.116525 0.00422606 0.999991 -0.000644445 -0.34014 0.000721661 0.000641401 1 21.6539 
0.999998 -0.00190392 -0.00015166 -0.126481 0.00190357 0.999996 -0.00223963 -0.364828 0.000155924 0.00223934 0.999997 23.0292 
0.999999 0.000827014 0.000658865 -0.138437 -0.000826849 1 -0.000250585 -0.385209 -0.000659072 0.00025004 1 24.411 
0.999998 0.00133133 0.0012013 -0.146512 -0.00133531 0.999994 0.00332243 -0.406191 -0.00119687 -0.00332403 0.999994 25.7967 
0.999998 -0.00104353 0.00167479 -0.14821 0.00103465 0.999985 0.00529037 -0.421994 -0.00168029 -0.00528862 0.999985 27.1836 
0.999987 -0.00490254 0.0012589 -0.146522 0.00489822 0.999982 0.00341139 -0.439932 -0.0012756 -0.00340518 0.999993 28.5705 
0.999985 -0.00527575 0.00124707 -0.149414 0.00527432 0.999985 0.00114439 -0.459101 -0.00125309 -0.0011378 0.999999 29.9588 
0.999983 -0.00548648 0.0018327 -0.152606 0.005489 0.999984 -0.00137014 -0.481298 -0.00182515 0.00138017 0.999997 31.3508 
0.999995 -0.00208563 0.00248049 -0.16127 0.00209087 0.999996 -0.00211124 -0.506998 -0.00247608 0.00211641 0.999995 32.7457 
0.999995 -0.0012146 0.00278554 -0.166388 0.00122653 0.99999 -0.00428211 -0.533304 -0.00278031 0.00428551 0.999987 34.1422 
0.999996 -0.000190879 0.00281626 -0.17101 0.000201364 0.999993 -0.00372304 -0.560131 -0.00281553 0.0037236 0.999989 35.5416 
0.999997 -0.000182966 0.00262369 -0.17437 0.000189572 0.999997 -0.00251776 -0.587056 -0.00262322 0.00251825 0.999993 36.948 
0.999997 0.00100468 0.00226645 -0.179921 -0.00100246 0.999999 -0.000977916 -0.612572 -0.00226743 0.000975641 0.999997 38.3551 
0.99999 0.00383712 0.00232186 -0.189097 -0.00383553 0.999992 -0.000689777 -0.637374 -0.00232449 0.000680864 0.999997 39.7658 
0.999977 0.00619786 0.00257355 -0.197716 -0.00619516 0.99998 -0.00105867 -0.662348 -0.00258006 0.0010427 0.999996 41.1794 
0.99996 0.00856741 0.00253269 -0.206294 -0.00856585 0.999963 -0.000623485 -0.686989 -0.00253793 0.000601766 0.999997 42.5969 
0.999954 0.00935759 0.0022486 -0.212561 -0.00935632 0.999956 -0.000574249 -0.711607 -0.00225387 0.000553184 0.999997 44.0181 
0.999963 0.00846865 0.00178597 -0.217813 -0.00846747 0.999964 -0.00066909 -0.736965 -0.00179157 0.000653942 0.999998 45.4411 
0.999969 0.00781254 0.00111022 -0.223061 -0.00781129 0.999969 -0.00112633 -0.761525 -0.00111898 0.00111762 0.999999 46.8671 
0.999974 0.00716106 0.000199475 -0.229596 -0.00716088 0.999974 -0.000900471 -0.786991 -0.000205918 0.000899019 1 48.2975 
0.999972 0.00750238 -0.000721271 -0.239375 -0.0075022 0.999972 0.00026102 -0.81222 0.000723209 -0.000255601 1 49.7327 
0.999967 0.00797656 -0.00171143 -0.251443 -0.00797673 0.999968 -9.2969e-05 -0.837078 0.00171064 0.000106618 0.999999 51.1696 
0.999961 0.00835234 -0.00283586 -0.263666 -0.00835158 0.999965 0.000279702 -0.86012 0.00283809 -0.000256008 0.999996 52.6133 
0.999957 0.00843251 -0.00392849 -0.277368 -0.00842783 0.999964 0.00120522 -0.884571 0.00393851 -0.00117206 0.999992 54.0596 
0.999966 0.00687661 -0.00462793 -0.290532 -0.00686679 0.999974 0.00213373 -0.907696 0.00464249 -0.00210188 0.999987 55.5086 
0.999971 0.00561211 -0.00512699 -0.30352 -0.00560047 0.999982 0.00228145 -0.930557 0.0051397 -0.00225267 0.999984 56.9559 
0.999979 0.00320248 -0.0055824 -0.315822 -0.00319373 0.999994 0.00157675 -0.952916 0.00558742 -0.00155889 0.999983 58.4022 
0.999982 0.00217811 -0.00564144 -0.329244 -0.00216748 0.999996 0.00188963 -0.976555 0.00564553 -0.00187737 0.999982 59.8489 
0.999986 0.000938344 -0.00520042 -0.342672 -0.000925144 0.999996 0.00253998 -1.00049 0.00520279 -0.00253513 0.999983 61.2934 
0.999989 -0.000149071 -0.0047239 -0.355696 0.000163992 0.999995 0.00315852 -1.02402 0.0047234 -0.00315926 0.999984 62.7349 
0.99999 -0.00176546 -0.00420279 -0.367282 0.0017771 0.999995 0.00276692 -1.04821 0.00419788 -0.00277436 0.999987 64.1743 
0.999987 -0.00341854 -0.00376973 -0.378334 0.00342595 0.999992 0.00195944 -1.07228 0.00376301 -0.00197233 0.999991 65.6089 
0.999991 -0.00269258 -0.00313005 -0.391691 0.00269741 0.999995 0.00153931 -1.09767 0.00312589 -0.00154774 0.999994 67.0393 
0.999997 -0.00111034 -0.00230477 -0.406116 0.00111333 0.999999 0.00129836 -1.12314 0.00230333 -0.00130092 0.999997 68.4687 
0.999996 0.00223587 -0.00173464 -0.421677 -0.0022314 0.999994 0.00257192 -1.14793 0.00174039 -0.00256804 0.999995 69.8953 
0.999984 0.00553989 -0.000966482 -0.436929 -0.0055361 0.999977 0.00387954 -1.1717 0.000987952 -0.00387413 0.999992 71.3176 
0.999953 0.00967835 -0.000175052 -0.452762 -0.0096775 0.999944 0.00432304 -1.1946 0.000216882 -0.00432115 0.999991 72.7354 
0.999902 0.0139853 0.000487441 -0.469164 -0.0139871 0.999894 0.00400392 -1.21696 -0.000431393 -0.00401034 0.999992 74.1498 
0.999851 0.0172017 0.00118418 -0.482944 -0.0172057 0.999846 0.00341786 -1.24019 -0.00112521 -0.00343773 0.999993 75.5579 
0.999816 0.0190927 0.00188199 -0.494285 -0.0190988 0.999812 0.00328623 -1.26327 -0.0018189 -0.00332157 0.999993 76.9653 
0.999812 0.0192841 0.00223774 -0.502359 -0.0192922 0.999807 0.00365473 -1.28655 -0.00216683 -0.00369721 0.999991 78.369 
0.99983 0.0182858 0.00232967 -0.507667 -0.0182936 0.999827 0.00336138 -1.3099 -0.00226781 -0.00340342 0.999992 79.7699 
0.999853 0.0170223 0.00217755 -0.5122 -0.0170277 0.999852 0.00250352 -1.33377 -0.00213461 -0.00254023 0.999994 81.1648 
0.999862 0.0165407 0.00182125 -0.516737 -0.0165452 0.99986 0.00249098 -1.35859 -0.00177979 -0.00252077 0.999995 82.5555 
0.999863 0.0164741 0.00156571 -0.523982 -0.0164782 0.999861 0.00266201 -1.38237 -0.00152164 -0.00268744 0.999995 83.9474 
0.999867 0.0162844 0.001037 -0.531591 -0.0162867 0.999865 0.00219971 -1.4063 -0.00100103 -0.00221631 0.999997 85.3373 
0.999865 0.0164052 0.000331098 -0.54136 -0.016406 0.999862 0.00253892 -1.4304 -0.000289401 -0.00254401 0.999997 86.7244 
0.999874 0.0158377 -0.00065907 -0.550745 -0.0158353 0.999869 0.00340751 -1.45426 0.00071295 -0.00339664 0.999994 88.1093 
0.999904 0.0137315 -0.00173887 -0.558578 -0.0137237 0.999896 0.0043758 -1.47705 0.00179878 -0.00435152 0.999989 89.492 
0.999928 0.0116413 -0.0029037 -0.56826 -0.0116271 0.999921 0.00486039 -1.49871 0.00296005 -0.00482628 0.999984 90.8703 
0.999946 0.00970591 -0.00363407 -0.577894 -0.00968815 0.999941 0.00487251 -1.5203 0.00368115 -0.00483704 0.999982 92.2476 
0.999957 0.00828351 -0.00410935 -0.590398 -0.00826542 0.999956 0.00440005 -1.54178 0.00414562 -0.0043659 0.999982 93.6202 
0.999964 0.0073258 -0.00433597 -0.603686 -0.00730844 0.999965 0.00400524 -1.5639 0.00436516 -0.00397341 0.999983 94.9915 
0.99996 0.00781305 -0.00443554 -0.618474 -0.00779781 0.999964 0.0034426 -1.58701 0.00446228 -0.00340787 0.999984 96.3598 
0.999962 0.00757434 -0.00431854 -0.632352 -0.00756167 0.999967 0.00294331 -1.61025 0.00434069 -0.00291054 0.999986 97.725 
0.999955 0.00852855 -0.00418219 -0.647829 -0.00851928 0.999961 0.00223029 -1.63412 0.00420105 -0.00219456 0.999989 99.0891 
0.999944 0.00980358 -0.00386115 -0.664357 -0.00979364 0.999949 0.00258561 -1.65769 0.0038863 -0.00254765 0.999989 100.449 
0.999939 0.010432 -0.00361574 -0.67896 -0.0104174 0.999938 0.00403856 -1.68054 0.00365764 -0.00400065 0.999985 101.808 
0.999927 0.0115696 -0.00350828 -0.694844 -0.0115505 0.999919 0.00541156 -1.70353 0.00357061 -0.00537065 0.999979 103.162 
0.999936 0.0108358 -0.00340194 -0.708032 -0.0108221 0.999933 0.00400846 -1.72515 0.00344515 -0.00397139 0.999986 104.512 
0.999936 0.0108293 -0.00330297 -0.720747 -0.0108238 0.99994 0.00167017 -1.74713 0.00332086 -0.00163432 0.999993 105.856 
0.999942 0.0101909 -0.00343098 -0.734137 -0.0101893 0.999948 0.000480548 -1.77009 0.0034357 -0.000445561 0.999994 107.199 
0.999963 0.00798217 -0.0033308 -0.744712 -0.00797661 0.999967 0.00167884 -1.79367 0.00334409 -0.00165221 0.999993 108.544 
0.999981 0.00558487 -0.0026698 -0.754692 -0.00557508 0.999978 0.00365938 -1.81625 0.00269017 -0.00364443 0.99999 109.89 
0.99999 0.00404814 -0.00179283 -0.763769 -0.00404056 0.999983 0.00421406 -1.83783 0.00180986 -0.00420678 0.99999 111.232 
0.999994 0.00323734 -0.00101037 -0.77237 -0.00323448 0.999991 0.0028213 -1.85899 0.00101949 -0.00281801 0.999996 112.572 
0.999986 0.0052585 -0.000315982 -0.783124 -0.00525835 0.999986 0.000481398 -1.88131 0.000318509 -0.00047973 1 113.912 
0.999972 0.00740542 0.00089388 -0.79432 -0.00740395 0.999971 -0.00164359 -1.90556 -0.000906026 0.00163693 0.999998 115.254 
0.999942 0.0105173 0.00231622 -0.805923 -0.0105137 0.999943 -0.00157482 -1.93082 -0.00233265 0.00155037 0.999996 116.598 
0.999924 0.0117696 0.00378021 -0.813264 -0.0117711 0.999931 0.000374337 -1.95613 -0.00377554 -0.000418806 0.999993 117.945 
0.999918 0.0118966 0.00484157 -0.816347 -0.0119093 0.999926 0.00259401 -1.97928 -0.00481035 -0.00265146 0.999985 119.293 
0.999922 0.0111477 0.00562545 -0.816305 -0.0111653 0.999933 0.00310751 -2.00004 -0.00559043 -0.00317007 0.999979 120.645 
0.999911 0.0115934 0.00664652 -0.816766 -0.0116103 0.999929 0.00249545 -2.01972 -0.00661712 -0.0025724 0.999975 122 
0.999877 0.0135515 0.00787654 -0.818563 -0.0135671 0.999906 0.00192219 -2.03992 -0.00784975 -0.00202881 0.999967 123.357 
0.999837 0.0156167 0.00909498 -0.820036 -0.0156316 0.999877 0.00156992 -2.0616 -0.00906934 -0.00171183 0.999957 124.713 
0.999814 0.0163627 0.0102315 -0.819003 -0.016369 0.999866 0.000531251 -2.08373 -0.0102215 -0.000698632 0.999948 126.072 
0.999784 0.0174984 0.0112162 -0.815398 -0.0174965 0.999847 -0.000274246 -2.10706 -0.0112193 7.79428e-05 0.999937 127.43 
0.999787 0.0165948 0.0122492 -0.808983 -0.0165902 0.999862 -0.000470845 -2.13078 -0.0122553 0.000267528 0.999925 128.791 
0.999783 0.016188 0.0131263 -0.801375 -0.0161971 0.999869 0.000589604 -2.15469 -0.0131151 -0.000802085 0.999914 130.153 
0.999792 0.0148199 0.0139842 -0.792782 -0.0148423 0.999889 0.00149633 -2.17814 -0.0139605 -0.00170358 0.999901 131.516 
0.9998 0.0140009 0.0142688 -0.782158 -0.0140284 0.9999 0.00182834 -2.20066 -0.0142418 -0.00202814 0.999897 132.877 
0.999829 0.0117462 0.0142781 -0.769735 -0.0117757 0.999929 0.00198405 -2.22273 -0.0142538 -0.00215184 0.999896 134.238 
0.99985 0.0101673 0.0140449 -0.758044 -0.0102063 0.999944 0.00271076 -2.24443 -0.0140165 -0.0028537 0.999898 135.598 
0.999872 0.00859895 0.0135203 -0.748133 -0.00863146 0.99996 0.00234809 -2.26591 -0.0134996 -0.00246449 0.999906 136.959 
0.999898 0.00721007 0.0123368 -0.737101 -0.00723878 0.999971 0.00228384 -2.28682 -0.01232 -0.00237291 0.999921 138.321 
0.99992 0.00573966 0.0112317 -0.727929 -0.00577603 0.999978 0.00320814 -2.30792 -0.011213 -0.00327276 0.999932 139.685 
0.99994 0.00416721 0.010155 -0.718543 -0.00420184 0.999985 0.00339171 -2.32946 -0.0101407 -0.00343418 0.999943 141.049 
0.999953 0.0037413 0.0089111 -0.713056 -0.00377192 0.999987 0.00342133 -2.34992 -0.00889819 -0.00345478 0.999954 142.415 
0.999964 0.00335222 0.00773132 -0.70922 -0.00337456 0.99999 0.0028786 -2.37131 -0.0077216 -0.00290459 0.999966 143.779 
0.999972 0.00319413 0.00673695 -0.706853 -0.00321145 0.999992 0.0025625 -2.39279 -0.00672871 -0.00258406 0.999974 145.143 
0.999983 0.000804071 0.00577665 -0.703928 -0.000805249 1 0.000201586 -2.41709 -0.00577649 -0.000206234 0.999983 146.505 
0.999979 -0.00456048 0.0047005 -0.696953 0.00456158 0.99999 -0.000222396 -2.44004 -0.00469944 0.000243833 0.999989 147.871 
0.999918 -0.0123158 0.00361056 -0.686671 0.0123082 0.999922 0.00212358 -2.46334 -0.00363643 -0.00207896 0.999991 149.24 
0.999817 -0.0190543 0.00196908 -0.676026 0.0190472 0.999812 0.00360043 -2.4829 -0.00203731 -0.00356227 0.999992 150.608 
0.999751 -0.0222921 0.00091034 -0.671243 0.0222919 0.999751 0.000217713 -2.50509 -0.000914967 -0.000197365 1 151.971 
0.999764 -0.0217017 0.00122005 -0.673682 0.0217051 0.99976 -0.0028277 -2.531 -0.00115839 0.00285352 0.999995 153.334 
0.999827 -0.018501 0.00210125 -0.681062 0.018511 0.999817 -0.00483757 -2.56202 -0.00201137 0.00487562 0.999986 154.699 
0.999825 -0.0185211 0.0028083 -0.683511 0.0185344 0.999817 -0.00481204 -2.5936 -0.00271867 0.00486325 0.999984 156.067 
0.999755 -0.0218686 0.00336547 -0.679935 0.0218731 0.99976 -0.00128191 -2.62257 -0.00333663 0.00135521 0.999994 157.437 
0.999625 -0.0271088 0.00375952 -0.672334 0.0271033 0.999632 0.0015069 -2.6485 -0.00379899 -0.00140444 0.999992 158.807 
0.999518 -0.0308103 0.00375557 -0.665445 0.0308 0.999522 0.00278624 -2.66964 -0.00383962 -0.00266922 0.999989 160.175 
0.999468 -0.0323937 0.00378868 -0.662084 0.0323838 0.999472 0.00263545 -2.69045 -0.00387205 -0.00251136 0.999989 161.542 
0.999523 -0.0305242 0.00475098 -0.664259 0.0305083 0.999529 0.00339328 -2.71137 -0.00485231 -0.00324672 0.999983 162.91 
0.99963 -0.026546 0.00591979 -0.668378 0.0265313 0.999645 0.00253837 -2.73277 -0.00598507 -0.00238037 0.999979 164.277 
0.999712 -0.0229959 0.00681902 -0.671283 0.0229937 0.999736 0.000390524 -2.75458 -0.0068262 -0.000233617 0.999977 165.646 
0.999769 -0.0201301 0.0075692 -0.671887 0.0201319 0.999797 -0.000168988 -2.77653 -0.00756426 0.000321332 0.999971 167.016 
0.999801 -0.0182621 0.00798873 -0.671765 0.0182546 0.999833 0.00101463 -2.79964 -0.00800592 -0.000868598 0.999968 168.39 
0.999835 -0.016411 0.00777689 -0.670532 0.0164065 0.999865 0.000643087 -2.82316 -0.00778639 -0.00051539 0.99997 169.762 
0.99987 -0.0143686 0.00733582 -0.670867 0.0143826 0.999895 -0.00184981 -2.84672 -0.00730847 0.00195508 0.999971 171.133 
0.999921 -0.0105437 0.00690318 -0.674494 0.010576 0.999933 -0.00466192 -2.87291 -0.00685357 0.00473456 0.999965 172.505 
0.999962 -0.00539746 0.00679624 -0.681431 0.00543793 0.999968 -0.00595122 -2.90123 -0.0067639 0.00598796 0.999959 173.883 
0.999974 -0.00077836 0.00712378 -0.687345 0.000812375 0.999988 -0.00477326 -2.93101 -0.00711998 0.00477893 0.999963 175.267 
0.999968 0.00213856 0.00774293 -0.691593 -0.00211648 0.999994 -0.00285887 -2.96006 -0.007749 0.00284239 0.999966 176.652 
0.999965 0.00298772 0.00775362 -0.690344 -0.00298286 0.999995 -0.000637703 -2.98546 -0.00775549 0.000614553 0.99997 178.045 
0.999976 -0.000243947 0.00698781 -0.684772 0.000241993 1 0.00028051 -3.00869 -0.00698788 -0.000278812 0.999976 179.439 
0.999983 -0.00234563 0.00529439 -0.680781 0.00234347 0.999997 0.000415037 -3.03113 -0.00529535 -0.000402622 0.999986 180.834 
0.999991 -0.00268962 0.00327581 -0.680744 0.00270223 0.999989 -0.0038531 -3.05703 -0.00326541 0.00386192 0.999987 182.229 
0.999998 -0.000957789 0.00180961 -0.685926 0.000972426 0.999967 -0.008105 -3.08629 -0.00180179 0.00810674 0.999966 183.631 
0.999992 0.00384714 0.00117371 -0.699623 -0.00383678 0.999955 -0.00869866 -3.12042 -0.00120712 0.00869408 0.999961 185.039 
0.999973 0.00726731 0.00102056 -0.712539 -0.00725921 0.999944 -0.00772793 -3.15511 -0.00107666 0.00772031 0.99997 186.455 
0.999954 0.00945457 0.00128725 -0.723554 -0.00944898 0.999946 -0.00427772 -3.18579 -0.00132763 0.00426536 0.99999 187.875 
0.999947 0.0101839 0.00162916 -0.732268 -0.0101801 0.999945 -0.00233523 -3.21411 -0.00165285 0.00231852 0.999996 189.296 
0.999952 0.00965021 0.00171101 -0.737413 -0.00964776 0.999952 -0.00143341 -3.23861 -0.00172476 0.00141684 0.999998 190.719 
0.999967 0.00795947 0.00168163 -0.741373 -0.00795809 0.999968 -0.000822691 -3.26464 -0.00168812 0.000809281 0.999998 192.145 
0.999984 0.00540198 0.00180142 -0.743957 -0.00540151 0.999985 -0.000264151 -3.29029 -0.00180282 0.000254416 0.999998 193.574 
0.999994 0.00272334 0.0020306 -0.744315 -0.00272283 0.999996 -0.000253742 -3.3154 -0.00203128 0.000248212 0.999998 195.008 
0.999997 -0.000417452 0.0023957 -0.743646 0.000415537 1 0.000799595 -3.33927 -0.00239603 -0.000798597 0.999997 196.446 
0.999985 -0.00474931 0.00282793 -0.741719 0.00474274 0.999986 0.0023237 -3.36158 -0.00283893 -0.00231025 0.999993 197.889 
0.999968 -0.00738125 0.0031016 -0.739407 0.00737446 0.99997 0.00219683 -3.38404 -0.00311772 -0.00217389 0.999993 199.331 
0.99998 -0.00537675 0.00330353 -0.742493 0.00538385 0.999983 -0.00214333 -3.40895 -0.00329195 0.00216107 0.999992 200.773 
0.999991 0.00187393 0.00370598 -0.75262 -0.00184731 0.999973 -0.00717381 -3.43741 -0.00371932 0.0071669 0.999967 202.217 
0.999928 0.0108782 0.00498263 -0.76903 -0.0108422 0.999915 -0.00718668 -3.46918 -0.00506039 0.00713214 0.999962 203.667 
0.999805 0.0187394 0.00620833 -0.783499 -0.0187178 0.999819 -0.0035132 -3.50063 -0.00627304 0.0033963 0.999975 205.125 
0.999781 0.019707 0.00699113 -0.786918 -0.0196977 0.999805 -0.00139084 -3.52654 -0.00701718 0.00125283 0.999975 206.585 
0.99982 0.0178108 0.00650642 -0.7835 -0.017805 0.999841 -0.000934954 -3.55029 -0.00652203 0.000818938 0.999978 208.045 
0.999879 0.0146148 0.00528777 -0.777323 -0.0146098 0.999893 -0.00098751 -3.57546 -0.00530164 0.000910137 0.999986 209.51 
0.999911 0.0126058 0.00432629 -0.774305 -0.0125991 0.999919 -0.0015621 -3.60248 -0.00434563 0.00150746 0.999989 210.976 
0.999908 0.0130004 0.00375329 -0.775813 -0.0129927 0.999913 -0.00206611 -3.63 -0.00377983 0.00201715 0.999991 212.445 
0.999891 0.0143306 0.00359966 -0.780612 -0.014324 0.999896 -0.00187637 -3.65774 -0.00362617 0.00182461 0.999992 213.923 
0.999872 0.0156318 0.00352189 -0.786986 -0.0156283 0.999877 -0.00100289 -3.68453 -0.00353713 0.000947722 0.999993 215.405 
0.999882 0.0149923 0.00323725 -0.791386 -0.0149874 0.999887 -0.00153291 -3.71157 -0.00325986 0.00148421 0.999994 216.888 
0.999888 0.0146573 0.00286036 -0.79572 -0.0146501 0.999889 -0.00252335 -3.73872 -0.00289702 0.00248116 0.999993 218.372 
0.9999 0.0139193 0.00258626 -0.800032 -0.013912 0.999899 -0.00284283 -3.76674 -0.00262557 0.00280657 0.999993 219.863 
0.999895 0.0142892 0.00221859 -0.805703 -0.0142827 0.999894 -0.00294039 -3.79598 -0.00226037 0.00290839 0.999993 221.357 
0.999891 0.0146355 0.00194352 -0.812649 -0.0146294 0.999888 -0.0031618 -3.82576 -0.00198958 0.00313302 0.999993 222.855 
0.999892 0.0146321 0.0016919 -0.819528 -0.0146265 0.999887 -0.00332483 -3.85523 -0.00174036 0.00329973 0.999993 224.357 
0.999876 0.015664 0.00129057 -0.828377 -0.0156592 0.999871 -0.00367002 -3.88549 -0.00134789 0.00364936 0.999992 225.862 
0.999881 0.0154107 0.000918941 -0.835101 -0.0154071 0.999874 -0.00381334 -3.91466 -0.000977591 0.00379872 0.999992 227.371 
0.999873 0.0159047 0.000626604 -0.843444 -0.0159022 0.999867 -0.0037387 -3.94576 -0.000685983 0.00372826 0.999993 228.884 
0.999884 0.0152041 0.000546968 -0.851316 -0.0152019 0.999877 -0.00379493 -3.97613 -0.000604599 0.00378618 0.999993 230.401 
0.999905 0.0137947 0.000586882 -0.858052 -0.0137922 0.999897 -0.00403033 -4.00721 -0.000642419 0.00402185 0.999992 231.92 
0.999919 0.0127037 0.000677799 -0.864835 -0.0127011 0.999912 -0.00380076 -4.03822 -0.000726023 0.00379184 0.999993 233.442 
0.999935 0.011378 0.00086043 -0.870991 -0.0113753 0.999931 -0.00301491 -4.06988 -0.000894674 0.00300493 0.999995 234.969 
0.999935 0.0114132 0.000760463 -0.878687 -0.011411 0.999931 -0.00279769 -4.10103 -0.000792341 0.00278883 0.999996 236.499 
0.999929 0.0118692 0.000798585 -0.886582 -0.0118666 0.999925 -0.00310529 -4.13232 -0.000835382 0.0030956 0.999995 238.029 
0.999921 0.0125195 0.00105146 -0.894132 -0.0125155 0.999915 -0.0037226 -4.16452 -0.00109798 0.00370915 0.999993 239.561 
0.999903 0.0138077 0.00154067 -0.902932 -0.013803 0.9999 -0.00302955 -4.19578 -0.00158234 0.00300799 0.999994 241.098 
0.999898 0.0141364 0.00223749 -0.909696 -0.0141343 0.9999 -0.000945874 -4.22518 -0.00225064 0.000914151 0.999997 242.638 
0.999899 0.013958 0.00281297 -0.915052 -0.0139568 0.999902 -0.000470189 -4.25449 -0.00281926 0.000430882 0.999996 244.178 
0.999892 0.0143148 0.00331655 -0.919136 -0.014308 0.999895 -0.00207708 -4.28336 -0.00334593 0.00202941 0.999992 245.718 
0.999886 0.0146267 0.00383516 -0.923757 -0.0146137 0.999887 -0.00341679 -4.31286 -0.0038847 0.00336035 0.999987 247.261 
0.999873 0.0154069 0.00415182 -0.927619 -0.0153948 0.999877 -0.0029332 -4.34307 -0.0041965 0.00286891 0.999987 248.809 
0.999878 0.0150879 0.00416386 -0.931752 -0.0150802 0.999884 -0.00189162 -4.37205 -0.00419192 0.0018286 0.99999 250.357 
0.999876 0.0152942 0.00386773 -0.934267 -0.0152888 0.999882 -0.00141955 -4.40327 -0.00388899 0.00136024 0.999992 251.908 
0.999871 0.0156515 0.00363474 -0.938416 -0.0156464 0.999877 -0.00142586 -4.43133 -0.0036566 0.00136881 0.999992 253.459 
0.999847 0.0170925 0.00377235 -0.943164 -0.0170884 0.999853 -0.00113603 -4.46017 -0.00379121 0.00107139 0.999992 255.013 
0.999824 0.0183304 0.00403028 -0.949749 -0.0183257 0.999831 -0.00119609 -4.48708 -0.00405153 0.00112203 0.999991 256.568 
0.99982 0.018529 0.00398129 -0.954673 -0.0185254 0.999828 -0.000921392 -4.51543 -0.00399767 0.000847471 0.999992 258.126 
0.999847 0.0170765 0.00389598 -0.956228 -0.0170736 0.999854 -0.000773112 -4.54232 -0.00390861 0.000706475 0.999992 259.688 
0.999877 0.0152278 0.00383737 -0.957663 -0.0152278 0.999884 -1.85722e-05 -4.56892 -0.0038372 -3.98648e-05 0.999993 261.252 
0.999911 0.0127708 0.00389937 -0.957187 -0.0127737 0.999918 0.000714258 -4.59495 -0.00388993 -0.000764003 0.999992 262.818 
0.99993 0.0113151 0.00357256 -0.958037 -0.0113152 0.999936 -7.42307e-06 -4.62193 -0.00357241 -3.30016e-05 0.999994 264.381 
0.999942 0.0102412 0.00337452 -0.960095 -0.0102379 0.999947 -0.00101115 -4.64845 -0.00338469 0.000976547 0.999994 265.944 
0.999956 0.0084914 0.00390021 -0.96132 -0.00849428 0.999964 0.000722446 -4.67489 -0.00389394 -0.000755543 0.999992 267.513 
0.99997 0.00642078 0.00428228 -0.96265 -0.00643161 0.999976 0.00252133 -4.70037 -0.00426599 -0.00254879 0.999988 269.081 
0.999976 0.00541876 0.00432 -0.962982 -0.00542587 0.999984 0.00163638 -4.72251 -0.00431107 -0.00165978 0.999989 270.647 
0.999977 0.00498804 0.00469992 -0.963086 -0.00499114 0.999987 0.000648372 -4.74651 -0.00469663 -0.000671815 0.999989 272.215 
0.999969 0.00572036 0.00538589 -0.966126 -0.00572242 0.999984 0.000367878 -4.77347 -0.0053837 -0.000398687 0.999985 273.784 
0.999952 0.00748508 0.00638837 -0.96934 -0.00748798 0.999972 0.000429385 -4.80072 -0.00638498 -0.0004772 0.99998 275.359 
0.999932 0.00910428 0.00734695 -0.972067 -0.00910525 0.999959 9.93596e-05 -4.82886 -0.00734574 -0.000166249 0.999973 276.934 
0.999914 0.0101845 0.00826414 -0.971734 -0.010184 0.999948 -9.89015e-05 -4.8578 -0.00826472 1.47307e-05 0.999966 278.512 
0.999898 0.0110171 0.00911745 -0.970634 -0.0110142 0.999939 -0.000370345 -4.88546 -0.00912098 0.000269885 0.999958 280.095 
0.999887 0.0113145 0.00989053 -0.967187 -0.0113044 0.999936 -0.00107041 -4.91403 -0.009902 0.000958483 0.999951 281.671 
0.999884 0.0106978 0.0107981 -0.961627 -0.0106806 0.999942 -0.00165037 -4.94324 -0.0108151 0.00153485 0.99994 283.25 
0.999881 0.0100251 0.0116839 -0.952064 -0.0100109 0.999949 -0.00127038 -4.97284 -0.011696 0.00115326 0.999931 284.828 
0.999884 0.00893047 0.0123224 -0.940403 -0.00892807 0.99996 -0.000249412 -5.00252 -0.0123241 0.000139368 0.999924 286.409 
0.99989 0.0078648 0.0126059 -0.927067 -0.0078658 0.999969 3.01524e-05 -5.03133 -0.0126053 -0.000129305 0.999921 287.991 
0.999894 0.00731181 0.0125643 -0.913681 -0.00728195 0.999971 -0.00242041 -5.06192 -0.0125816 0.00232866 0.999918 289.569 
0.999907 0.00596073 0.0122516 -0.90165 -0.00590493 0.999972 -0.00458568 -5.09215 -0.0122786 0.00451291 0.999914 291.15 
0.999916 0.00610283 0.0114187 -0.889958 -0.00605057 0.999971 -0.00460625 -5.12473 -0.0114465 0.00453677 0.999924 292.735 
0.999932 0.00484018 0.0105985 -0.878921 -0.00479147 0.999978 -0.00461724 -5.15584 -0.0106206 0.00456614 0.999933 294.321 
0.999941 0.00500535 0.00963998 -0.870143 -0.00495476 0.999974 -0.00526459 -5.18803 -0.00966608 0.00521652 0.99994 295.91 
0.999946 0.00522579 0.00898011 -0.864084 -0.005176 0.999971 -0.00555937 -5.22172 -0.0090089 0.00551259 0.999944 297.499 
0.999951 0.00524859 0.00834461 -0.858858 -0.00520638 0.999974 -0.00507143 -5.25712 -0.00837101 0.00502774 0.999952 299.094 
0.999961 0.00488349 0.00739022 -0.852973 -0.00484695 0.999976 -0.00495388 -5.29101 -0.00741424 0.00491787 0.99996 300.693 
0.99997 0.00433961 0.0063966 -0.849254 -0.00431672 0.999984 -0.00358819 -5.32426 -0.00641207 0.00356048 0.999973 302.295 
0.999963 0.00625528 0.00586423 -0.849136 -0.00624203 0.999978 -0.002276 -5.3558 -0.00587834 0.00223931 0.99998 303.904 
0.999956 0.00666028 0.00659351 -0.847056 -0.00664576 0.999975 -0.00222207 -5.38548 -0.00660814 0.00217815 0.999976 305.516 
0.999947 0.00710967 0.00746588 -0.845154 -0.00709117 0.999972 -0.00250125 -5.41658 -0.00748345 0.00244817 0.999969 307.131 
0.999952 0.00587724 0.00781916 -0.838801 -0.00585633 0.999979 -0.00269363 -5.44698 -0.00783483 0.0026477 0.999966 308.752 
0.99996 0.0039105 0.00798212 -0.830942 -0.00388129 0.999986 -0.00367267 -5.4788 -0.00799637 0.00364155 0.999961 310.375 
0.999962 0.00246197 0.00833936 -0.822662 -0.00241496 0.999981 -0.00564271 -5.51282 -0.00835309 0.00562236 0.999949 312 
0.999965 0.00202718 0.00816096 -0.816313 -0.00197303 0.999976 -0.00663709 -5.54802 -0.00817422 0.00662075 0.999945 313.633 
0.999978 0.00275182 0.00599152 -0.814144 -0.00270612 0.999967 -0.00762238 -5.58515 -0.0060123 0.007606 0.999953 315.266 
0.999985 0.00379962 0.00390989 -0.816604 -0.00377261 0.999969 -0.00689466 -5.62236 -0.00393597 0.0068798 0.999969 316.906 
0.999981 0.00499574 0.00357002 -0.82119 -0.00498276 0.999981 -0.00363402 -5.65721 -0.00358811 0.00361617 0.999987 318.555 
0.999985 0.0035569 0.00409951 -0.821046 -0.00355454 0.999994 -0.000581557 -5.68803 -0.00410155 0.000566976 0.999991 320.207 
0.999987 0.00270399 0.00423713 -0.820803 -0.00270458 0.999996 0.000134716 -5.71577 -0.00423675 -0.000146174 0.999991 321.86 
0.999988 0.00174973 0.004517 -0.819388 -0.00174469 0.999998 -0.0011193 -5.74379 -0.00451895 0.0011114 0.999989 323.513 
0.999988 0.000758463 0.0048471 -0.817637 -0.000752809 0.999999 -0.00116814 -5.77431 -0.00484798 0.00116448 0.999988 325.169 
0.999987 0.000733422 0.00512714 -0.817579 -0.000729104 0.999999 -0.000843898 -5.80613 -0.00512775 0.000840148 0.999987 326.826 
0.999984 0.000820587 0.00559675 -0.815909 -0.000815834 0.999999 -0.000851416 -5.8384 -0.00559744 0.000846836 0.999984 328.479 
0.999979 0.0023717 0.0060275 -0.815852 -0.00236101 0.999996 -0.00177878 -5.87269 -0.0060317 0.00176451 0.99998 330.13 
0.999972 0.00312723 0.00672868 -0.814965 -0.0031113 0.999992 -0.00237664 -5.90605 -0.00673606 0.00235564 0.999975 331.779 
0.99997 0.00181137 0.00749743 -0.81036 -0.00180842 0.999998 -0.000400924 -5.94024 -0.00749815 0.000387353 0.999972 333.43 
0.999971 0.000926342 0.00761748 -0.804708 -0.000929667 0.999999 0.000432931 -5.97192 -0.00761708 -0.00044 0.999971 335.078 
0.999972 -0.000167702 0.00745996 -0.797685 0.000173487 1 -0.00077481 -6.00235 -0.00745983 0.000776083 0.999972 336.723 
0.999971 0.00125874 0.0074524 -0.793951 -0.00125355 0.999999 -0.000700554 -6.0345 -0.00745328 0.000691192 0.999972 338.368 
0.99997 0.00296213 0.00721442 -0.793648 -0.00294293 0.999992 -0.00267153 -6.06797 -0.00722227 0.00265021 0.99997 340.007 
0.999968 0.00469563 0.00653944 -0.792613 -0.00465863 0.999973 -0.0056612 -6.10314 -0.00656585 0.00563055 0.999963 341.648 
0.999966 0.0060081 0.00570407 -0.79272 -0.00597863 0.999969 -0.00516905 -6.14122 -0.00573494 0.00513477 0.99997 343.286 
0.999965 0.00683708 0.00479388 -0.794375 -0.00682915 0.999975 -0.00166732 -6.1768 -0.00480516 0.00163452 0.999987 344.923 
0.999961 0.00799156 0.00375141 -0.797737 -0.00799584 0.999967 0.00112739 -6.20899 -0.00374228 -0.00115735 0.999992 346.56 
0.999962 0.00839936 0.00240767 -0.802858 -0.00839919 0.999965 -7.9435e-05 -6.23865 -0.00240826 5.92095e-05 0.999997 348.192 
0.999969 0.00784133 0.000603191 -0.808949 -0.00784034 0.999968 -0.00162531 -6.26864 -0.000615916 0.00162053 0.999998 349.82 
0.999978 0.00659281 -0.00119902 -0.816561 -0.00659311 0.999978 -0.000250525 -6.30105 0.00119734 0.000258425 0.999999 351.45 
0.999985 0.00506023 -0.00216047 -0.825695 -0.00505966 0.999987 0.000270571 -6.33301 0.00216181 -0.000259636 0.999998 353.079 
0.999985 0.00489334 -0.00260338 -0.837287 -0.00489481 0.999988 -0.000556022 -6.36339 0.00260063 0.000568756 0.999996 354.704 
0.999987 0.00425835 -0.00292485 -0.848949 -0.00426249 0.99999 -0.00141265 -6.3956 0.00291881 0.00142509 0.999995 356.331 
0.999987 0.00402007 -0.00304788 -0.860593 -0.00402482 0.999991 -0.00155188 -6.4272 0.00304161 0.00156412 0.999994 357.958 
0.999989 0.00352479 -0.00304484 -0.872316 -0.00352997 0.999992 -0.00169619 -6.46046 0.00303884 0.00170692 0.999994 359.583 
0.999991 0.00301338 -0.00309203 -0.884401 -0.00302033 0.999993 -0.00224473 -6.49501 0.00308525 0.00225405 0.999993 361.204 
0.999991 0.00282304 -0.00323791 -0.896358 -0.00283243 0.999992 -0.00289717 -6.52929 0.0032297 0.00290631 0.999991 362.824 
0.999993 0.00219712 -0.00317953 -0.907375 -0.00220542 0.999994 -0.00261116 -6.56451 0.00317378 0.00261816 0.999992 364.448 
0.999992 0.00247793 -0.00311581 -0.921433 -0.00248853 0.999991 -0.00340401 -6.59917 0.00310735 0.00341174 0.999989 366.068 
0.999994 0.00105601 -0.00315651 -0.932403 -0.00107084 0.999988 -0.00470143 -6.634 0.00315151 0.00470478 0.999984 367.691 
0.999995 -0.000460293 -0.00311544 -0.94228 0.000451474 0.999996 -0.00283066 -6.6694 0.00311673 0.00282924 0.999991 369.317 
0.999993 -0.00197564 -0.00319898 -0.951512 0.00196903 0.999996 -0.00206896 -6.70299 0.00320306 0.00206265 0.999993 370.944 
0.999992 -0.00239165 -0.00315035 -0.962655 0.00238194 0.999992 -0.00308114 -6.73536 0.00315769 0.00307361 0.99999 372.57 
0.999995 -0.00119129 -0.00287912 -0.976014 0.00118064 0.999992 -0.00369551 -6.76804 0.0028835 0.00369209 0.999989 374.2 
0.999997 0.00052329 -0.00243399 -0.991313 -0.00053016 0.999996 -0.00282303 -6.80242 0.00243251 0.00282431 0.999993 375.826 
0.999996 0.00185294 -0.00197698 -1.00518 -0.00185667 0.999996 -0.00188755 -6.83642 0.00197347 0.00189121 0.999996 377.455 
0.999998 0.00173789 -0.00109031 -1.04995 -0.00174038 0.999996 -0.00229137 -6.85584 0.00108633 0.00229326 0.999997 379.028 
0.999971 0.00534026 -0.00544389 -0.754479 -0.00535869 0.99998 -0.00337759 -6.98928 0.00542575 0.00340667 0.999979 381.796 
0.999971 0.0054258 -0.00530116 -0.770898 -0.00544467 0.999979 -0.00355163 -7.02205 0.00528177 0.00358039 0.99998 383.378 
0.99997 0.00591872 -0.00495496 -0.789736 -0.00593721 0.999975 -0.00372456 -7.05509 0.00493279 0.00375387 0.999981 384.961 
0.999964 0.00711356 -0.00460911 -0.811611 -0.0071303 0.999968 -0.00362533 -7.08658 0.00458317 0.00365807 0.999983 386.551 
0.999952 0.00892533 -0.00411979 -0.836485 -0.00893832 0.999955 -0.00314587 -7.11734 0.00409153 0.00318255 0.999987 388.143 
0.999942 0.0101199 -0.00372193 -0.856051 -0.0101341 0.999941 -0.0038236 -7.14994 0.00368301 0.00386109 0.999986 389.73 
0.999937 0.0106662 -0.00344118 -0.873594 -0.010682 0.999932 -0.00457765 -7.17736 0.00339212 0.00461412 0.999984 391.337 
0.999932 0.0111494 -0.00344725 -0.89156 -0.0111654 0.999927 -0.00465761 -7.20665 0.00339507 0.00469578 0.999983 393.092 
0.999917 0.0125038 -0.00314751 -0.911479 -0.0125159 0.999914 -0.00385427 -7.23788 0.00309905 0.00389335 0.999988 394.773 
0.999905 0.0135185 -0.00282645 -0.926858 -0.0135286 0.999902 -0.00357976 -7.27208 0.00277778 0.00361766 0.99999 396.446 
0.999893 0.0144031 -0.00248001 -0.942868 -0.0144132 0.999888 -0.004122 -7.30562 0.00242037 0.00415731 0.999988 398.119 
0.999889 0.0147138 -0.00225146 -0.957363 -0.0147225 0.999884 -0.00393061 -7.33879 0.00219336 0.00396332 0.99999 399.796 
