1 0 -0 0 -0 1 0 0 0 -0 1 -0 
0.999998 0.000713603 0.00170996 -0.00558666 -0.000712015 0.999999 -0.000928792 -0.0209157 -0.00171062 0.000927573 0.999998 1.2117 
0.999995 0.00106642 0.00313986 -0.00898519 -0.00106511 0.999999 -0.00041795 -0.0426824 -0.0031403 0.000414603 0.999995 2.42492 
0.999991 0.000456589 0.00421096 -0.0100092 -0.000456384 1 -4.9628e-05 -0.0652936 -0.00421098 4.77057e-05 0.999991 3.63814 
0.999987 0.000142367 0.00507104 -0.0103555 -0.000142307 1 -1.21538e-05 -0.0865774 -0.00507104 1.1432e-05 0.999987 4.85017 
0.999982 -0.000177673 0.00606266 -0.0103965 0.000177159 1 8.53665e-05 -0.108787 -0.00606267 -8.42908e-05 0.999982 6.06125 
0.999976 0.000121715 0.00686883 -0.00896169 -0.000115852 1 -0.000853938 -0.131341 -0.00686893 0.000853122 0.999976 7.27209 
0.999971 -0.000241101 0.00762956 -0.00631953 0.000250337 0.999999 -0.00120961 -0.153687 -0.00762927 0.00121148 0.99997 8.4838 
0.99997 -0.000684942 0.00775596 -0.00312436 0.000682547 1 0.00031143 -0.175779 -0.00775617 -0.000306127 0.99997 9.69779 
0.999978 -0.00134867 0.00649943 -0.00110504 0.00134063 0.999998 0.00124193 -0.198058 -0.0065011 -0.00123319 0.999978 10.9089 
0.999989 -0.00245411 0.00405874 -0.000143702 0.002451 0.999997 0.00077289 -0.218925 -0.00406062 -0.000762933 0.999991 12.1158 
0.999996 -0.00213247 0.00195492 -0.00348188 0.00213184 0.999998 0.00032805 -0.23983 -0.00195561 -0.000323881 0.999998 13.3229 
0.999998 -0.00185639 0.000689047 -0.00914273 0.00185625 0.999998 0.000208096 -0.261226 -0.000689432 -0.000206816 1 14.5297 
1 -0.000333486 -0.000132952 -0.0173266 0.000333497 1 8.05926e-05 -0.282755 0.000132925 -8.06369e-05 1 15.7374 
1 -0.000660404 -0.000626724 -0.0247233 0.000660495 1 0.000144508 -0.303689 0.000626628 -0.000144922 1 16.9457 
0.999999 -0.00122937 -0.00113872 -0.0319052 0.00123005 0.999999 0.000600145 -0.324768 0.00113798 -0.000601545 0.999999 18.1548 
0.999997 -0.00166255 -0.00160961 -0.0397848 0.0016638 0.999998 0.000774898 -0.345832 0.00160832 -0.000777574 0.999998 19.3639 
0.999996 -0.00141888 -0.00228694 -0.0493666 0.0014185 0.999999 -0.000170664 -0.367686 0.00228718 0.000167419 0.999997 20.5735 
0.999995 -0.00175042 -0.00280567 -0.0593991 0.0017475 0.999998 -0.00104373 -0.388666 0.0028075 0.00103882 0.999996 21.7827 
0.999993 -0.00100325 -0.00355464 -0.0716174 0.00100145 0.999999 -0.000506067 -0.410609 0.00355514 0.000502504 0.999994 22.994 
0.99999 -0.00111805 -0.00428729 -0.083766 0.00111532 0.999999 -0.000638967 -0.433945 0.004288 0.000634179 0.999991 24.2041 
0.999986 -0.00119629 -0.00513704 -0.0968055 0.00118951 0.999998 -0.00132344 -0.457055 0.00513862 0.00131731 0.999986 25.413 
0.999982 -0.000825556 -0.00598511 -0.110841 0.000821589 0.999999 -0.000665243 -0.478817 0.00598566 0.000660313 0.999982 26.6234 
0.999975 -0.00215372 -0.00673705 -0.124087 0.00216128 0.999997 0.0011151 -0.501003 0.00673463 -0.00112963 0.999977 27.8359 
0.999968 -0.00248927 -0.00755018 -0.139602 0.00249813 0.999996 0.00116409 -0.521639 0.00754726 -0.00118291 0.999971 29.0462 
0.99996 -0.00324456 -0.00830065 -0.155684 0.00324696 0.999995 0.000276257 -0.542488 0.00829971 -0.000303198 0.999966 30.2565 
0.99995 -0.0037875 -0.00926101 -0.172283 0.00378081 0.999993 -0.000739705 -0.564186 0.00926375 0.000704654 0.999957 31.4638 
0.999945 -0.00325854 -0.00996642 -0.191069 0.00325167 0.999994 -0.000705 -0.586187 0.00996867 0.000672553 0.99995 32.6734 
0.999937 -0.00388353 -0.0105382 -0.210471 0.00388217 0.999992 -0.000149918 -0.609075 0.0105387 0.000108997 0.999944 33.8832 
0.999929 -0.0042468 -0.011159 -0.230442 0.00424857 0.999991 0.000135019 -0.63135 0.0111583 -0.000182419 0.999938 35.094 
0.99992 -0.00478798 -0.0116695 -0.250686 0.00478838 0.999989 5.98805e-06 -0.652883 0.0116694 -6.18657e-05 0.999932 36.3057 
0.999914 -0.00492175 -0.0121158 -0.2715 0.0049218 0.999988 -2.60795e-05 -0.674463 0.0121158 -3.35545e-05 0.999927 37.5181 
0.999908 -0.00579864 -0.0122393 -0.292057 0.00580604 0.999983 0.000568902 -0.695916 0.0122358 -0.000639912 0.999925 38.7315 
0.999912 -0.00550149 -0.0120986 -0.313369 0.0055243 0.999983 0.00185275 -0.716777 0.0120882 -0.00191942 0.999925 39.945 
0.999915 -0.00502587 -0.0120562 -0.334486 0.00505864 0.999984 0.00268886 -0.736969 0.0120425 -0.00274962 0.999924 41.1597 
0.999918 -0.0043404 -0.0120154 -0.356435 0.00436741 0.999988 0.0022229 -0.7565 0.0120057 -0.00227519 0.999925 42.3723 
0.999925 -0.00330031 -0.0118187 -0.378943 0.00332699 0.999992 0.00223832 -0.775013 0.0118113 -0.00227747 0.999928 43.5864 
0.999937 -0.0005908 -0.01118 -0.403077 0.000636058 0.999992 0.00404506 -0.79286 0.0111775 -0.00405192 0.999929 44.8037 
0.999954 -0.000542095 -0.009571 -0.422534 0.000609947 0.999975 0.00708783 -0.808882 0.00956692 -0.00709334 0.999929 46.0215 
0.99997 4.07507e-05 -0.00773659 -0.441055 3.60285e-05 0.999951 0.00992377 -0.822023 0.00773661 -0.00992376 0.999921 47.2401 
0.999981 0.000476504 -0.00612361 -0.456609 -0.000395342 0.999912 0.0132484 -0.830105 0.00612938 -0.0132457 0.999893 48.46 
0.999989 -0.000211279 -0.0047847 -0.468942 0.000280929 0.999894 0.0145607 -0.83758 0.00478111 -0.0145619 0.999883 49.6795 
0.999993 -0.00205981 -0.00323702 -0.477699 0.00210192 0.999913 0.0130604 -0.841716 0.00320984 -0.0130671 0.999909 50.8968 
0.999997 -0.000981363 -0.00212222 -0.48835 0.00100521 0.999936 0.0112664 -0.846575 0.00211103 -0.0112685 0.999934 52.1145 
0.999999 -0.000580301 -0.00129448 -0.499325 0.000594308 0.999941 0.0108466 -0.854135 0.0012881 -0.0108474 0.99994 53.3341 
0.999999 -0.001001 -0.00125975 -0.506391 0.00101403 0.999946 0.0103857 -0.86299 0.00124929 -0.010387 0.999945 54.5572 
0.999996 -0.00181567 -0.00202819 -0.515311 0.00183443 0.999955 0.00928341 -0.872108 0.00201124 -0.0092871 0.999955 55.7799 
0.999992 -0.00151456 -0.00367144 -0.526863 0.00155006 0.999952 0.00968681 -0.881291 0.00365659 -0.00969242 0.999946 57.006 
0.999986 -0.00159579 -0.00502067 -0.540229 0.00165048 0.999939 0.0109077 -0.890882 0.00500296 -0.0109159 0.999928 58.2332 
0.99998 -0.00169708 -0.0060533 -0.555135 0.00176484 0.999936 0.0112064 -0.900043 0.0060339 -0.0112169 0.999919 59.4587 
0.999976 -0.00067557 -0.00688213 -0.572468 0.000750778 0.99994 0.0109313 -0.908701 0.00687433 -0.0109362 0.999917 60.6829 
0.999972 -0.00033088 -0.00741642 -0.590127 0.000410822 0.999942 0.0107801 -0.918005 0.00741242 -0.0107829 0.999914 61.9065 
0.99997 -0.00125425 -0.00760156 -0.605693 0.00133195 0.999947 0.0102251 -0.927864 0.00758834 -0.0102349 0.999919 63.1276 
0.999966 -0.00246282 -0.007846 -0.620317 0.00253535 0.999954 0.00924696 -0.938714 0.00782287 -0.00926654 0.999926 64.3475 
0.999963 -0.00282353 -0.00817286 -0.636922 0.00290927 0.999941 0.0104984 -0.94856 0.00814273 -0.0105218 0.999911 65.5686 
0.99996 -0.00305597 -0.0084476 -0.65362 0.00315752 0.999923 0.0120339 -0.959451 0.00841017 -0.0120601 0.999892 66.7861 
0.999959 -0.00260292 -0.00864017 -0.671988 0.00269273 0.999942 0.0103996 -0.969483 0.0086126 -0.0104225 0.999909 67.9982 
0.999962 -0.000886533 -0.00864791 -0.692764 0.00096574 0.999958 0.00915924 -0.977405 0.00863943 -0.00916724 0.999921 69.2079 
0.999962 0.00128202 -0.00865785 -0.714621 -0.00119989 0.999954 0.00948472 -0.988238 0.00866962 -0.00947397 0.999918 70.4175 
0.999959 0.00304513 -0.00852282 -0.735387 -0.00296288 0.999949 0.00964747 -0.999152 0.00855176 -0.00962182 0.999917 71.6249 
0.999955 0.00460264 -0.00829156 -0.755917 -0.00451899 0.999939 0.0100798 -1.00932 0.00833745 -0.0100419 0.999915 72.829 
0.999961 0.0050662 -0.00729445 -0.773085 -0.0049852 0.999926 0.0110794 -1.02022 0.00735004 -0.0110426 0.999912 74.0309 
0.999963 0.00678728 -0.00519845 -0.790207 -0.00672543 0.999907 0.0118231 -1.02981 0.00527822 -0.0117877 0.999917 75.232 
0.999983 0.00523579 -0.00261391 -0.799655 -0.00521008 0.999939 0.00974751 -1.04306 0.00266479 -0.00973372 0.999949 76.4276 
0.999997 0.00240124 -0.000145512 -0.803516 -0.00240053 0.999986 0.00466986 -1.05472 0.000156723 -0.0046695 0.999989 77.6172 
0.999992 0.00329886 0.00228776 -0.807807 -0.00330848 0.999986 0.00421264 -1.06794 -0.00227383 -0.00422017 0.999989 78.81 
0.999984 0.00226524 0.00515357 -0.807691 -0.00230531 0.999967 0.00778165 -1.08456 -0.00513577 -0.0077934 0.999956 80.0044 
0.999961 0.0026253 0.00844382 -0.804159 -0.00270173 0.999955 0.00905283 -1.09777 -0.00841968 -0.00907529 0.999923 81.1936 
0.999917 0.00285809 0.0125657 -0.798337 -0.00294894 0.99997 0.00721763 -1.10913 -0.0125447 -0.00725408 0.999895 82.3765 
0.99987 0.00209787 0.0159822 -0.785977 -0.00216566 0.999989 0.00422551 -1.12538 -0.0159731 -0.00425958 0.999863 83.5562 
0.999812 0.000742523 0.0193803 -0.7683 -0.000759051 0.999999 0.00084551 -1.14412 -0.0193797 -0.000860062 0.999812 84.7321 
0.999742 9.32084e-05 0.0227335 -0.746355 -9.14094e-05 1 -8.01742e-05 -1.16536 -0.0227335 7.80754e-05 0.999742 85.9091 
0.999652 -0.000133452 0.0263638 -0.721246 8.79199e-05 0.999999 0.00172821 -1.18792 -0.026364 -0.00172529 0.999651 87.0861 
0.999546 0.000873312 0.0301174 -0.694514 -0.000940173 0.999997 0.00220593 -1.20984 -0.0301154 -0.00223325 0.999544 88.259 
0.999428 0.000489104 0.0338164 -0.662418 -0.000492311 1 8.65093e-05 -1.23098 -0.0338163 -0.000103108 0.999428 89.4276 
0.999309 0.000336941 0.0371616 -0.625829 -0.000254431 0.999997 -0.00222501 -1.25271 -0.0371623 0.00221402 0.999307 90.5946 
0.999187 0.000353332 0.0403032 -0.58474 -0.000250259 0.999997 -0.00256246 -1.2754 -0.040304 0.00255029 0.999184 91.7636 
0.999065 -0.00107015 0.0432164 -0.539508 0.00112985 0.999998 -0.00135703 -1.29794 -0.0432149 0.00140459 0.999065 92.9376 
0.998942 -0.00174564 0.0459523 -0.491152 0.00174241 0.999998 0.000110286 -1.31873 -0.0459524 -3.01016e-05 0.998944 94.1126 
0.998816 -0.002529 0.048585 -0.440167 0.00244 0.999995 0.00189086 -1.33833 -0.0485896 -0.00177007 0.998817 95.2879 
0.998689 -0.00408666 0.0510237 -0.384604 0.00394356 0.999988 0.0029051 -1.3574 -0.051035 -0.00270008 0.998693 96.4642 
0.998565 -0.00517137 0.0533067 -0.32626 0.00514598 0.999987 0.000613594 -1.3771 -0.0533092 -0.000338398 0.998578 97.6395 
0.998433 -0.00658956 0.0555629 -0.264049 0.00676421 0.999973 -0.00295578 -1.39738 -0.0555419 0.00332699 0.998451 98.8176 
0.998321 -0.00590108 0.0576311 -0.20216 0.00624419 0.999964 -0.00577536 -1.41999 -0.0575949 0.00612552 0.998321 99.9997 
0.998223 -0.00583927 0.0593093 -0.13773 0.00624508 0.999958 -0.00665913 -1.44487 -0.059268 0.00701769 0.998217 101.189 
0.998201 -0.00570768 0.0596913 -0.0724047 0.00608002 0.999963 -0.00605808 -1.47011 -0.0596545 0.00641011 0.998199 102.386 
0.998244 -0.00554108 0.0589815 -0.00827407 0.0058015 0.999974 -0.00424502 -1.49563 -0.0589564 0.00457974 0.99825 103.589 
0.998319 -0.00622205 0.0576306 0.0561739 0.00639353 0.999976 -0.00279166 -1.52037 -0.0576118 0.00315543 0.998334 104.797 
0.998434 -0.00580663 0.0556371 0.117889 0.0059221 0.999981 -0.00191089 -1.54244 -0.0556249 0.00223739 0.998449 106.011 
0.998573 -0.00557798 0.0531167 0.17605 0.00566229 0.999983 -0.00143677 -1.56387 -0.0531078 0.00173548 0.998587 107.23 
0.998735 -0.00504604 0.0500335 0.231093 0.00512806 0.999986 -0.00151117 -1.58467 -0.0500252 0.00176583 0.998746 108.454 
0.998922 -0.00362289 0.0462862 0.278334 0.00371846 0.999991 -0.0019788 -1.606 -0.0462786 0.00214878 0.998926 109.679 
0.999096 -0.00342811 0.0423642 0.323607 0.00349918 0.999993 -0.0016036 -1.62659 -0.0423584 0.00175039 0.999101 110.908 
0.999259 -0.00290394 0.0383793 0.363613 0.00292933 0.999996 -0.000605139 -1.64817 -0.0383774 0.000717116 0.999263 112.141 
0.999415 -0.00262156 0.0341121 0.399989 0.00261476 0.999997 0.000244081 -1.66934 -0.0341126 -0.000154743 0.999418 113.375 
0.999557 -0.00265195 0.0296489 0.430532 0.00262943 0.999996 0.000798497 -1.68994 -0.0296509 -0.000720183 0.99956 114.613 
0.999689 -0.00205785 0.0248615 0.454493 0.00203633 0.999998 0.000890559 -1.70999 -0.0248633 -0.000839656 0.999691 115.852 
0.999801 -0.00124496 0.0199051 0.471527 0.00122993 0.999999 0.000767559 -1.72958 -0.019906 -0.000742925 0.999802 117.091 
0.999887 -0.00078013 0.0149929 0.482845 0.000773865 1 0.000423681 -1.74993 -0.0149932 -0.000412031 0.999888 118.334 
0.999946 0.00030506 0.0103495 0.488112 -0.000303149 1 -0.000186184 -1.77107 -0.0103496 0.000183036 0.999946 119.578 
0.999974 0.00225796 0.00684477 0.487732 -0.0022566 0.999997 -0.000207079 -1.79138 -0.00684522 0.000191628 0.999977 120.826 
0.999979 0.00427416 0.00479172 0.483919 -0.00427362 0.999991 -0.000123753 -1.81327 -0.0047922 0.000103273 0.999989 122.073 
0.999979 0.0053945 0.00368898 0.479892 -0.00539296 0.999985 -0.00042711 -1.83425 -0.00369123 0.000407206 0.999993 123.323 
0.999968 0.00752056 0.00262085 0.472952 -0.00752005 0.999972 -0.000205318 -1.85522 -0.00262232 0.000185603 0.999997 124.577 
0.99996 0.0087411 0.0016448 0.465892 -0.00874218 0.999962 0.000652129 -1.87589 -0.00163904 -0.000666482 0.999998 125.833 
0.999963 0.00853031 0.00100381 0.459552 -0.00853138 0.999963 0.00106216 -1.89686 -0.000994717 -0.00107068 0.999999 127.089 
0.999924 0.0123261 0.000129686 0.447402 -0.0123265 0.999919 0.00308104 -1.91393 -9.16981e-05 -0.0030824 0.999995 128.351 
0.999911 0.0133374 -0.000493521 0.436715 -0.013334 0.999891 0.00632515 -1.93044 0.000577828 -0.006318 0.99998 129.616 
0.999926 0.0121343 -0.00102147 0.428379 -0.012128 0.999909 0.00589684 -1.94431 0.00109293 -0.00588401 0.999982 130.88 
0.999926 0.0120665 -0.00151691 0.41862 -0.0120598 0.999918 0.00435234 -1.95662 0.0015693 -0.00433373 0.999989 132.147 
0.999956 0.00913579 -0.00231373 0.412034 -0.00912329 0.999944 0.00535545 -1.97068 0.00236253 -0.00533411 0.999983 133.42 
0.99997 0.0069875 -0.00327563 0.406041 -0.00696368 0.99995 0.00722544 -1.98457 0.00332595 -0.00720241 0.999969 134.696 
0.999987 0.00359692 -0.00353082 0.398885 -0.00356478 0.999953 0.00906782 -1.99609 0.00356327 -0.00905512 0.999953 135.977 
0.999991 0.00170989 -0.00388137 0.3907 -0.00167041 0.999947 0.0101513 -2.00758 0.00389853 -0.0101447 0.999941 137.259 
0.99999 -0.00247333 -0.00374276 0.384942 0.00250432 0.999962 0.00829924 -2.01753 0.0037221 -0.00830853 0.999959 138.541 
0.99998 -0.0049967 -0.00374692 0.378338 0.00502396 0.999961 0.00730339 -2.02749 0.00371028 -0.00732207 0.999966 139.827 
0.999973 -0.0063906 -0.00358062 0.369907 0.0064156 0.999955 0.00701591 -2.04014 0.00353563 -0.00703869 0.999969 141.116 
0.999973 -0.00660369 -0.00320732 0.360087 0.00662731 0.999951 0.00740758 -2.0526 0.00315824 -0.00742864 0.999967 142.407 
0.999978 -0.00606757 -0.00263211 0.350179 0.00609201 0.999937 0.0093811 -2.06425 0.00257503 -0.00939693 0.999953 143.702 
0.999991 -0.00379905 -0.00188268 0.337417 0.00381944 0.999933 0.0109471 -2.07645 0.00184096 -0.0109542 0.999938 144.995 
0.999992 -0.00386911 -0.00130126 0.328481 0.00388101 0.999949 0.00927053 -2.08857 0.00126532 -0.00927551 0.999956 146.284 
0.999994 -0.00328027 -0.000845103 0.319844 0.00328646 0.999967 0.00742626 -2.10009 0.000820715 -0.007429 0.999972 147.574 
0.999994 -0.00339254 -0.000360581 0.31286 0.00339431 0.999982 0.00501558 -2.11654 0.000343559 -0.00501678 0.999987 148.86 
0.99999 -0.00454982 -1.81798e-05 0.307915 0.00454983 0.999989 0.000956775 -2.13602 1.38264e-05 -0.000956848 1 150.142 
0.99999 -0.00455982 0.000444798 0.301133 0.00456093 0.999986 -0.00252994 -2.15861 -0.000433256 0.00253194 0.999997 151.424 
0.999988 -0.00481815 0.000644098 0.296049 0.00482034 0.999982 -0.00344621 -2.18518 -0.000627483 0.00344928 0.999994 152.706 
0.999987 -0.0050843 0.000578335 0.290495 0.0050861 0.999982 -0.00315727 -2.21305 -0.000562272 0.00316017 0.999995 153.988 
0.99999 -0.00448211 0.000433572 0.284354 0.00448325 0.999986 -0.00266868 -2.24038 -0.000421605 0.0026706 0.999996 155.27 
0.999993 -0.00376229 0.000276855 0.276534 0.00376273 0.999992 -0.00161623 -2.26729 -0.000270772 0.00161726 0.999999 156.553 
0.999994 -0.00334613 -4.66908e-05 0.26832 0.00334608 0.999994 -0.00103765 -2.29356 5.01626e-05 0.00103749 0.999999 157.835 
0.999995 -0.00318395 -0.000544263 0.260697 0.00318318 0.999994 -0.00139867 -2.31904 0.000548713 0.00139693 0.999999 159.115 
0.999995 -0.00282877 -0.00121873 0.25195 0.00282741 0.999995 -0.00112209 -2.3438 0.0012219 0.00111864 0.999999 160.397 
0.999993 -0.00335305 -0.00187611 0.243232 0.00335321 0.999994 8.37269e-05 -2.36791 0.00187582 -9.00173e-05 0.999998 161.68 
0.999994 -0.00242476 -0.00244538 0.232132 0.00242582 0.999997 0.000428649 -2.39194 0.00244433 -0.000434579 0.999997 162.962 
0.999993 -0.0019968 -0.00304339 0.220312 0.00199524 0.999998 -0.000512999 -2.41579 0.00304441 0.000506923 0.999995 164.243 
0.999991 -0.00162583 -0.00380904 0.208208 0.00161911 0.999997 -0.00176502 -2.43964 0.0038119 0.00175884 0.999991 165.524 
0.99999 -0.000862115 -0.00447674 0.194397 0.000854386 0.999998 -0.00172819 -2.46473 0.00447822 0.00172434 0.999988 166.805 
0.999986 -0.00135165 -0.00513842 0.181423 0.00133808 0.999996 -0.00264457 -2.49101 0.00514197 0.00263766 0.999983 168.088 
0.999982 -0.000908347 -0.00588012 0.165936 0.000886816 0.999993 -0.0036632 -2.51728 0.00588341 0.00365792 0.999976 169.369 
0.999979 -0.000701893 -0.00649916 0.150437 0.000680024 0.999994 -0.00336643 -2.54389 0.00650148 0.00336194 0.999973 170.653 
0.999974 -0.000472873 -0.00719754 0.13328 0.000458237 0.999998 -0.00203497 -2.57055 0.00719848 0.00203162 0.999972 171.938 
0.999969 -0.000548105 -0.00791134 0.115916 0.000535144 0.999999 -0.00164027 -2.59681 0.00791223 0.00163599 0.999967 173.221 
0.999963 -0.000189969 -0.00861448 0.0972471 0.000178598 0.999999 -0.00132072 -2.62118 0.00861473 0.00131913 0.999962 174.506 
0.999957 0.000210783 -0.00929183 0.0780838 -0.000220254 0.999999 -0.00101835 -2.64581 0.00929161 0.00102035 0.999956 175.789 
0.999951 0.000442474 -0.00985876 0.0577131 -0.00046058 0.999998 -0.00183426 -2.6715 0.00985793 0.00183871 0.99995 177.069 
0.999945 0.00147025 -0.0103871 0.0363058 -0.00149439 0.999996 -0.00231727 -2.69641 0.0103836 0.00233266 0.999943 178.35 
0.999941 0.00156283 -0.0107629 0.0151375 -0.00158347 0.999997 -0.00191023 -2.72256 0.0107598 0.00192716 0.99994 179.631 
0.999938 0.00139588 -0.0110326 -0.00594241 -0.00142929 0.999994 -0.00302036 -2.74951 0.0110283 0.00303595 0.999935 180.91 
0.999938 -2.91211e-05 -0.0111435 -0.0253575 -2.21335e-05 0.999989 -0.00459934 -2.77637 0.0111435 0.00459931 0.999927 182.186 
0.99993 -0.00316806 -0.0113589 -0.0421758 0.0031176 0.999985 -0.00445701 -2.80474 0.0113728 0.00442128 0.999926 183.464 
0.999927 -0.00290362 -0.0117301 -0.0630178 0.00289496 0.999996 -0.000755069 -2.8305 0.0117322 0.000721056 0.999931 184.743 
0.999923 -0.00378452 -0.0117996 -0.0835202 0.00382675 0.999986 0.00355784 -2.855 0.011786 -0.00360272 0.999924 186.022 
0.999927 -0.00263273 -0.0118215 -0.107545 0.00266705 0.999992 0.00288871 -2.87487 0.0118138 -0.00292003 0.999926 187.294 
0.999932 -0.00107216 -0.0116272 -0.132931 0.00106927 0.999999 -0.000254431 -2.895 0.0116275 0.000241981 0.999932 188.561 
0.999929 -0.000763157 -0.0118501 -0.15687 0.000737259 0.999997 -0.00218974 -2.91775 0.0118518 0.00218085 0.999927 189.828 
0.999928 -0.000970985 -0.0119391 -0.179867 0.000947979 0.999998 -0.00193246 -2.9435 0.0119409 0.00192101 0.999927 191.093 
0.999929 -0.00113173 -0.0118399 -0.202773 0.00112319 0.999999 -0.000727621 -2.97019 0.0118407 0.000714271 0.99993 192.355 
0.999932 -0.000916107 -0.0116211 -0.22576 0.000932469 0.999999 0.00140261 -2.99462 0.0116198 -0.00141335 0.999931 193.617 
0.999939 -0.00155276 -0.0109375 -0.245772 0.0015776 0.999996 0.00226209 -3.01826 0.010934 -0.0022792 0.999938 194.873 
0.999953 -0.0015527 -0.00953959 -0.264813 0.00156875 0.999997 0.00167499 -3.0414 0.00953696 -0.00168988 0.999953 196.124 
0.999964 -0.00265545 -0.00812073 -0.280494 0.00265703 0.999996 0.000182836 -3.06418 0.00812022 -0.000204406 0.999967 197.371 
0.999972 -0.00293002 -0.0069411 -0.295625 0.00292122 0.999995 -0.00127765 -3.08922 0.00694481 0.00125734 0.999975 198.615 
0.999978 -0.00369785 -0.00553579 -0.308963 0.00368766 0.999991 -0.00185015 -3.11491 0.00554258 0.0018297 0.999983 199.855 
0.999985 -0.00347919 -0.00422783 -0.322091 0.0034745 0.999993 -0.00111609 -3.14106 0.00423168 0.00110139 0.99999 201.089 
0.999988 -0.00394497 -0.00287582 -0.332649 0.00394729 0.999992 0.000798344 -3.16664 0.00287264 -0.000809687 0.999996 202.319 
0.999994 -0.00291351 -0.00174939 -0.343134 0.00291564 0.999995 0.00121737 -3.19182 0.00174584 -0.00122246 0.999998 203.541 
0.999995 -0.00314545 -0.000578652 -0.351308 0.00314619 0.999994 0.00128875 -3.21466 0.000574595 -0.00129056 0.999999 204.757 
0.999996 -0.00273731 0.00043599 -0.357731 0.00273669 0.999995 0.00141631 -3.23739 -0.000439865 -0.00141511 0.999999 205.966 
0.999995 -0.00287176 0.00152123 -0.363185 0.00286924 0.999995 0.00165888 -3.26066 -0.00152599 -0.00165451 0.999997 207.169 
0.999994 -0.00249957 0.00234825 -0.368179 0.00249596 0.999996 0.00154272 -3.28301 -0.0023521 -0.00153685 0.999996 208.364 
0.999992 -0.00264889 0.0031124 -0.370584 0.00264363 0.999995 0.00169166 -3.30627 -0.00311687 -0.00168342 0.999994 209.548 
0.999986 -0.00371342 0.00365015 -0.371364 0.00370724 0.999992 0.00169594 -3.32892 -0.00365642 -0.00168238 0.999992 210.721 
0.999985 -0.00385021 0.00383475 -0.373456 0.00384069 0.99999 0.00248842 -3.35125 -0.00384429 -0.00247365 0.99999 211.882 
0.999984 -0.00438307 0.00345322 -0.374825 0.00437091 0.999984 0.00352153 -3.37426 -0.0034686 -0.00350639 0.999988 213.028 
0.999987 -0.0042475 0.00277901 -0.37801 0.00423781 0.999985 0.00348201 -3.39679 -0.00279376 -0.00347019 0.99999 214.158 
0.99999 -0.00390347 0.00239228 -0.382396 0.00389748 0.999989 0.0025034 -3.41846 -0.00240203 -0.00249405 0.999994 215.272 
0.999991 -0.00380217 0.00194562 -0.387607 0.00379881 0.999991 0.00172776 -3.44042 -0.00195217 -0.00172035 0.999997 216.374 
0.999991 -0.00396622 0.00131865 -0.3927 0.00396411 0.999991 0.00159972 -3.46266 -0.00132498 -0.00159448 0.999998 217.463 
0.99999 -0.00439576 0.000100378 -0.398709 0.0043956 0.999989 0.00160619 -3.48539 -0.000107438 -0.00160573 0.999999 218.54 
0.999987 -0.00493841 -0.00153235 -0.405402 0.00494205 0.999985 0.00237939 -3.50685 0.00152058 -0.00238694 0.999996 219.605 
0.999976 -0.0060238 -0.00353122 -0.413604 0.00603811 0.999974 0.00405622 -3.52711 0.00350669 -0.00407745 0.999986 220.658 
0.999968 -0.00568177 -0.00571348 -0.425488 0.0057147 0.999967 0.00576363 -3.54685 0.00568055 -0.00579609 0.999967 221.697 
0.999953 -0.00535046 -0.00808407 -0.440081 0.00539838 0.999968 0.00591718 -3.56682 0.00805215 -0.00596054 0.99995 222.719 
0.999929 -0.00508993 -0.010729 -0.456486 0.00514873 0.999972 0.00545961 -3.58398 0.0107009 -0.00551447 0.999928 223.722 
0.999896 -0.00504238 -0.0135363 -0.475659 0.00511872 0.999971 0.00561121 -3.60096 0.0135076 -0.00567992 0.999893 224.706 
0.999855 -0.00453704 -0.0164292 -0.497835 0.00463885 0.99997 0.00616397 -3.61981 0.0164007 -0.00623929 0.999846 225.669 
0.999803 -0.00425472 -0.0193752 -0.522639 0.00436957 0.999973 0.00588924 -3.63818 0.0193496 -0.00597274 0.999795 226.607 
0.999738 -0.00442643 -0.0224371 -0.549085 0.00454818 0.999975 0.00537803 -3.65529 0.0224127 -0.00547867 0.999734 227.522 
0.999659 -0.00456394 -0.0257133 -0.577357 0.00468825 0.999978 0.00477603 -3.67248 0.0256909 -0.00489495 0.999658 228.415 
0.999578 -0.00347761 -0.0288467 -0.609776 0.00360949 0.999983 0.00452105 -3.68936 0.0288305 -0.00462327 0.999574 229.284 
0.999489 -0.00315055 -0.031798 -0.643865 0.00327419 0.999987 0.00383691 -3.70694 0.0317855 -0.00393906 0.999487 230.134 
0.999417 -0.00138732 -0.0341262 -0.680475 0.00151808 0.999992 0.00380598 -3.72323 0.0341206 -0.00385557 0.99941 230.963 
0.999392 -0.000656933 -0.0348585 -0.715206 0.000806988 0.99999 0.00429081 -3.73826 0.0348553 -0.00431633 0.999383 231.775 
0.9994 -0.000753621 -0.0346218 -0.747413 0.000935548 0.999986 0.00523882 -3.75358 0.0346173 -0.00526807 0.999387 232.569 
0.999416 -0.000731431 -0.0341691 -0.777894 0.000937592 0.999981 0.00601792 -3.76884 0.034164 -0.00604644 0.999398 233.344 
0.999426 -0.000920713 -0.0338539 -0.807373 0.0011089 0.999984 0.00554041 -3.78286 0.0338483 -0.00557477 0.999411 234.101 
0.999438 -0.000442445 -0.0335069 -0.837244 0.000563945 0.999993 0.00361677 -3.79645 0.0335051 -0.00363364 0.999432 234.849 
0.999468 -0.000518928 -0.0326061 -0.865604 0.000567922 0.999999 0.00149336 -3.81003 0.0326053 -0.00151108 0.999467 235.593 
0.999507 -0.000479393 -0.031389 -0.892776 0.000486039 1 0.000204098 -3.82462 0.0313889 -0.000219254 0.999507 236.334 
0.999549 9.81478e-05 -0.0300293 -0.918945 -0.000106873 1 -0.000288954 -3.83893 0.0300293 0.000292033 0.999549 237.071 
0.999599 -0.000510981 -0.0283202 -0.942087 0.000498103 1 -0.000461767 -3.85326 0.0283204 0.000447475 0.999599 237.804 
0.999648 -0.000691256 -0.0265307 -0.963654 0.00067884 1 -0.000476992 -3.86786 0.026531 0.000458814 0.999648 238.534 
0.999697 -0.000695912 -0.0245884 -0.984721 0.000681612 1 -0.000589915 -3.88352 0.0245888 0.000572977 0.999697 239.258 
0.999746 -0.000962551 -0.0225144 -1.00327 0.000943671 0.999999 -0.000849179 -3.89947 0.0225152 0.000827717 0.999746 239.98 
0.999805 -0.000874594 -0.0197067 -1.01977 0.000866829 1 -0.000402522 -3.91415 0.019707 0.000385362 0.999806 240.698 
0.99986 -0.00197698 -0.0165972 -1.03215 0.00198218 0.999998 0.000296981 -3.92791 0.0165966 -0.000329838 0.999862 241.411 
0.999901 -0.00294179 -0.0137546 -1.0429 0.00295117 0.999995 0.00066144 -3.94312 0.0137526 -0.000701967 0.999905 242.122 
0.999937 -0.00326875 -0.010775 -1.05194 0.00327775 0.999994 0.000817441 -3.95844 0.0107723 -0.000852707 0.999942 242.83 
0.999963 -0.00364569 -0.00784768 -1.05909 0.00364969 0.999993 0.000495401 -3.97219 0.00784582 -0.000524024 0.999969 243.534 
0.999981 -0.00380897 -0.00488983 -1.06461 0.00381013 0.999993 0.000227861 -3.98437 0.00488892 -0.000246487 0.999988 244.238 
0.999994 -0.00289056 -0.00201546 -1.0696 0.00288918 0.999996 -0.00068603 -3.99672 0.00201743 0.000680202 0.999998 244.943 
0.999995 -0.00289789 0.000919143 -1.07144 0.00289902 0.999995 -0.00123396 -4.01031 -0.000915562 0.00123662 0.999999 245.653 
0.999989 -0.00275515 0.00369607 -1.07161 0.00275617 0.999996 -0.000270203 -4.02337 -0.00369532 0.000280387 0.999993 246.369 
0.999977 -0.0026014 0.00620429 -1.0703 0.00259943 0.999997 0.000326023 -4.0365 -0.00620511 -0.000309888 0.999981 247.087 
0.99996 -0.00288022 0.00848 -1.06684 0.00287888 0.999996 0.000170976 -4.04965 -0.00848046 -0.000146556 0.999964 247.807 
0.999938 -0.0029149 0.0107573 -1.06253 0.00293013 0.999995 -0.00140014 -4.06311 -0.0107531 0.00143157 0.999941 248.529 
0.999919 -0.00259708 0.0124244 -1.05673 0.00264422 0.999989 -0.00377956 -4.07523 -0.0124144 0.00381211 0.999916 249.255 
0.999903 -0.00366594 0.0134077 -1.04921 0.00373846 0.999978 -0.00538741 -4.08796 -0.0133877 0.00543701 0.999896 249.986 
0.999903 -0.00336629 0.0135467 -1.04307 0.00344526 0.999977 -0.00581027 -4.10199 -0.0135268 0.00585638 0.999891 250.723 
0.999897 -0.00416812 0.0137118 -1.03535 0.00425499 0.999971 -0.00631199 -4.11852 -0.0136851 0.00636968 0.999886 251.467 
0.9999 -0.00322089 0.0137804 -1.02944 0.00331068 0.999973 -0.00649814 -4.13504 -0.0137591 0.00654312 0.999884 252.218 
0.9999 -0.00245327 0.0139369 -1.02191 0.00254957 0.999973 -0.00689604 -4.15165 -0.0139196 0.00693088 0.999879 252.979 
0.999893 -0.00342137 0.0141987 -1.01501 0.00354707 0.999955 -0.00883739 -4.16837 -0.0141678 0.00888682 0.99986 253.739 
0.999868 -0.00724579 0.0145415 -1.00222 0.00740552 0.999913 -0.0109607 -4.18727 -0.0144608 0.011067 0.999834 254.505 
0.999831 -0.0105063 0.0150629 -0.988765 0.010685 0.999873 -0.0118293 -4.20405 -0.0149367 0.0119883 0.999817 255.28 
0.999847 -0.00802264 0.0155472 -0.982995 0.00814608 0.999936 -0.00789241 -4.21822 -0.0154829 0.00801785 0.999848 256.066 
0.999862 -0.00411464 0.0160741 -0.980141 0.00414387 0.99999 -0.00178581 -4.2337 -0.0160666 0.00185217 0.999869 256.863 
0.999845 -0.00500468 0.016868 -0.969497 0.00497564 0.999986 0.00176274 -4.25017 -0.0168766 -0.00167853 0.999856 257.665 
0.9998 -0.00599786 0.0190732 -0.953367 0.00600766 0.999982 -0.00045647 -4.26245 -0.0190701 0.000570965 0.999818 258.467 
0.999718 -0.00477643 0.0232419 -0.94116 0.00493222 0.999966 -0.00665029 -4.27307 -0.0232094 0.00676306 0.999708 259.274 
0.999631 -0.00269874 0.0270462 -0.926889 0.00297701 0.999943 -0.0102538 -4.28707 -0.027017 0.0103305 0.999582 260.091 
0.999544 -0.00115998 0.0301728 -0.906663 0.00146404 0.999948 -0.0100573 -4.30427 -0.0301596 0.0100969 0.999494 260.921 
0.999439 -0.00286649 0.0333542 -0.880396 0.00312769 0.999965 -0.00778172 -4.323 -0.0333307 0.00788168 0.999413 261.761 
0.999325 -0.00602972 0.0362378 -0.848462 0.00620033 0.99997 -0.00459754 -4.34066 -0.036209 0.00481912 0.999333 262.607 
0.999203 -0.00854761 0.0389798 -0.814687 0.0086737 0.999958 -0.00306693 -4.35725 -0.038952 0.00340259 0.999235 263.453 
0.999082 -0.0083376 0.0420283 -0.783459 0.00845368 0.999961 -0.00258489 -4.37422 -0.0420051 0.00293781 0.999113 264.302 
0.998989 -0.00619838 0.0445251 -0.752743 0.00641368 0.999968 -0.00469424 -4.39207 -0.0444946 0.00497506 0.998997 265.151 
0.998888 -0.00546152 0.0468354 -0.717404 0.0057948 0.999959 -0.00698312 -4.40885 -0.0467953 0.00724675 0.998878 266.001 
0.998768 -0.00512207 0.0493537 -0.679203 0.0054779 0.99996 -0.00707715 -4.42614 -0.0493155 0.00733879 0.998756 266.853 
0.998627 -0.00426065 0.0522099 -0.63954 0.00452852 0.999977 -0.00501341 -4.44549 -0.0521874 0.00524297 0.998624 267.708 
0.998469 -0.00283007 0.0552424 -0.598502 0.00302274 0.99999 -0.00340439 -4.46572 -0.0552322 0.00356616 0.998467 268.563 
0.998314 -0.00226321 0.0580007 -0.554228 0.00247092 0.999991 -0.00350966 -4.48401 -0.0579923 0.00364706 0.99831 269.418 
0.998161 -0.00232459 0.0605733 -0.506686 0.00257233 0.999989 -0.0040123 -4.50121 -0.0605632 0.00416074 0.998156 270.272 
0.997999 -0.0039767 0.0631003 -0.45343 0.00426691 0.999981 -0.0044651 -4.51778 -0.0630813 0.00472541 0.997997 271.129 
0.997871 -0.00720177 0.0648273 -0.396786 0.00746317 0.999965 -0.00379091 -4.53545 -0.0647977 0.00426665 0.997889 271.987 
0.997811 -0.00819279 0.065626 -0.342566 0.00846589 0.999957 -0.00388441 -4.5534 -0.0655914 0.00443149 0.997837 272.849 
0.997769 -0.00896298 0.0661563 -0.288731 0.00924245 0.99995 -0.00391942 -4.57052 -0.0661178 0.00452212 0.997802 273.711 
0.997743 -0.00902403 0.0665402 -0.235828 0.00930315 0.999949 -0.00388603 -4.58777 -0.0665018 0.00449629 0.997776 274.577 
0.997761 -0.00879755 0.0663064 -0.183103 0.00904176 0.999953 -0.00338382 -4.60422 -0.0662735 0.00397577 0.997794 275.444 
0.997799 -0.00834762 0.0657827 -0.132821 0.00856344 0.999959 -0.00299943 -4.62246 -0.0657549 0.00355615 0.997829 276.313 
0.997876 -0.00867177 0.0645604 -0.0821304 0.00893946 0.999953 -0.00385861 -4.64108 -0.0645238 0.00442755 0.997906 277.18 
0.99798 -0.00854005 0.0629587 -0.0333824 0.00886269 0.999949 -0.00484703 -4.65909 -0.0629141 0.00539522 0.998004 278.047 
0.998082 -0.00762782 0.0614338 0.0129242 0.0079879 0.999952 -0.00561773 -4.67749 -0.0613881 0.00609768 0.998095 278.915 
0.998182 -0.00666612 0.0599091 0.0576342 0.00703574 0.999957 -0.00596085 -4.69805 -0.0598668 0.00637152 0.998186 279.782 
0.998291 -0.00544809 0.0581764 0.0999289 0.00581836 0.999964 -0.00619716 -4.71907 -0.0581405 0.00652506 0.998287 280.645 
0.998413 -0.00502215 0.0560892 0.140662 0.00534842 0.99997 -0.00566839 -4.73929 -0.056059 0.00595939 0.99841 281.509 
0.998567 -0.00535921 0.0532471 0.179925 0.00559281 0.999975 -0.00423912 -4.75937 -0.0532231 0.00453085 0.998572 282.372 
0.998772 -0.0067796 0.0490718 0.217908 0.00688229 0.999974 -0.00192416 -4.77869 -0.0490575 0.00225953 0.998793 283.232 
0.998989 -0.00793962 0.044256 0.250628 0.00796203 0.999968 -0.000329997 -4.79718 -0.044252 0.000682031 0.99902 284.086 
0.999185 -0.00844846 0.0394679 0.278111 0.00841929 0.999964 0.000905357 -4.81439 -0.0394741 -0.000572328 0.99922 284.93 
0.999362 -0.0087045 0.0346475 0.301579 0.00865846 0.999961 0.00147878 -4.82966 -0.0346591 -0.00117784 0.999399 285.766 
0.999508 -0.00920342 0.0299707 0.321342 0.00915334 0.999956 0.00180787 -4.84461 -0.0299861 -0.00153265 0.999549 286.591 
0.999631 -0.0101649 0.0251964 0.338263 0.0101171 0.999947 0.00202407 -4.86048 -0.0252156 -0.00176841 0.99968 287.404 
0.999724 -0.0104991 0.0210205 0.351128 0.0104675 0.999944 0.00161391 -4.87652 -0.0210363 -0.00139343 0.999778 288.201 
0.999805 -0.0100111 0.0170003 0.359722 0.00998838 0.999949 0.00142089 -4.89194 -0.0170137 -0.00125081 0.999854 288.982 
0.999866 -0.0098601 0.0130793 0.365383 0.00984383 0.999951 0.00130786 -4.90732 -0.0130915 -0.00117894 0.999914 289.744 
0.999903 -0.0104467 0.00921411 0.369796 0.0104337 0.999945 0.00145161 -4.92492 -0.00922876 -0.00135534 0.999956 290.487 
0.999924 -0.0113053 0.00496526 0.368776 0.0113026 0.999936 0.000571955 -4.94032 -0.00497141 -0.000515791 0.999988 291.205 
0.999948 -0.0101489 -5.89661e-05 0.363526 0.0101489 0.999948 -0.000862629 -4.95884 6.77178e-05 0.000861986 1 291.903 
0.999943 -0.00852205 -0.00646749 0.349509 0.00850318 0.99996 -0.00293975 -4.97442 0.00649228 0.00288458 0.999975 292.578 
0.999859 -0.00791589 -0.0148312 0.331439 0.00784751 0.999958 -0.00466312 -4.99121 0.0148675 0.00454607 0.999879 293.236 
0.999646 -0.00798606 -0.0253877 0.307695 0.00783995 0.999952 -0.00584955 -5.00816 0.0254332 0.00564844 0.999661 293.882 
0.999215 -0.00772728 -0.0388623 0.273654 0.00748934 0.999952 -0.00626453 -5.02482 0.0389088 0.00596856 0.999225 294.515 
0.998432 -0.0066287 -0.0555862 0.225984 0.00632648 0.999964 -0.0056111 -5.04533 0.0556214 0.00525064 0.998438 295.137 
0.997143 -0.00416246 -0.0754187 0.163226 0.00378983 0.99998 -0.00508326 -5.06045 0.0754384 0.00478291 0.997139 295.745 
0.995193 -0.00251413 -0.0979019 0.0856952 0.0020145 0.999984 -0.0052018 -5.07817 0.0979135 0.00497957 0.995182 296.341 
0.992381 -0.00122246 -0.123199 -0.00414393 0.00056019 0.999985 -0.00541008 -5.09251 0.123204 0.00529985 0.992367 296.923 
0.988545 6.56436e-05 -0.150924 -0.110504 -0.000868126 0.999986 -0.00525125 -5.10507 0.150921 0.00532211 0.988531 297.488 
0.983415 0.00124186 -0.181366 -0.236137 -0.0020059 0.99999 -0.00402932 -5.12142 0.18136 0.00432629 0.983407 298.043 
0.976618 0.000986053 -0.214979 -0.375307 -0.00155628 0.999996 -0.00248322 -5.13282 0.214976 0.00275973 0.976615 298.579 
0.968025 0.00110792 -0.250851 -0.53249 -0.00139798 0.999999 -0.000978097 -5.14304 0.25085 0.00129751 0.968025 299.101 
0.957585 0.00244734 -0.288141 -0.7098 -0.00212222 0.999997 0.00144073 -5.15528 0.288144 -0.000768121 0.957587 299.599 
0.945046 0.00390665 -0.326913 -0.902814 -0.00289261 0.999989 0.003588 -5.16282 0.326923 -0.00244519 0.945048 300.082 
0.930391 0.00443116 -0.366542 -1.11426 -0.00259825 0.999982 0.00549375 -5.17208 0.366559 -0.00415897 0.930385 300.546 
0.913423 0.00432672 -0.406988 -1.33936 -0.00166893 0.999975 0.00688515 -5.17644 0.407008 -0.00560982 0.913407 300.988 
0.893831 0.00395775 -0.448386 -1.58697 -0.000419108 0.999968 0.0079909 -5.18456 0.448403 -0.0069546 0.893804 301.419 
0.871252 0.00325031 -0.490826 -1.85488 0.00112396 0.999962 0.00861697 -5.18933 0.490835 -0.00805922 0.871215 301.835 
0.84576 0.00248219 -0.533558 -2.14074 0.00305989 0.99995 0.00950225 -5.19219 0.533555 -0.00966925 0.84571 302.233 
0.81727 0.00271828 -0.576248 -2.44977 0.00441403 0.99993 0.0109771 -5.19815 0.576238 -0.0115149 0.817201 302.614 
0.785706 0.00418536 -0.618586 -2.77724 0.00361382 0.999929 0.0113557 -5.20271 0.618589 -0.0111577 0.785635 302.968 
0.750916 0.00317905 -0.660391 -3.1212 0.00561385 0.999922 0.0111969 -5.20676 0.660374 -0.0121153 0.750839 303.3 
0.712253 0.00222748 -0.701919 -3.48082 0.009636 0.99987 0.0129509 -5.21124 0.701856 -0.015988 0.712139 303.612 
0.669289 0.00141291 -0.743001 -3.85884 0.0155104 0.999754 0.0158727 -5.21069 0.74284 -0.0221477 0.669102 303.9 
0.62183 0.00199826 -0.78315 -4.25071 0.0194623 0.999648 0.018004 -5.21172 0.78291 -0.0264373 0.621573 304.158 
0.57119 0.00584818 -0.820797 -4.66116 0.0184084 0.999632 0.0199328 -5.21243 0.820611 -0.026495 0.570872 304.379 
0.518435 0.0122591 -0.855029 -5.08642 0.0132658 0.999662 0.0223763 -5.21348 0.855014 -0.0229433 0.518097 304.572 
0.463504 0.016536 -0.885941 -5.51787 0.0102942 0.999658 0.0240442 -5.21865 0.886035 -0.0202647 0.463175 304.737 
0.40673 0.01883 -0.913354 -5.95579 0.00941875 0.999648 0.0248033 -5.21497 0.9135 -0.0186909 0.406409 304.872 
0.349082 0.0210265 -0.936856 -6.39928 0.0107317 0.999593 0.0264332 -5.21274 0.937031 -0.0192814 0.348714 304.983 
0.290896 0.0242021 -0.956449 -6.85109 0.0126706 0.999495 0.029145 -5.20894 0.956671 -0.0205969 0.290442 305.067 
0.231782 0.0281005 -0.972362 -7.30521 0.0143669 0.999375 0.0323058 -5.20585 0.972662 -0.0214577 0.231234 305.12 
0.169979 0.0315168 -0.984944 -7.77267 0.0164874 0.999258 0.0348201 -5.20297 0.98531 -0.0221578 0.169333 305.144 
0.105994 0.0353209 -0.993739 -8.25961 0.0166928 0.999165 0.0372942 -5.18974 0.994227 -0.0205412 0.105316 305.144 
0.041156 0.0408127 -0.998319 -8.76701 0.0183656 0.998966 0.0415963 -5.17412 0.998984 -0.0200467 0.0403638 305.11 
-0.0254272 0.0472905 -0.998557 -9.28671 0.019998 0.998705 0.0467882 -5.15375 0.999477 -0.0187795 -0.02634 305.045 
-0.0925932 0.0538576 -0.994246 -9.81468 0.0220495 0.998402 0.0520293 -5.13094 0.99546 -0.0171051 -0.0936328 304.947 
-0.159067 0.0599369 -0.985447 -10.3515 0.0240196 0.998095 0.056829 -5.10962 0.986976 -0.0146304 -0.160203 304.803 
-0.224765 0.0658619 -0.972185 -10.8865 0.0276899 0.997742 0.0611915 -5.08782 0.97402 -0.013166 -0.226081 304.627 
-0.288954 0.0701339 -0.954771 -11.4262 0.0317153 0.997467 0.0636718 -5.06129 0.956818 -0.0118826 -0.290446 304.414 
-0.350483 0.0728034 -0.933735 -11.9522 0.0353188 0.997292 0.0645018 -5.03728 0.935903 -0.0103717 -0.352105 304.164 
-0.409508 0.0733153 -0.909356 -12.4877 0.0385298 0.997266 0.0630519 -5.004 0.911492 -0.00921707 -0.411214 303.872 
-0.465126 0.0736973 -0.882171 -13.0171 0.0409231 0.997253 0.0617346 -4.97404 0.884298 -0.00738682 -0.466864 303.54 
-0.516495 0.0738269 -0.853102 -13.5587 0.0428083 0.997257 0.0603844 -4.93599 0.85522 -0.00533163 -0.518238 303.16 
-0.56274 0.0742353 -0.823294 -14.0968 0.0444054 0.997236 0.0595673 -4.90335 0.82544 -0.00303772 -0.564481 302.738 
-0.603438 0.07509 -0.793867 -14.6461 0.0454943 0.997177 0.0597393 -4.8668 0.796111 -6.74916e-05 -0.60515 302.27 
-0.64068 0.0789621 -0.763737 -15.1888 0.0499998 0.996877 0.0611227 -4.83333 0.766178 0.000973413 -0.642628 301.771 
-0.677414 0.0860371 -0.730553 -15.7421 0.0583352 0.996292 0.0632411 -4.79365 0.733285 0.000223409 -0.679921 301.231 
-0.712962 0.0918832 -0.695156 -16.2833 0.0648381 0.995769 0.0651182 -4.75429 0.698198 0.0013542 -0.715903 300.645 
-0.745869 0.0936419 -0.659478 -16.8112 0.0678858 0.9956 0.0645905 -4.71236 0.662625 0.00340687 -0.748944 300.006 
-0.776222 0.0902343 -0.623969 -17.3239 0.0673759 0.99591 0.0602058 -4.67037 0.626849 0.00469253 -0.779126 299.32 
-0.803667 0.0874242 -0.588622 -17.8251 0.068419 0.996165 0.0545389 -4.63028 0.591133 0.00355815 -0.806566 298.593 
-0.82898 0.0827306 -0.553126 -18.3107 0.0671864 0.996568 0.0483624 -4.58735 0.555228 0.00292891 -0.831693 297.817 
-0.851919 0.079936 -0.517536 -18.789 0.0672286 0.996798 0.043295 -4.54541 0.519339 0.00209066 -0.854565 296.989 
-0.872898 0.0784539 -0.481554 -19.2472 0.0665098 0.996908 0.0418541 -4.51215 0.483348 0.00450628 -0.875417 296.118 
-0.892493 0.0750174 -0.44478 -19.6754 0.0639826 0.997157 0.0397952 -4.48234 0.446501 0.00705874 -0.894756 295.204 
-0.910257 0.074776 -0.407235 -20.0796 0.0650732 0.99717 0.0376466 -4.45096 0.408897 0.00776802 -0.912547 294.255 
-0.92643 0.0770425 -0.3685 -20.4587 0.0682192 0.996986 0.0369335 -4.42027 0.370235 0.00907752 -0.928894 293.268 
-0.940596 0.0804403 -0.329862 -20.81 0.0725717 0.996709 0.036121 -4.39323 0.331682 0.0100365 -0.943338 292.243 
-0.952963 0.081406 -0.291949 -21.1226 0.0737234 0.996583 0.0372401 -4.3624 0.293983 0.013965 -0.955708 291.181 
-0.96339 0.0841891 -0.254541 -21.4051 0.0771916 0.996316 0.0373741 -4.3326 0.25675 0.0163574 -0.966339 290.082 
-0.972318 0.0835665 -0.218209 -21.6512 0.0775225 0.996336 0.0361295 -4.307 0.220429 0.0182133 -0.975233 288.943 
