1 0 -0 0 -0 1 0 0 0 -0 1 -0 
1 -0.000517632 -0.000204835 -0.00630257 0.000517963 0.999999 0.00162031 -0.0210739 0.000203996 -0.00162042 0.999999 1.33103 
0.999998 -0.00163622 -0.000629428 -0.0123404 0.0016373 0.999997 0.00171309 -0.0428038 0.000626623 -0.00171412 0.999998 2.66459 
0.999995 -0.00298175 -0.000728715 -0.0167266 0.00298221 0.999995 0.000638028 -0.0624669 0.00072681 -0.000640198 1 4.00213 
0.999995 -0.00325068 -0.000571711 -0.0235968 0.00325107 0.999994 0.000690517 -0.0827976 0.000569464 -0.000692372 1 5.34483 
0.999993 -0.00375054 -0.000556115 -0.0305223 0.00375142 0.999992 0.00158483 -0.104647 0.000550166 -0.00158691 0.999999 6.68984 
0.999986 -0.00520045 -0.00042582 -0.0357404 0.00520161 0.999983 0.00277188 -0.124775 0.000411398 -0.00277406 0.999996 8.03922 
0.999988 -0.0047829 -0.00064947 -0.0432997 0.00478502 0.999983 0.00330231 -0.144659 0.000633664 -0.00330538 0.999994 9.39115 
0.999992 -0.00395307 -0.00104197 -0.0517039 0.00395462 0.999991 0.00148648 -0.164204 0.00103608 -0.00149059 0.999998 10.7441 
0.999999 -0.00112613 -0.00109241 -0.0641849 0.00112535 0.999999 -0.000711027 -0.185285 0.00109321 0.000709797 0.999999 12.0994 
0.999997 0.0023343 -0.000908375 -0.0780565 -0.00233575 0.999996 -0.00159957 -0.208288 0.000904637 0.00160168 0.999998 13.4597 
0.999989 0.00468326 -0.000846002 -0.0913303 -0.00468469 0.999988 -0.00169379 -0.232987 0.000838059 0.00169774 0.999998 14.8247 
0.999983 0.00570464 -0.000706734 -0.102154 -0.00570523 0.999983 -0.000826823 -0.256532 0.000702006 0.000830841 0.999999 16.1919 
0.999995 0.00326523 -0.000283752 -0.108116 -0.00326469 0.999993 0.00188993 -0.278049 0.000289921 -0.001889 0.999998 17.5636 
1 -0.000847236 -0.000200247 -0.109212 0.000847967 0.999993 0.00368067 -0.299127 0.000197127 -0.00368084 0.999993 18.9362 
0.999995 -0.00317677 -0.000554722 -0.11147 0.00317753 0.999994 0.00136806 -0.319418 0.000550373 -0.00136982 0.999999 20.3068 
0.999991 -0.00422615 -0.000624421 -0.115611 0.00422576 0.999991 -0.000630323 -0.339523 0.000627079 0.000627679 1 21.681 
0.999998 -0.00189102 -5.4018e-05 -0.12575 0.00189089 0.999996 -0.00223795 -0.363817 5.82498e-05 0.00223784 0.999997 23.0564 
0.999999 0.000863767 0.000767309 -0.137804 -0.000863587 1 -0.000234779 -0.384448 -0.000767511 0.000234117 1 24.4384 
0.999998 0.00131979 0.00130599 -0.145746 -0.00132419 0.999993 0.0033686 -0.405763 -0.00130154 -0.00337033 0.999993 25.824 
0.999998 -0.00108155 0.00176284 -0.147258 0.00107208 0.999985 0.00536001 -0.422162 -0.00176861 -0.00535811 0.999984 27.211 
0.999987 -0.00496257 0.0013552 -0.145642 0.00495782 0.999982 0.00349224 -0.439811 -0.00137251 -0.00348548 0.999993 28.5962 
0.999985 -0.00533079 0.00133838 -0.148036 0.00532917 0.999985 0.00121492 -0.458621 -0.00134483 -0.00120777 0.999998 29.9831 
0.999983 -0.00554863 0.00193482 -0.15148 0.00555117 0.999984 -0.00131198 -0.48057 -0.00192751 0.0013227 0.999997 31.3732 
0.999994 -0.00216235 0.00257914 -0.159843 0.00216762 0.999996 -0.00204216 -0.506254 -0.00257471 0.00204774 0.999995 32.7661 
0.999995 -0.00127432 0.00290927 -0.165304 0.00128665 0.99999 -0.00423954 -0.532061 -0.00290384 0.00424326 0.999987 34.1608 
0.999996 -0.000231296 0.002959 -0.170402 0.000242205 0.999993 -0.00368699 -0.558636 -0.00295813 0.00368769 0.999989 35.557 
0.999996 -0.000229391 0.00279935 -0.174478 0.000236359 0.999997 -0.00248915 -0.58541 -0.00279877 0.0024898 0.999993 36.9597 
0.999997 0.000970358 0.00244927 -0.179834 -0.000968021 0.999999 -0.000955141 -0.610692 -0.0024502 0.000952767 0.999997 38.3629 
0.99999 0.00375683 0.00249703 -0.188147 -0.00375519 0.999993 -0.000661097 -0.635645 -0.0024995 0.000651714 0.999997 39.7692 
0.999978 0.00609901 0.00273638 -0.196262 -0.00609619 0.999981 -0.00103715 -0.660468 -0.00274266 0.00102044 0.999996 41.1786 
0.999961 0.0084542 0.0026977 -0.204506 -0.00845265 0.999964 -0.000585199 -0.68498 -0.00270255 0.000562374 0.999996 42.5907 
0.999955 0.00920741 0.00241039 -0.210639 -0.00920614 0.999957 -0.000537586 -0.709503 -0.00241524 0.000515371 0.999997 44.0075 
0.999964 0.0083213 0.00193632 -0.2152 -0.00832008 0.999965 -0.000637761 -0.734579 -0.00194156 0.000621628 0.999998 45.4245 
0.99997 0.00760902 0.00126366 -0.220431 -0.00760766 0.99997 -0.00107473 -0.759104 -0.0012718 0.00106509 0.999999 46.8447 
0.999976 0.00698195 0.00036023 -0.227173 -0.00698164 0.999975 -0.000856582 -0.784622 -0.000366202 0.000854046 1 48.2681 
0.999973 0.00734718 -0.000562608 -0.236369 -0.00734702 0.999973 0.000297118 -0.809301 0.000564776 -0.000292977 1 49.6963 
0.999968 0.00783314 -0.00159168 -0.24709 -0.00783326 0.999969 -6.93977e-05 -0.833846 0.00159109 8.18635e-05 0.999999 51.129 
0.999963 0.00818541 -0.00270885 -0.259291 -0.00818456 0.999966 0.000325574 -0.857304 0.00271142 -0.000303391 0.999996 52.5655 
0.999959 0.0082748 -0.00380036 -0.272591 -0.00827012 0.999965 0.00124634 -0.881458 0.00381054 -0.00121486 0.999992 54.0052 
0.999967 0.00670407 -0.00450713 -0.285022 -0.00669431 0.999975 0.00217769 -0.904476 0.00452162 -0.00214745 0.999987 55.449 
0.999973 0.00546508 -0.00500011 -0.297693 -0.00545355 0.999982 0.00231753 -0.927224 0.00501269 -0.00229019 0.999985 56.8902 
0.999981 0.00303559 -0.0054465 -0.309866 -0.00302673 0.999994 0.00163446 -0.949582 0.00545143 -0.00161794 0.999984 58.3306 
0.999983 0.00201791 -0.00550391 -0.322649 -0.00200727 0.999996 0.00193862 -0.972862 0.0055078 -0.00192754 0.999983 59.771 
0.999987 0.000759343 -0.00505562 -0.335746 -0.000746301 0.999996 0.00258113 -0.996248 0.00505756 -0.00257732 0.999984 61.2093 
0.999989 -0.000332405 -0.00460268 -0.348168 0.000347151 0.999995 0.00320331 -1.01963 0.00460159 -0.00320488 0.999984 62.6446 
0.99999 -0.00196834 -0.00409339 -0.358656 0.00197986 0.999994 0.0028103 -1.04339 0.00408783 -0.00281838 0.999988 64.076 
0.999987 -0.00362339 -0.00365655 -0.369167 0.00363073 0.999991 0.0020017 -1.06728 0.00364927 -0.00201495 0.999991 65.5044 
0.999991 -0.00286962 -0.0030213 -0.381724 0.0028744 0.999995 0.00157772 -1.09235 0.00301676 -0.00158639 0.999994 66.9279 
0.999997 -0.0013258 -0.00220382 -0.395879 0.00132877 0.999998 0.00134751 -1.11788 0.00220203 -0.00135044 0.999997 68.3495 
0.999997 0.00200982 -0.00161198 -0.41122 -0.00200556 0.999995 0.00263966 -1.14293 0.00161727 -0.00263642 0.999995 69.7678 
0.999985 0.00535325 -0.000842248 -0.425945 -0.0053499 0.999978 0.00393704 -1.1666 0.000863305 -0.00393247 0.999992 71.1844 
0.999955 0.00947539 -4.63995e-05 -0.441602 -0.0094751 0.999945 0.0043934 -1.18948 8.80262e-05 -0.00439277 0.99999 72.5956 
0.999905 0.013771 0.000620364 -0.457842 -0.0137734 0.999897 0.00407756 -1.2119 -0.000564148 -0.00408571 0.999991 74.0043 
0.999855 0.0169775 0.00131364 -0.470736 -0.016982 0.99985 0.00350899 -1.23542 -0.00125386 -0.00353079 0.999993 75.4072 
0.99982 0.0188808 0.00201457 -0.481635 -0.0188875 0.999816 0.00338035 -1.25882 -0.00195038 -0.00341779 0.999992 76.8073 
0.999815 0.0190836 0.00236537 -0.489073 -0.0190924 0.999811 0.00375285 -1.28212 -0.0022933 -0.00379732 0.99999 78.2049 
0.999833 0.0180942 0.00246019 -0.494365 -0.0181026 0.99983 0.00346201 -1.30532 -0.00239713 -0.00350597 0.999991 79.6007 
0.999855 0.0168515 0.00231145 -0.498722 -0.0168575 0.999855 0.00260145 -1.32917 -0.00226728 -0.00264004 0.999994 80.9902 
0.999864 0.0163559 0.00196466 -0.502836 -0.016361 0.999863 0.0025931 -1.35398 -0.00192198 -0.00262489 0.999995 82.3769 
0.999866 0.0162984 0.00168915 -0.509571 -0.016303 0.999863 0.00276416 -1.37773 -0.00164387 -0.00279133 0.999995 83.7658 
0.999869 0.0161287 0.00116375 -0.51667 -0.0161314 0.999867 0.00230799 -1.40167 -0.00112637 -0.00232646 0.999997 85.1505 
0.999868 0.0162555 0.000440406 -0.525516 -0.0162566 0.999864 0.00265648 -1.42569 -0.000397164 -0.00266329 0.999996 86.5332 
0.999877 0.0156469 -0.000550935 -0.534511 -0.0156449 0.999871 0.00353566 -1.44944 0.000606186 -0.00352661 0.999994 87.9121 
0.999908 0.013481 -0.00162796 -0.542522 -0.0134735 0.999899 0.00453174 -1.4721 0.00168888 -0.00450939 0.999988 89.2897 
0.999931 0.0113869 -0.00278977 -0.552289 -0.0113728 0.999923 0.0050142 -1.49351 0.00284665 -0.00498213 0.999984 90.6625 
0.999949 0.00946759 -0.00348928 -0.562528 -0.00945 0.999943 0.00502163 -1.51486 0.00353663 -0.0049884 0.999981 92.0327 
0.99996 0.00805999 -0.00397025 -0.574267 -0.00804183 0.999957 0.00456912 -1.53632 0.00400691 -0.00453701 0.999982 93.3998 
0.999966 0.00708122 -0.0042015 -0.587201 -0.00706369 0.999966 0.00417226 -1.55811 0.0042309 -0.00414244 0.999982 94.765 
0.999962 0.00758361 -0.00431316 -0.601288 -0.00756811 0.999965 0.0035988 -1.58064 0.0043403 -0.00356602 0.999984 96.1292 
0.999964 0.00732686 -0.00420681 -0.614817 -0.00731389 0.999968 0.00309086 -1.60356 0.00422932 -0.00305998 0.999986 97.4898 
0.999957 0.00829072 -0.00407222 -0.630533 -0.00828107 0.999963 0.00238166 -1.62714 0.00409182 -0.00234783 0.999989 98.8468 
0.999947 0.00956016 -0.00377374 -0.646573 -0.00954991 0.999951 0.00272561 -1.65024 0.00379961 -0.00268943 0.999989 100.2 
0.999942 0.0102029 -0.00351225 -0.661628 -0.0101883 0.999939 0.00417258 -1.67289 0.00355461 -0.00413655 0.999985 101.552 
0.99993 0.0113508 -0.00341145 -0.677115 -0.0113318 0.99992 0.00553555 -1.69535 0.00347401 -0.0054965 0.999979 102.9 
0.999938 0.0106027 -0.00331537 -0.689873 -0.010589 0.999935 0.00413737 -1.71659 0.00335903 -0.00410201 0.999986 104.243 
0.999939 0.0106009 -0.00320495 -0.702979 -0.0105952 0.999942 0.00177508 -1.7378 0.00322358 -0.00174101 0.999993 105.581 
0.999945 0.00992536 -0.00334169 -0.715818 -0.00992339 0.999951 0.000603968 -1.76087 0.00334752 -0.000570774 0.999994 106.917 
0.999965 0.00771111 -0.00323558 -0.726364 -0.0077053 0.999969 0.00180362 -1.78406 0.00324939 -0.00177863 0.999993 108.255 
0.999983 0.00529801 -0.00258215 -0.73614 -0.00528818 0.999979 0.00379856 -1.80649 0.00260222 -0.00378483 0.999989 109.593 
0.999991 0.00375896 -0.00172002 -0.744644 -0.00375143 0.999983 0.00436215 -1.82809 0.00173639 -0.00435566 0.999989 110.927 
0.999995 0.00294647 -0.000939688 -0.753123 -0.00294368 0.999991 0.00296135 -1.84874 0.000948406 -0.00295857 0.999995 112.259 
0.999987 0.00502778 -0.000239987 -0.764039 -0.00502764 0.999987 0.000611174 -1.87078 0.000243057 -0.000609959 1 113.59 
0.999974 0.00714388 0.000955512 -0.774873 -0.00714242 0.999973 -0.00152354 -1.89431 -0.000966371 0.00151668 0.999998 114.921 
0.999945 0.0102298 0.00237921 -0.786061 -0.0102264 0.999947 -0.00143403 -1.91945 -0.00239375 0.00140962 0.999996 116.256 
0.999927 0.0114892 0.00384264 -0.79321 -0.0114913 0.999934 0.000511581 -1.94445 -0.00383651 -0.000555701 0.999992 117.592 
0.999921 0.0115886 0.00490858 -0.796114 -0.0116022 0.999929 0.00274848 -1.96739 -0.00487638 -0.00280522 0.999984 118.931 
0.999925 0.010876 0.00570539 -0.796276 -0.0108947 0.999935 0.00325282 -1.988 -0.00566965 -0.00331474 0.999978 120.271 
0.999914 0.0112906 0.00673718 -0.796657 -0.0113087 0.999933 0.00265736 -2.00763 -0.00670673 -0.00273332 0.999974 121.614 
0.99988 0.0132433 0.00797569 -0.798156 -0.0132604 0.99991 0.00209566 -2.02786 -0.00794722 -0.00220117 0.999966 122.958 
0.99984 0.0153189 0.00920782 -0.79939 -0.0153357 0.999881 0.00175354 -2.04944 -0.00917986 -0.00189447 0.999956 124.303 
0.999818 0.016046 0.010333 -0.79769 -0.0160544 0.999871 0.000724215 -2.07128 -0.0103201 -0.000889974 0.999946 125.648 
0.999788 0.0171711 0.0113258 -0.79373 -0.0171714 0.999853 -7.57092e-05 -2.09405 -0.0113254 -0.000118786 0.999936 126.995 
0.999791 0.016272 0.0123719 -0.787127 -0.0162699 0.999868 -0.000267562 -2.11748 -0.0123746 6.62162e-05 0.999923 128.342 
0.999787 0.0158349 0.013246 -0.779198 -0.015847 0.999874 0.000805523 -2.14084 -0.0132315 -0.00101526 0.999912 129.69 
0.999796 0.0144754 0.0141044 -0.770018 -0.0145009 0.999893 0.00171076 -2.16389 -0.0140782 -0.00191494 0.999899 131.039 
0.999803 0.0136797 0.014394 -0.759179 -0.0137105 0.999904 0.00204538 -2.18611 -0.0143646 -0.00224233 0.999894 132.386 
0.999831 0.0114166 0.0144025 -0.746479 -0.0114495 0.999932 0.00220121 -2.20736 -0.0143764 -0.00236574 0.999894 133.735 
0.999851 0.00983656 0.0141683 -0.734618 -0.00987919 0.999947 0.00294227 -2.22884 -0.0141386 -0.0030818 0.999895 135.083 
0.999873 0.00825865 0.0136144 -0.722935 -0.00829456 0.999962 0.00258314 -2.24995 -0.0135926 -0.00269574 0.999904 136.432 
0.999899 0.00686976 0.0124446 -0.71205 -0.00690152 0.999973 0.00251059 -2.27038 -0.012427 -0.00259622 0.999919 137.782 
0.999921 0.00540091 0.011344 -0.702611 -0.0054401 0.999979 0.00342651 -2.29093 -0.0113252 -0.00348796 0.99993 139.131 
0.99994 0.0038349 0.0102677 -0.693498 -0.00387211 0.999986 0.00360618 -2.31183 -0.0102537 -0.00364572 0.999941 140.481 
0.999954 0.00338246 0.00902428 -0.687963 -0.00341546 0.999988 0.00364465 -2.33198 -0.00901184 -0.0036753 0.999953 141.831 
0.999965 0.00300456 0.00783985 -0.683979 -0.00302897 0.999991 0.00310366 -2.35284 -0.00783045 -0.00312729 0.999964 143.181 
0.999973 0.00284205 0.00684712 -0.681332 -0.0028613 0.999992 0.00280332 -2.37384 -0.0068391 -0.00282284 0.999973 144.529 
0.999983 0.000447657 0.00589446 -0.678408 -0.000450316 1 0.000449849 -2.39784 -0.00589426 -0.000452496 0.999983 145.877 
0.999976 -0.00494403 0.00481661 -0.671555 0.00494394 0.999988 3.04526e-05 -2.42013 -0.00481671 -6.63887e-06 0.999988 147.228 
0.999913 -0.0126756 0.00372894 -0.66107 0.0126668 0.999917 0.00237634 -2.44284 -0.00375875 -0.0023289 0.99999 148.583 
0.99981 -0.0194022 0.0020755 -0.650395 0.019394 0.999804 0.00387629 -2.46223 -0.00215031 -0.0038353 0.99999 149.937 
0.999742 -0.0226784 0.00102381 -0.646221 0.0226779 0.999743 0.000486561 -2.48364 -0.00103458 -0.000463217 0.999999 151.286 
0.999755 -0.0221179 0.00131504 -0.648604 0.0221212 0.999752 -0.00257886 -2.50847 -0.00125768 0.00260732 0.999996 152.635 
0.999819 -0.0189001 0.00220091 -0.656552 0.01891 0.999811 -0.00458658 -2.53866 -0.0021138 0.00462737 0.999987 153.987 
0.999816 -0.0189733 0.00289907 -0.659595 0.0189864 0.999809 -0.0045415 -2.56989 -0.00281235 0.0045957 0.999985 155.341 
0.999745 -0.022332 0.00342209 -0.655672 0.0223354 0.99975 -0.000985897 -2.5986 -0.00339922 0.00106208 0.999994 156.7 
0.999613 -0.027558 0.00378918 -0.64725 0.0275513 0.999619 0.00180891 -2.62416 -0.00383759 -0.00170381 0.999991 158.058 
0.999503 -0.0313067 0.00379296 -0.64062 0.031295 0.999505 0.00311106 -2.64492 -0.00388848 -0.00299081 0.999988 159.414 
0.999451 -0.0329016 0.00381405 -0.636978 0.0328904 0.999455 0.00296257 -2.66515 -0.00390944 -0.0028355 0.999988 160.771 
0.999506 -0.0310796 0.00474954 -0.638068 0.0310619 0.99951 0.00374735 -2.68582 -0.00486368 -0.00359797 0.999982 162.129 
0.999615 -0.027092 0.00592781 -0.642142 0.0270752 0.999629 0.00289722 -2.70664 -0.0060041 -0.00273561 0.999978 163.487 
0.9997 -0.0235044 0.00683939 -0.645518 0.0235 0.999724 0.000727668 -2.72767 -0.0068546 -0.000566725 0.999976 164.845 
0.999759 -0.020609 0.00759643 -0.646464 0.0206087 0.999788 0.000123086 -2.74821 -0.00759735 3.34963e-05 0.999971 166.206 
0.999792 -0.018757 0.00801255 -0.645908 0.0187472 0.999823 0.00128556 -2.77026 -0.00803525 -0.00113507 0.999967 167.571 
0.999827 -0.0168882 0.00782998 -0.64499 0.0168818 0.999857 0.000891575 -2.793 -0.00784392 -0.000759237 0.999969 168.934 
0.999863 -0.014815 0.00739324 -0.645118 0.0148273 0.999889 -0.00160711 -2.81632 -0.0073686 0.00171651 0.999971 170.297 
0.999916 -0.0109748 0.00695107 -0.648658 0.0110058 0.99993 -0.00443752 -2.84203 -0.00690188 0.00451365 0.999966 171.661 
0.99996 -0.00577808 0.00683931 -0.654748 0.00581739 0.999967 -0.0057411 -2.87013 -0.00680591 0.00578065 0.99996 173.029 
0.999974 -0.00117139 0.00716544 -0.66011 0.00120396 0.999989 -0.00454236 -2.90017 -0.00716004 0.00455087 0.999964 174.401 
0.999968 0.00179307 0.00778779 -0.663795 -0.00177262 0.999995 -0.00263138 -2.92899 -0.00779247 0.00261749 0.999966 175.777 
0.999966 0.00258373 0.00779995 -0.662446 -0.00258068 0.999997 -0.000400872 -2.95388 -0.00780096 0.000380729 0.999969 177.16 
0.999975 -0.000634352 0.00702807 -0.656556 0.00063095 1 0.000486293 -2.97617 -0.00702837 -0.000481847 0.999975 178.542 
0.999982 -0.00274152 0.00532708 -0.652591 0.00273822 0.999996 0.000627354 -2.99826 -0.00532878 -0.000612756 0.999986 179.925 
0.99999 -0.00309446 0.00329771 -0.65206 0.00310647 0.999989 -0.00364366 -3.02354 -0.0032864 0.00365386 0.999988 181.311 
0.999997 -0.00136906 0.00183916 -0.657983 0.00138353 0.999968 -0.00788942 -3.05231 -0.0018283 0.00789194 0.999967 182.702 
0.999993 0.00341585 0.00120571 -0.671395 -0.00340551 0.999958 -0.00847763 -3.08601 -0.00123462 0.00847347 0.999963 184.098 
0.999976 0.00688771 0.00106243 -0.684452 -0.00687952 0.999948 -0.00753104 -3.1203 -0.00111424 0.00752355 0.999971 185.502 
0.999958 0.00907704 0.00131635 -0.695311 -0.00907159 0.99995 -0.0040893 -3.1505 -0.0013534 0.00407719 0.999991 186.913 
0.999951 0.00980801 0.0016622 -0.703798 -0.00980443 0.99995 -0.0021459 -3.17848 -0.00168317 0.0021295 0.999996 188.324 
0.999955 0.00930193 0.00175524 -0.709208 -0.00929976 0.999956 -0.00124106 -3.20305 -0.0017667 0.00122468 0.999998 189.738 
0.99997 0.00759052 0.00171812 -0.7131 -0.00758946 0.999971 -0.000624703 -3.22848 -0.00172282 0.000611645 0.999998 191.155 
0.999986 0.00502798 0.00183362 -0.715311 -0.00502788 0.999987 -5.74723e-05 -3.25407 -0.00183389 4.82523e-05 0.999998 192.573 
0.999995 0.00230976 0.00206408 -0.715748 -0.00230971 0.999997 -2.63675e-05 -3.27904 -0.00206414 2.15999e-05 0.999998 193.997 
0.999997 -0.000802159 0.0024566 -0.716262 0.000799631 0.999999 0.00102971 -3.3023 -0.00245742 -0.00102774 0.999996 195.423 
0.999983 -0.00513612 0.00288675 -0.714195 0.00512876 0.999984 0.0025523 -3.32405 -0.00289981 -0.00253745 0.999993 196.854 
0.999965 -0.00778288 0.00315797 -0.712065 0.00777518 0.999967 0.00244444 -3.34629 -0.00317689 -0.0024198 0.999992 198.286 
0.999978 -0.00578953 0.00335838 -0.715151 0.00579594 0.999981 -0.00190316 -3.37063 -0.0033473 0.00192258 0.999993 199.717 
0.999992 0.00146325 0.00378132 -0.725862 -0.00143707 0.999975 -0.0069165 -3.39858 -0.00379134 0.00691101 0.999969 201.149 
0.999932 0.0104808 0.00503666 -0.741446 -0.0104458 0.999921 -0.00692892 -3.42991 -0.00510889 0.00687584 0.999963 202.589 
0.999812 0.0183523 0.00627483 -0.755948 -0.0183321 0.999827 -0.00325042 -3.46091 -0.0063334 0.00313478 0.999975 204.034 
0.999788 0.0193175 0.00706424 -0.759172 -0.0193101 0.999813 -0.00111935 -3.48626 -0.00708454 0.000982705 0.999974 205.482 
0.999827 0.017383 0.00658695 -0.755863 -0.0173791 0.999849 -0.000651342 -3.50955 -0.00659728 0.000536755 0.999978 206.929 
0.999885 0.0141807 0.0053803 -0.750052 -0.0141772 0.999899 -0.000690128 -3.5344 -0.00538954 0.000613771 0.999985 208.381 
0.999916 0.0121559 0.00440898 -0.746869 -0.0121504 0.999925 -0.00126698 -3.56056 -0.00442405 0.0012133 0.999989 209.834 
0.999914 0.0125394 0.00384488 -0.748448 -0.0125326 0.99992 -0.00178204 -3.58715 -0.00386692 0.0017337 0.999991 211.292 
0.999896 0.0139036 0.0036999 -0.753338 -0.0138978 0.999902 -0.00159487 -3.61412 -0.00372171 0.00154329 0.999992 212.756 
0.999878 0.0151709 0.00362655 -0.75951 -0.0151684 0.999885 -0.000718686 -3.64025 -0.00363703 0.00066359 0.999993 214.223 
0.999889 0.0145171 0.00333507 -0.763592 -0.014513 0.999894 -0.00123878 -3.66697 -0.0033527 0.00119024 0.999994 215.694 
0.999895 0.0141985 0.00295478 -0.767387 -0.0141919 0.999897 -0.00223384 -3.6933 -0.0029862 0.00219167 0.999993 217.166 
0.999906 0.0134428 0.00268297 -0.77109 -0.0134359 0.999906 -0.00256108 -3.7205 -0.00271714 0.00252479 0.999993 218.644 
0.999902 0.0138205 0.002316 -0.776695 -0.0138144 0.999901 -0.0026509 -3.74933 -0.00235241 0.00261865 0.999994 220.126 
0.999898 0.0141613 0.00204371 -0.783242 -0.0141554 0.999896 -0.00286283 -3.77863 -0.00208404 0.0028336 0.999994 221.611 
0.999898 0.0141613 0.00179292 -0.789938 -0.0141558 0.999895 -0.00303274 -3.80739 -0.00183568 0.00300705 0.999994 223.1 
0.999884 0.0151955 0.00139347 -0.798126 -0.0151907 0.999879 -0.00336312 -3.83713 -0.00144441 0.00334156 0.999993 224.591 
0.999888 0.0149224 0.00103838 -0.805096 -0.0149187 0.999883 -0.00348328 -3.86628 -0.00109023 0.0034674 0.999993 226.086 
0.999881 0.015403 0.000751477 -0.813293 -0.0154004 0.999876 -0.00340588 -3.89691 -0.000803845 0.0033939 0.999994 227.588 
0.999892 0.0146738 0.000666138 -0.820598 -0.0146714 0.999886 -0.00344886 -3.92699 -0.00071667 0.00343871 0.999994 229.092 
0.999912 0.013262 0.000708073 -0.8272 -0.0132593 0.999905 -0.00367707 -3.95747 -0.000756771 0.00366736 0.999993 230.599 
0.999926 0.0121663 0.000806771 -0.833742 -0.0121635 0.99992 -0.00342773 -3.98801 -0.00084841 0.00341767 0.999994 232.109 
0.999941 0.0108195 0.000980158 -0.839599 -0.0108169 0.999938 -0.00263415 -4.01905 -0.0010086 0.00262339 0.999996 233.624 
0.999941 0.0108416 0.000882592 -0.847491 -0.0108394 0.999938 -0.0024222 -4.04908 -0.000908798 0.00241249 0.999997 235.14 
0.999936 0.0112348 0.000923823 -0.855495 -0.0112322 0.999933 -0.00271306 -4.07969 -0.000954242 0.00270251 0.999996 236.659 
0.999929 0.0118979 0.00119547 -0.863543 -0.0118938 0.999924 -0.00335364 -4.11036 -0.00123528 0.00333918 0.999994 238.178 
0.999911 0.013202 0.0016899 -0.872259 -0.0131975 0.999909 -0.00266136 -4.1408 -0.00172488 0.00263882 0.999995 239.701 
0.999906 0.0134735 0.00239396 -0.878986 -0.0134722 0.999909 -0.000558274 -4.16979 -0.00240127 0.000525969 0.999997 241.227 
0.999907 0.0132763 0.00296243 -0.883555 -0.0132761 0.999912 -9.00731e-05 -4.1979 -0.00296337 5.07352e-05 0.999996 242.752 
0.999901 0.0136233 0.00347398 -0.888109 -0.0136174 0.999906 -0.00170407 -4.22545 -0.00349687 0.0016566 0.999993 244.278 
0.999895 0.013933 0.00399425 -0.892443 -0.0139208 0.999898 -0.00305006 -4.25399 -0.00403634 0.00299414 0.999987 245.806 
0.999882 0.0147097 0.00432721 -0.896384 -0.0146986 0.999889 -0.00257172 -4.28313 -0.00436456 0.00250782 0.999987 247.337 
0.999887 0.0144054 0.00432877 -0.900225 -0.0143989 0.999895 -0.00153531 -4.31152 -0.00435043 0.0014728 0.999989 248.871 
0.999885 0.0146044 0.00401658 -0.901791 -0.0146003 0.999893 -0.00106818 -4.34164 -0.00403175 0.00100942 0.999991 250.407 
0.999881 0.0149712 0.00376566 -0.905474 -0.0149672 0.999887 -0.00106615 -4.36932 -0.0037812 0.00100966 0.999992 251.943 
0.999857 0.0164287 0.00389901 -0.909551 -0.0164258 0.999865 -0.000784262 -4.39706 -0.00391136 0.000720106 0.999992 253.484 
0.999836 0.0176422 0.00415296 -0.915489 -0.0176388 0.999844 -0.000847534 -4.42378 -0.00416726 0.000774142 0.999991 255.026 
0.999832 0.0178507 0.00409373 -0.919961 -0.0178484 0.999841 -0.000584646 -4.4511 -0.00410351 0.000511481 0.999991 256.569 
0.999858 0.016383 0.00405296 -0.921958 -0.0163814 0.999866 -0.000411599 -4.47763 -0.00405916 0.000345147 0.999992 258.116 
0.999887 0.0144858 0.0039944 -0.923266 -0.0144873 0.999895 0.000354566 -4.50348 -0.00398884 -0.000412394 0.999992 259.664 
0.999919 0.0120432 0.00405869 -0.923012 -0.0120477 0.999927 0.00110418 -4.52944 -0.00404509 -0.00115299 0.999991 261.215 
0.999937 0.0105619 0.00374587 -0.922715 -0.0105634 0.999944 0.000380404 -4.55525 -0.00374164 -0.00041995 0.999993 262.764 
0.999949 0.00945561 0.00355249 -0.924456 -0.00945352 0.999955 -0.000604764 -4.58163 -0.00355805 0.00057115 0.999994 264.312 
0.999962 0.00764616 0.00408494 -0.924831 -0.00765081 0.99997 0.00112357 -4.60687 -0.00407622 -0.00115478 0.999991 265.865 
0.999975 0.0055711 0.0044283 -0.924774 -0.00558399 0.99998 0.00290359 -4.63123 -0.00441203 -0.00292825 0.999986 267.419 
0.999979 0.00459322 0.00448982 -0.925116 -0.00460237 0.999987 0.00202963 -4.6529 -0.00448044 -0.00205025 0.999988 268.968 
0.99998 0.00412308 0.00486989 -0.924573 -0.00412819 0.999991 0.00103935 -4.67625 -0.00486557 -0.00105943 0.999988 270.521 
0.999973 0.00487703 0.00555584 -0.926574 -0.00488135 0.999988 0.000765351 -4.70237 -0.00555204 -0.00079245 0.999984 272.072 
0.999956 0.00663142 0.00657317 -0.929593 -0.0066371 0.999978 0.000842896 -4.72907 -0.00656743 -0.000886486 0.999978 273.625 
0.999938 0.00817595 0.0075175 -0.931132 -0.00818014 0.999966 0.000526797 -4.75637 -0.00751294 -0.000588258 0.999972 275.18 
0.999921 0.00930285 0.00844995 -0.930339 -0.00930602 0.999957 0.000335402 -4.7844 -0.00844646 -0.00041401 0.999964 276.737 
0.999905 0.010179 0.00930421 -0.927832 -0.01018 0.999948 6.12052e-05 -4.81203 -0.00930311 -0.000155916 0.999957 278.296 
0.999894 0.0105217 0.0100779 -0.92359 -0.0105157 0.999945 -0.000642324 -4.83975 -0.0100841 0.000536279 0.999949 279.854 
0.99989 0.0100202 0.0109702 -0.9159 -0.0100076 0.999949 -0.00120224 -4.8699 -0.0109817 0.00109232 0.999939 281.412 
0.999886 0.00937035 0.0118625 -0.905678 -0.00936148 0.999956 -0.000802957 -4.89907 -0.0118695 0.000691815 0.999929 282.973 
0.999887 0.00832681 0.0125331 -0.894426 -0.00833011 0.999965 0.000211033 -4.92782 -0.0125309 -0.000315411 0.999921 284.537 
0.999892 0.00720853 0.0128022 -0.880506 -0.00721561 0.999974 0.000506969 -4.95605 -0.0127982 -0.00059929 0.999918 286.097 
0.999896 0.00667242 0.0127664 -0.866387 -0.00664822 0.999976 -0.00193705 -4.98556 -0.012779 0.00185197 0.999917 287.658 
0.999909 0.00525773 0.0124329 -0.854061 -0.0052073 0.999978 -0.00408554 -5.01497 -0.0124541 0.00402043 0.999914 289.219 
0.999919 0.00531228 0.0115801 -0.84249 -0.00526539 0.999978 -0.00407607 -5.04721 -0.0116015 0.00401476 0.999925 290.783 
0.999934 0.00407628 0.0107552 -0.831221 -0.00403273 0.999984 -0.00406754 -5.07765 -0.0107716 0.00402389 0.999934 292.349 
0.999943 0.00420167 0.00977953 -0.822128 -0.00415594 0.99998 -0.00469244 -5.10903 -0.00979906 0.00465153 0.999941 293.919 
0.999949 0.00434174 0.00910047 -0.815329 -0.00429635 0.999978 -0.00500155 -5.1413 -0.00912199 0.0049622 0.999946 295.491 
0.999955 0.00432851 0.00843466 -0.80965 -0.00429059 0.999981 -0.00450819 -5.1748 -0.00845401 0.0044718 0.999954 297.068 
0.999964 0.00395591 0.0074658 -0.804141 -0.00392336 0.999983 -0.00436969 -5.20786 -0.00748295 0.00434024 0.999963 298.647 
0.999974 0.00336138 0.00642962 -0.800048 -0.0033421 0.99999 -0.00300676 -5.23968 -0.00643966 0.00298519 0.999975 300.232 
0.999969 0.00525271 0.00588478 -0.800162 -0.00524291 0.999985 -0.0016804 -5.27047 -0.00589352 0.00164949 0.999981 301.823 
0.999962 0.00563839 0.00660472 -0.798852 -0.00562787 0.999983 -0.00161106 -5.29895 -0.00661369 0.00157383 0.999977 303.417 
0.999954 0.00610134 0.00743315 -0.795873 -0.00608737 0.99998 -0.00190079 -5.32801 -0.00744459 0.00185545 0.999971 305.017 
0.999959 0.00478967 0.00774143 -0.789184 -0.00477391 0.999986 -0.00205274 -5.35836 -0.00775116 0.0020157 0.999968 306.62 
0.999965 0.00279755 0.007863 -0.780944 -0.002774 0.999992 -0.00300487 -5.38932 -0.00787134 0.00298296 0.999965 308.228 
0.999965 0.00132396 0.00820583 -0.77429 -0.00128326 0.999987 -0.00496245 -5.42254 -0.00821229 0.00495175 0.999954 309.837 
0.999968 0.000843209 0.0079871 -0.767423 -0.000795792 0.999982 -0.00593806 -5.45707 -0.00799196 0.00593151 0.99995 311.455 
0.999982 0.00156273 0.005788 -0.765544 -0.00152268 0.999975 -0.00691664 -5.49307 -0.00579866 0.0069077 0.999959 313.075 
0.99999 0.00261183 0.00367197 -0.767466 -0.002589 0.999977 -0.00620682 -5.5287 -0.00368809 0.00619725 0.999974 314.702 
0.999987 0.00378915 0.00331961 -0.772095 -0.00377947 0.999989 -0.00291716 -5.56313 -0.00333062 0.00290458 0.99999 316.335 
0.99999 0.00233604 0.00383376 -0.772473 -0.00233658 0.999997 0.000138575 -5.5925 -0.00383343 -0.000147531 0.999993 317.974 
0.999991 0.00145737 0.00394729 -0.772005 -0.00146078 0.999999 0.00086192 -5.61867 -0.00394603 -0.000867678 0.999992 319.612 
0.999991 0.00049939 0.00421356 -0.771154 -0.000497798 1 -0.000378983 -5.64584 -0.00421375 0.000376882 0.999991 321.252 
0.99999 -0.000523658 0.00452939 -0.770339 0.000525595 1 -0.000426623 -5.67489 -0.00452916 0.000428999 0.99999 322.892 
0.999988 -0.000549234 0.00480673 -0.770805 0.000549656 1 -8.64426e-05 -5.7059 -0.00480668 8.90836e-05 0.999988 324.532 
0.999986 -0.000449109 0.00527072 -0.769278 0.000449538 1 -8.01869e-05 -5.73674 -0.00527069 8.25551e-05 0.999986 326.17 
0.999983 0.00111224 0.00570908 -0.770217 -0.00110654 0.999999 -0.001002 -5.76951 -0.00571018 0.000995662 0.999983 327.805 
0.999978 0.00182565 0.00640732 -0.769831 -0.00181564 0.999997 -0.00156833 -5.80153 -0.00641017 0.00155666 0.999978 329.439 
0.999974 0.000519062 0.00718207 -0.765871 -0.000522017 1 0.000409623 -5.83422 -0.00718186 -0.000413362 0.999974 331.074 
0.999973 -0.000414763 0.00730262 -0.760935 0.000405455 0.999999 0.00127611 -5.8649 -0.00730314 -0.00127311 0.999973 332.706 
0.999973 -0.00149878 0.00714272 -0.754307 0.00149852 0.999999 4.12028e-05 -5.89314 -0.00714277 -3.04982e-05 0.999974 334.334 
0.999974 -8.6579e-05 0.00715338 -0.751553 8.56433e-05 1 0.000131117 -5.92411 -0.00715339 -0.000130501 0.999974 335.963 
0.999975 0.00162528 0.0069281 -0.752052 -0.00161259 0.999997 -0.00183651 -5.95563 -0.00693106 0.00182529 0.999974 337.587 
0.999975 0.00333625 0.00626935 -0.751797 -0.00330608 0.999983 -0.00481632 -5.98969 -0.00628531 0.00479547 0.999969 339.21 
0.999975 0.00462152 0.00543634 -0.75251 -0.00459814 0.99998 -0.00430544 -6.02644 -0.00545613 0.00428033 0.999976 340.833 
0.999975 0.00542247 0.00450297 -0.754139 -0.00541896 0.999985 -0.000792524 -6.06054 -0.0045072 0.000768103 0.99999 342.457 
0.999972 0.00658255 0.00346209 -0.758062 -0.00658952 0.999976 0.00200567 -6.09148 -0.0034488 -0.00202843 0.999992 344.079 
0.999973 0.00699544 0.00213277 -0.763755 -0.00699714 0.999975 0.000793627 -6.1193 -0.00212717 -0.000808529 0.999997 345.698 
0.999979 0.00643307 0.00034222 -0.770635 -0.00643282 0.999979 -0.000737114 -6.14787 -0.000346955 0.000734897 1 347.313 
0.999985 0.00519864 -0.00144098 -0.77901 -0.00519773 0.999986 0.000640963 -6.17883 0.00144429 -0.000633464 0.999999 348.928 
0.99999 0.0036414 -0.00244563 -0.787732 -0.00363854 0.999993 0.00117497 -6.20933 0.00244989 -0.00116606 0.999996 350.543 
0.99999 0.00346754 -0.00289471 -0.799657 -0.00346659 0.999994 0.000335083 -6.23757 0.00289585 -0.000325045 0.999996 352.156 
0.999991 0.00286078 -0.00320538 -0.811852 -0.00286265 0.999996 -0.00057704 -6.26681 0.00320372 0.000586211 0.999995 353.769 
0.999991 0.00261131 -0.00330971 -0.824242 -0.00261367 0.999996 -0.00070933 -6.29689 0.00330785 0.000717974 0.999994 355.379 
0.999992 0.00212406 -0.00329252 -0.836483 -0.00212691 0.999997 -0.000862744 -6.32852 0.00329068 0.00086974 0.999994 356.989 
0.999993 0.00161081 -0.00334218 -0.848684 -0.00161557 0.999998 -0.00142251 -6.36108 0.00333988 0.0014279 0.999993 358.596 
0.999993 0.00140264 -0.00347682 -0.861379 -0.00140978 0.999997 -0.00205263 -6.3944 0.00347394 0.00205752 0.999992 360.201 
0.999994 0.000811968 -0.00340272 -0.873346 -0.000817997 0.999998 -0.00177092 -6.42798 0.00340127 0.00177369 0.999993 361.809 
0.999994 0.00108045 -0.00337588 -0.886714 -0.00108924 0.999996 -0.00260368 -6.46031 0.00337305 0.00260734 0.999991 363.417 
0.999994 -0.000397115 -0.00342595 -0.897851 0.00038371 0.999992 -0.00391261 -6.49287 0.00342748 0.00391127 0.999986 365.025 
0.999993 -0.00186088 -0.00338477 -0.908524 0.00185387 0.999996 -0.00207399 -6.52658 0.00338861 0.0020677 0.999992 366.637 
0.999988 -0.00340836 -0.00347849 -0.9184 0.00340376 0.999993 -0.00132765 -6.55804 0.00348299 0.00131579 0.999993 368.249 
0.999987 -0.00381197 -0.0034592 -0.929603 0.00380382 0.99999 -0.00236063 -6.58857 0.00346816 0.00234744 0.999991 369.86 
0.999991 -0.0026269 -0.00318912 -0.943398 0.00261742 0.999992 -0.00297398 -6.62001 0.00319691 0.00296561 0.99999 371.474 
0.999996 -0.000918085 -0.00278687 -0.957456 0.000912145 0.999997 -0.00213198 -6.65238 0.00278882 0.00212943 0.999994 373.087 
0.999997 0.000396284 -0.00234092 -0.971035 -0.000399127 0.999999 -0.00121442 -6.68464 0.00234043 0.00121535 0.999997 374.701 
0.999998 0.000670533 -0.00200587 -0.983092 -0.000673597 0.999999 -0.00152693 -6.71328 0.00200484 0.00152828 0.999997 376.304 
0.999958 0.004748 -0.00786202 -0.624511 -0.00477117 0.999984 -0.00293173 -6.85676 0.00784798 0.00296911 0.999965 379.098 
0.999958 0.00489104 -0.00770671 -0.644887 -0.004915 0.999983 -0.0030922 -6.89031 0.00769146 0.00312995 0.999966 380.715 
0.999958 0.0054316 -0.00733751 -0.668067 -0.00545578 0.99998 -0.00327912 -6.92208 0.00731955 0.00331901 0.999968 382.333 
0.999952 0.00690965 -0.00696974 -0.693212 -0.00693219 0.999971 -0.00321541 -6.95403 0.00694732 0.00326357 0.999971 383.956 
0.999941 0.00864133 -0.00651145 -0.719724 -0.00865911 0.999959 -0.00270713 -6.98575 0.00648779 0.00276336 0.999975 385.579 
0.999933 0.00986794 -0.0061129 -0.743195 -0.00988868 0.999945 -0.00337094 -7.01883 0.0060793 0.00343116 0.999976 387.205 
0.999931 0.0101713 -0.00585572 -0.769955 -0.0101955 0.99994 -0.00411759 -7.0431 0.00581348 0.00417701 0.999974 388.857 
0.999929 0.0103546 -0.00587274 -0.795784 -0.0103793 0.999937 -0.00420182 -7.06784 0.00582886 0.00426248 0.999974 390.588 
0.999916 0.0116899 -0.00559268 -0.816123 -0.0117089 0.999926 -0.00337377 -7.09902 0.00555282 0.00343897 0.999979 392.246 
0.999906 0.0126906 -0.00527023 -0.835561 -0.0127068 0.999915 -0.00305132 -7.13293 0.00523105 0.003118 0.999981 393.899 
0.999897 0.0134679 -0.00495584 -0.854908 -0.0134856 0.999903 -0.00356164 -7.16521 0.00490739 0.00362811 0.999981 395.554 
0.999895 0.0136608 -0.00475596 -0.873219 -0.0136767 0.999901 -0.00333081 -7.19728 0.00470998 0.0033955 0.999983 397.214 
