1 0 -0 0 -0 1 0 0 0 -0 1 -0 
0.999997 -0.00175176 -0.00154857 -0.00181894 0.00175046 0.999998 -0.000840058 -0.0116197 0.00155004 0.000837345 0.999998 0.569785 
0.999994 -0.002281 -0.00267226 -0.00786488 0.00227487 0.999995 -0.00229584 -0.0248542 0.00267748 0.00228974 0.999994 1.13633 
0.999986 -0.00262541 -0.00458635 -0.0140434 0.00260875 0.99999 -0.00363633 -0.0381549 0.00459585 0.00362432 0.999983 1.69983 
0.999967 -0.00470979 -0.00659226 -0.0177557 0.00467402 0.999974 -0.00543047 -0.0496404 0.00661767 0.00539947 0.999964 2.26314 
0.999941 -0.00707986 -0.00818036 -0.0228168 0.00701922 0.999948 -0.00741758 -0.0613041 0.00823245 0.00735973 0.999939 2.83258 
0.999919 -0.00832835 -0.00963784 -0.029679 0.00824985 0.999933 -0.00815583 -0.0728317 0.00970511 0.00807566 0.99992 3.40746 
0.999902 -0.00851995 -0.0110642 -0.039402 0.00843746 0.999936 -0.00748082 -0.0866961 0.0111272 0.00738674 0.999911 3.99233 
0.999885 -0.0089033 -0.0122788 -0.0490824 0.00880753 0.999931 -0.00783124 -0.103143 0.0123476 0.00772219 0.999894 4.58446 
0.999876 -0.00828963 -0.0134132 -0.0611772 0.00814866 0.999911 -0.0105309 -0.120249 0.0134994 0.0104202 0.999855 5.18148 
0.99987 -0.00656926 -0.0147014 -0.0764407 0.0063578 0.999876 -0.0143842 -0.136327 0.0147941 0.0142888 0.999788 5.78619 
0.999859 -0.00514129 -0.0159818 -0.0926594 0.00485169 0.999824 -0.0181067 -0.15057 0.016072 0.0180266 0.999708 6.40131 
0.999846 -0.00340774 -0.0172145 -0.109424 0.0030958 0.999831 -0.0181146 -0.163383 0.0172733 0.0180585 0.999688 7.03307 
0.999831 -0.000920764 -0.0183752 -0.129097 0.000713571 0.999936 -0.0112791 -0.17531 0.0183844 0.0112641 0.999768 7.68567 
0.999816 -7.04467e-05 -0.0191591 -0.147195 5.54408e-05 1 -0.000783758 -0.188279 0.0191592 0.000782552 0.999816 8.35627 
0.999801 0.00102521 -0.0199297 -0.167225 -0.000906423 0.999982 0.00596847 -0.203432 0.0199355 -0.00594922 0.999784 9.03753 
0.999772 0.00313453 -0.0211319 -0.189713 -0.00302851 0.999983 0.00504706 -0.218503 0.0211473 -0.00498191 0.999764 9.72435 
0.999746 0.00532473 -0.0219134 -0.214282 -0.0053755 0.999983 -0.00225875 -0.225082 0.021901 0.00237597 0.999757 10.4212 
0.999722 0.00496166 -0.0230408 -0.235918 -0.00515375 0.999952 -0.00828532 -0.226268 0.0229986 0.00840177 0.9997 11.1376 
0.999703 0.00283978 -0.0242048 -0.254696 -0.00300273 0.999973 -0.00669847 -0.229901 0.0241851 0.00676916 0.999685 11.8789 
0.999695 0.0019626 -0.0246278 -0.275859 -0.00190009 0.999995 0.00256162 -0.239214 0.0246327 -0.00251404 0.999693 12.647 
0.999686 0.00160437 -0.0250237 -0.300143 -0.00135339 0.999949 0.0100435 -0.246507 0.0250385 -0.0100065 0.999636 13.4313 
0.999673 0.000736798 -0.0255789 -0.323908 -0.000417568 0.999922 0.0124833 -0.249657 0.0255861 -0.0124685 0.999595 14.2278 
0.999667 -0.00118643 -0.0257657 -0.346071 0.00148166 0.999933 0.0114422 -0.25034 0.0257504 -0.0114765 0.999603 15.0394 
0.999678 -0.00160258 -0.0253182 -0.370243 0.00182963 0.999958 0.00894743 -0.249501 0.0253028 -0.00899087 0.999639 15.8674 
0.999692 0.000958879 -0.0248099 -0.39805 -0.000822193 0.999984 0.00551897 -0.250202 0.0248148 -0.00549687 0.999677 16.7125 
0.999712 -0.00222877 -0.0238862 -0.418863 0.00223008 0.999998 2.83061e-05 -0.257564 0.0238861 -8.15662e-05 0.999715 17.5718 
0.999716 -0.00512894 -0.0232655 -0.437766 0.00498378 0.999968 -0.00629283 -0.268615 0.023297 0.0061751 0.99971 18.4487 
0.999746 -0.00408656 -0.022156 -0.462847 0.00382746 0.999924 -0.0117244 -0.280137 0.0222022 0.0116366 0.999686 19.3433 
0.999753 -0.00278075 -0.0220483 -0.489605 0.0025045 0.999918 -0.0125474 -0.297131 0.0220814 0.0124891 0.999678 20.2578 
0.999748 -0.00263977 -0.0223031 -0.514457 0.00237441 0.999926 -0.0119161 -0.319209 0.0223329 0.0118602 0.99968 21.1904 
0.999749 -0.00110631 -0.0223739 -0.54238 0.000809693 0.999912 -0.0132621 -0.342922 0.0223866 0.0132407 0.999662 22.1366 
0.999752 0.00175783 -0.0221917 -0.573948 -0.00209836 0.99988 -0.0153312 -0.36595 0.0221621 0.0153739 0.999636 23.0949 
0.999736 0.00537745 -0.0223491 -0.606595 -0.00573861 0.999853 -0.0161272 -0.390487 0.0222591 0.0162511 0.99962 24.0659 
0.999727 0.00708677 -0.0222851 -0.638281 -0.00744434 0.999844 -0.0160035 -0.419613 0.0221682 0.0161651 0.999624 25.049 
0.999715 0.00782373 -0.0225324 -0.667489 -0.00818821 0.999836 -0.0161295 -0.449232 0.0224025 0.0163094 0.999616 26.0419 
0.999711 0.00789915 -0.0226928 -0.696084 -0.00826362 0.999838 -0.0160127 -0.478207 0.0225626 0.0161956 0.999614 27.0428 
0.999694 0.00884807 -0.0230946 -0.726036 -0.00919339 0.999847 -0.0148892 -0.508059 0.0229593 0.015097 0.999622 28.0536 
0.999682 0.00951531 -0.0233578 -0.757053 -0.00981955 0.999868 -0.0129454 -0.536421 0.0232316 0.0131706 0.999643 29.0748 
0.999669 0.0101094 -0.0236411 -0.787885 -0.0103887 0.999877 -0.0117232 -0.565604 0.0235197 0.011965 0.999652 30.1027 
0.999669 0.00992987 -0.0237286 -0.819213 -0.010234 0.999867 -0.0127317 -0.594841 0.0235991 0.0129703 0.999637 31.1366 
0.999651 0.0111975 -0.0239415 -0.85225 -0.0115279 0.99984 -0.0137043 -0.621479 0.0237842 0.0139755 0.999619 32.1782 
0.999646 0.0108789 -0.0242962 -0.88468 -0.0111935 0.999855 -0.0128471 -0.648579 0.0241529 0.0131145 0.999622 33.2293 
0.999641 0.010203 -0.0247775 -0.91716 -0.010458 0.999893 -0.0101843 -0.675643 0.0246709 0.0104398 0.999641 34.2885 
0.999627 0.0105424 -0.0251772 -0.95107 -0.0107091 0.999922 -0.00649501 -0.701284 0.0251068 0.00676222 0.999662 35.3565 
0.999612 0.0106454 -0.0257433 -0.985035 -0.0107569 0.999933 -0.00419625 -0.725028 0.0256969 0.00447154 0.99966 36.4318 
0.9996 0.0105751 -0.0262236 -1.01957 -0.0106772 0.999936 -0.00375492 -0.746844 0.0261822 0.00403341 0.999649 37.5122 
0.999591 0.0101556 -0.0267312 -1.05509 -0.0103001 0.999933 -0.00527156 -0.767448 0.0266759 0.00554474 0.999629 38.5993 
0.999567 0.0106955 -0.0273967 -1.09282 -0.0108585 0.999924 -0.00581087 -0.788906 0.0273325 0.00610584 0.999608 39.6924 
0.999552 0.0103705 -0.0280824 -1.12964 -0.0105032 0.999934 -0.00458289 -0.811863 0.028033 0.00487579 0.999595 40.7891 
0.999529 0.0104553 -0.0288554 -1.16779 -0.0105341 0.999941 -0.00258092 -0.835014 0.0288267 0.00288367 0.99958 41.8872 
0.999511 0.0105259 -0.0294282 -1.20686 -0.0105317 0.999945 -4.31326e-05 -0.857603 0.0294261 0.00035304 0.999567 42.9844 
0.999482 0.0118036 -0.0299496 -1.24749 -0.0118141 0.99993 -0.000171789 -0.881054 0.0299454 0.000525525 0.999551 44.0787 
0.999456 0.0130118 -0.0303037 -1.2893 -0.0131371 0.999906 -0.0039383 -0.904017 0.0302496 0.00433426 0.999533 45.1685 
0.999437 0.0142646 -0.0303671 -1.3313 -0.0145127 0.999863 -0.00796514 -0.927372 0.0302493 0.00840137 0.999507 46.2597 
0.999434 0.0146369 -0.0302893 -1.37292 -0.0148932 0.999855 -0.00825458 -0.953248 0.030164 0.00870101 0.999507 47.3553 
0.99943 0.0151554 -0.0301778 -1.4132 -0.0153285 0.999867 -0.00551428 -0.979962 0.0300902 0.00597371 0.999529 48.4553 
0.999428 0.0158363 -0.0298867 -1.45441 -0.0159458 0.999867 -0.00342976 -1.00533 0.0298284 0.00390436 0.999547 49.5554 
0.99945 0.0143218 -0.029899 -1.49197 -0.0143953 0.999894 -0.00224483 -1.02739 0.0298637 0.002674 0.99955 50.6542 
0.999462 0.0142965 -0.0295155 -1.53188 -0.0143957 0.999891 -0.00315306 -1.05195 0.0294673 0.00357626 0.999559 51.7524 
0.999485 0.0135327 -0.0291104 -1.56994 -0.0136825 0.999894 -0.00495372 -1.07451 0.0290403 0.00534947 0.999564 52.8491 
0.999491 0.0136875 -0.028822 -1.60893 -0.0138988 0.999878 -0.00714572 -1.0999 0.0287206 0.00754267 0.999559 53.9462 
0.999508 0.0126466 -0.028693 -1.64566 -0.0129266 0.99987 -0.0095957 -1.12997 0.028568 0.00996189 0.999542 55.0431 
0.99953 0.011148 -0.028561 -1.68126 -0.0115211 0.99985 -0.0129322 -1.16214 0.0284125 0.0132552 0.999508 56.1391 
0.999553 0.00950622 -0.0283487 -1.71592 -0.00992402 0.999844 -0.014634 -1.19494 0.0282052 0.0149087 0.999491 57.237 
0.999573 0.00793863 -0.028131 -1.75058 -0.0082885 0.999889 -0.0123423 -1.22822 0.0280299 0.0125701 0.999528 58.3412 
0.99959 0.00672668 -0.0278439 -1.7851 -0.00690878 0.999955 -0.00644878 -1.25866 0.0277993 0.0066385 0.999591 59.4498 
0.999605 0.00555657 -0.0275548 -1.81921 -0.00557121 0.999984 -0.000454342 -1.28423 0.0275519 0.000607676 0.99962 60.5601 
0.999618 0.0038602 -0.0273829 -1.85365 -0.00385487 0.999993 0.000247368 -1.307 0.0273837 -0.000141716 0.999625 61.6661 
0.999631 0.000653872 -0.0271489 -1.88536 -0.00072894 0.999996 -0.00275522 -1.32768 0.027147 0.002774 0.999628 62.7708 
0.999631 -0.000701431 -0.0271399 -1.91857 0.000539327 0.999982 -0.00597979 -1.34963 0.0271436 0.00596295 0.999614 63.8757 
0.999629 0.00124229 -0.0272047 -1.95693 -0.00151415 0.999949 -0.00997447 -1.37896 0.0271909 0.010012 0.99958 64.981 
0.999633 0.00146542 -0.0270358 -1.99359 -0.00185284 0.999896 -0.0143105 -1.40799 0.027012 0.0143554 0.999532 66.0874 
0.999642 0.00453431 -0.0263614 -2.03352 -0.00493004 0.999876 -0.0149662 -1.43927 0.0262903 0.0150908 0.99954 67.1998 
0.999639 0.00840546 -0.0255001 -2.07568 -0.0086949 0.999899 -0.011261 -1.47331 0.0254029 0.0114787 0.999611 68.3168 
0.999628 0.0098983 -0.0254031 -2.11304 -0.0101342 0.999907 -0.00917395 -1.50461 0.02531 0.00942798 0.999635 69.4335 
0.999633 0.00934347 -0.0254156 -2.14817 -0.00956009 0.999919 -0.00841501 -1.53304 0.0253349 0.0086549 0.999642 70.5487 
0.999647 0.00779364 -0.0254003 -2.18135 -0.00798888 0.999939 -0.00759392 -1.56269 0.0253395 0.00779416 0.999649 71.6636 
0.999647 0.00676077 -0.0256928 -2.21471 -0.00692192 0.999957 -0.00618817 -1.59113 0.0256499 0.00636383 0.999651 72.7774 
0.999648 0.00522072 -0.0259946 -2.24783 -0.00532869 0.999977 -0.00408616 -1.61803 0.0259727 0.00422324 0.999654 73.8906 
0.999637 0.00411521 -0.0266171 -2.28181 -0.00418081 0.999988 -0.00240936 -1.64459 0.0266069 0.00251976 0.999643 75.0001 
0.999625 0.00341993 -0.0271817 -2.31708 -0.00351957 0.999987 -0.00361874 -1.67218 0.0271689 0.00371305 0.999624 76.1034 
0.999608 0.00372519 -0.0277589 -2.35411 -0.00393212 0.999965 -0.00740384 -1.69923 0.0277303 0.00751008 0.999587 77.2019 
0.999587 0.00430956 -0.0284058 -2.39225 -0.00457943 0.999945 -0.00944232 -1.7269 0.0283636 0.0095685 0.999552 78.2997 
0.999559 0.00632108 -0.0290062 -2.43275 -0.00654767 0.999949 -0.00772338 -1.75657 0.0289559 0.0079099 0.999549 79.3979 
0.999538 0.0073146 -0.0294895 -2.47331 -0.00741921 0.999967 -0.00343973 -1.78359 0.0294634 0.00365693 0.999559 80.4991 
0.999512 0.00884132 -0.0299657 -2.51485 -0.00882838 0.999961 0.000564105 -1.80881 0.0299695 -0.000299281 0.999551 81.5973 
0.999487 0.00984932 -0.0304825 -2.55646 -0.00981637 0.999951 0.00123043 -1.8316 0.0304931 -0.000930566 0.999535 82.6887 
0.999469 0.00972099 -0.0311071 -2.59684 -0.00975372 0.999952 -0.000900825 -1.85203 0.0310968 0.00120376 0.999516 83.7714 
0.999453 0.00963823 -0.0316446 -2.63764 -0.00969702 0.999952 -0.00170481 -1.87314 0.0316266 0.00201074 0.999498 84.8486 
0.999441 0.00896273 -0.0321991 -2.67752 -0.00902727 0.999958 -0.00185947 -1.89767 0.032181 0.0021491 0.99948 85.9155 
0.999426 0.00788667 -0.0329393 -2.71731 -0.00794087 0.999967 -0.00151491 -1.92281 0.0329263 0.0017756 0.999456 86.9677 
0.999415 0.00664487 -0.0335587 -2.75562 -0.00665167 0.999978 -9.08231e-05 -1.9454 0.0335573 0.000313991 0.999437 88.0043 
0.999394 0.00674901 -0.0341425 -2.79631 -0.00666069 0.999974 0.00269978 -1.96955 0.0341598 -0.00247074 0.999413 89.0226 
0.99937 0.00582182 -0.0350214 -2.8365 -0.00569883 0.999977 0.00361072 -1.99197 0.0350416 -0.00340887 0.99938 90.0198 
0.999297 0.00490529 -0.0371769 -2.87705 -0.00476353 0.999981 0.00390057 -2.01239 0.0371953 -0.00372073 0.999301 90.9934 
0.999174 0.00407537 -0.0404218 -2.92083 -0.00395584 0.999988 0.00303652 -2.03313 0.0404336 -0.00287411 0.999178 91.944 
0.999034 0.00398896 -0.0437543 -2.96866 -0.00389643 0.99999 0.00219986 -2.05343 0.0437626 -0.00202725 0.99904 92.8703 
0.998895 0.00378924 -0.0468457 -3.01742 -0.0036768 0.99999 0.00248631 -2.07232 0.0468547 -0.00231132 0.998899 93.7742 
0.998739 0.00492785 -0.0499582 -3.06903 -0.00475256 0.999982 0.00362708 -2.0918 0.0499752 -0.00338508 0.998745 94.6546 
0.998582 0.00583948 -0.0529216 -3.12219 -0.00559343 0.999973 0.00479633 -2.11152 0.0529481 -0.00449351 0.998587 95.5097 
0.998414 0.00682848 -0.0558894 -3.17616 -0.00648478 0.999959 0.00632878 -2.12775 0.0559303 -0.00595631 0.998417 96.3389 
0.998248 0.00838227 -0.0585676 -3.2314 -0.00797959 0.999943 0.00710596 -2.14239 0.0586239 -0.00662617 0.998258 97.1396 
0.998078 0.0104426 -0.0610776 -3.2886 -0.00999592 0.999921 0.00761515 -2.15849 0.0611523 -0.00698999 0.998104 97.9118 
0.997891 0.0122826 -0.0637371 -3.34536 -0.0118941 0.999908 0.00647111 -2.17525 0.0638107 -0.00569937 0.997946 98.6525 
0.997706 0.0135296 -0.066325 -3.40073 -0.0133745 0.999907 0.002781 -2.19197 0.0663564 -0.00188756 0.997794 99.3602 
0.9975 0.0159465 -0.0688379 -3.45784 -0.0160424 0.999871 -0.000840106 -2.20822 0.0688156 0.00194233 0.997628 100.037 
0.99733 0.0176514 -0.0708617 -3.51311 -0.017942 0.999833 -0.00346706 -2.22328 0.0707887 0.00472921 0.99748 100.683 
0.997232 0.0196632 -0.0717073 -3.56644 -0.0200309 0.99979 -0.00441118 -2.23955 0.0716055 0.00583533 0.997416 101.302 
0.997245 0.0219911 -0.0708469 -3.61652 -0.0223247 0.999743 -0.00392026 -2.25724 0.0707425 0.0054911 0.997479 101.896 
0.99736 0.0258292 -0.0678688 -3.6644 -0.0260482 0.999658 -0.00234356 -2.27446 0.067785 0.00410524 0.997692 102.468 
0.997653 0.0284349 -0.0622889 -3.70529 -0.0285431 0.999592 -0.00084905 -2.29052 0.0622394 0.00262498 0.998058 103.016 
0.998066 0.0292779 -0.0548433 -3.73574 -0.029263 0.999571 0.00107402 -2.30372 0.0548512 0.000532938 0.998494 103.543 
0.998553 0.0291815 -0.0451683 -3.75619 -0.0290532 0.999572 0.00349641 -2.31452 0.045251 -0.00217907 0.998973 104.049 
0.999029 0.0287756 -0.0333647 -3.76831 -0.0286364 0.999579 0.00464103 -2.32603 0.0334842 -0.00368108 0.999432 104.533 
0.999409 0.0279681 -0.0199896 -3.77164 -0.0278787 0.9996 0.00473732 -2.33783 0.0201141 -0.00417723 0.999789 104.994 
0.999602 0.0277822 -0.00487241 -3.7663 -0.0277634 0.999607 0.00387859 -2.34976 0.00497825 -0.00374177 0.999981 105.437 
0.999565 0.0264403 0.0130865 -3.74992 -0.0264535 0.99965 0.000832757 -2.36251 -0.0130599 -0.00117858 0.999914 105.868 
0.999078 0.0259076 0.0342443 -3.72232 -0.0257922 0.99966 -0.00380697 -2.37424 -0.0343312 0.00292022 0.999406 106.29 
0.998001 0.0238761 0.0585143 -3.68031 -0.0234113 0.999689 -0.00861502 -2.38556 -0.0587018 0.0072279 0.998249 106.703 
0.99609 0.0216 0.085661 -3.6246 -0.0206982 0.999721 -0.0114017 -2.39746 -0.0858834 0.00958406 0.996259 107.109 
0.993129 0.0189542 0.115483 -3.55435 -0.0176031 0.999764 -0.0127084 -2.40939 -0.115696 0.0105883 0.993228 107.506 
0.988866 0.0166914 0.147866 -3.46995 -0.0146815 0.999785 -0.0146738 -2.42265 -0.14808 0.0123395 0.988898 107.893 
0.982918 0.014267 0.183488 -3.37041 -0.0114673 0.999801 -0.0163106 -2.43686 -0.183685 0.0139279 0.982887 108.274 
0.975003 0.0109959 0.221918 -3.25393 -0.00745888 0.999832 -0.01677 -2.45269 -0.222065 0.0146955 0.974921 108.645 
0.96503 0.0088606 0.261991 -3.12359 -0.00438039 0.999834 -0.0176797 -2.46908 -0.262105 0.0159138 0.964908 109.008 
0.952737 0.00974681 0.30364 -2.98225 -0.00426612 0.999816 -0.0187081 -2.48645 -0.303767 0.0165285 0.952603 109.361 
0.937395 0.0118586 0.348066 -2.82901 -0.00549334 0.999799 -0.0192686 -2.50187 -0.348225 0.0161503 0.937272 109.704 
0.919536 0.0119078 0.392826 -2.6564 -0.00520181 0.999822 -0.0181314 -2.51479 -0.392972 0.0146291 0.919434 110.037 
0.899184 0.0112269 0.437427 -2.46673 -0.00420882 0.999846 -0.0170101 -2.52801 -0.437551 0.0134541 0.899093 110.357 
0.875913 0.010015 0.482364 -2.2635 -0.0017689 0.999844 -0.0175469 -2.54367 -0.482465 0.0145163 0.875795 110.662 
0.850599 0.0104834 0.525711 -2.04624 -0.000205341 0.999808 -0.0196053 -2.56149 -0.525816 0.0165683 0.850437 110.951 
0.822867 0.0125896 0.568095 -1.815 0.000556986 0.999736 -0.022962 -2.57971 -0.568234 0.0192111 0.822643 111.231 
0.79211 0.0173052 0.610133 -1.56955 -0.000732348 0.999624 -0.0274015 -2.5959 -0.610378 0.0212582 0.791825 111.503 
0.758124 0.0234528 0.651689 -1.30754 -0.00399733 0.999501 -0.0313196 -2.60976 -0.652098 0.0211391 0.75784 111.768 
0.720828 0.0280854 0.692545 -1.02694 -0.00629091 0.999403 -0.0339818 -2.62416 -0.693085 0.0201383 0.720574 112.02 
0.68153 0.0283262 0.731242 -0.722197 -0.00416606 0.999385 -0.0348304 -2.6417 -0.731778 0.0206916 0.681229 112.252 
0.640475 0.0257584 0.767547 -0.396308 -0.000297588 0.999446 -0.0332925 -2.65893 -0.767979 0.0210946 0.640128 112.467 
0.596381 0.0237629 0.80235 -0.0545661 0.00103009 0.999538 -0.0303686 -2.67395 -0.802701 0.0189377 0.596081 112.675 
0.550045 0.0222739 0.834838 0.303074 0.00179019 0.999611 -0.0278496 -2.68796 -0.835133 0.0168131 0.549791 112.868 
0.502209 0.0196502 0.864523 0.67846 0.00335436 0.99969 -0.0246711 -2.70563 -0.86474 0.01529 0.501988 113.039 
0.451593 0.0158331 0.892084 1.07147 0.00585425 0.999768 -0.0207078 -2.72349 -0.892205 0.014574 0.451396 113.193 
0.400015 0.0158794 0.916371 1.47319 0.00351263 0.999816 -0.0188587 -2.74173 -0.916502 0.0107626 0.399885 113.333 
0.348963 0.0207331 0.936907 1.88781 6.47291e-05 0.999755 -0.0221479 -2.75883 -0.937137 0.00778946 0.348876 113.457 
0.298574 0.0258153 0.954037 2.31632 -0.000177488 0.999636 -0.0269936 -2.77119 -0.954387 0.00789024 0.298469 113.559 
0.25187 0.0278697 0.96736 2.76278 0.00141669 0.999574 -0.0291667 -2.78726 -0.96776 0.00871665 0.251723 113.642 
0.210667 0.0274308 0.977173 3.22513 0.00874698 0.999513 -0.0299437 -2.80654 -0.977519 0.0148555 0.210325 113.702 
0.175645 0.0272713 0.984076 3.70149 0.0166916 0.99939 -0.0306749 -2.8228 -0.984312 0.0218137 0.175083 113.747 
0.145356 0.0286029 0.988966 4.19436 0.0211981 0.999263 -0.0320163 -2.83648 -0.989152 0.0256179 0.144642 113.79 
0.117341 0.0270834 0.992722 4.70521 0.0191897 0.99938 -0.0295333 -2.8566 -0.992906 0.0225155 0.116749 113.838 
0.0918696 0.0235848 0.995492 5.23532 0.0129248 0.999607 -0.024875 -2.87414 -0.995687 0.0151518 0.0915286 113.883 
0.0679717 0.0195302 0.997496 5.78603 0.00818712 0.999764 -0.0201324 -2.89333 -0.997654 0.00953506 0.0677957 113.916 
0.0454105 0.017077 0.998822 6.35631 0.0122247 0.99977 -0.017649 -2.91545 -0.998894 0.0130117 0.0451912 113.926 
0.0253354 0.0177615 0.999521 6.94452 0.0200384 0.999632 -0.0182714 -2.93653 -0.999478 0.0204917 0.0249701 113.917 
0.00806022 0.0202319 0.999763 7.55033 0.0251579 0.999475 -0.0204289 -2.95546 -0.999651 0.0253166 0.00754699 113.903 
-0.00627765 0.025716 0.99965 8.17114 0.0256834 0.999344 -0.0255468 -2.96895 -0.99965 0.0255141 -0.00693401 113.893 
-0.0172501 0.0303755 0.99939 8.81482 0.0230025 0.999286 -0.0299753 -2.98434 -0.999587 0.0224714 -0.0179365 113.885 
-0.0235981 0.0300923 0.999269 9.48055 0.0253495 0.999243 -0.0294929 -3.00546 -0.9994 0.024635 -0.0243431 113.865 
-0.0261365 0.0269262 0.999296 10.1718 0.0313765 0.999167 -0.026102 -3.03091 -0.999166 0.0306722 -0.0269596 113.837 
-0.0256046 0.0252669 0.999353 10.8772 0.0329691 0.999158 -0.0244172 -3.05499 -0.999128 0.0323226 -0.026416 113.817 
-0.0237119 0.0248934 0.999409 11.6008 0.0317522 0.999204 -0.0241349 -3.08113 -0.999214 0.0311611 -0.0244834 113.806 
-0.0222872 0.0251712 0.999435 12.3399 0.0280776 0.999304 -0.0245418 -3.10818 -0.999357 0.0275148 -0.0229785 113.801 
-0.0211476 0.0264379 0.999427 13.0984 0.0271542 0.999297 -0.0258599 -3.13187 -0.999408 0.0265918 -0.0218506 113.791 
-0.0201481 0.027256 0.999425 13.8729 0.0268482 0.999283 -0.0267109 -3.15913 -0.999436 0.0262946 -0.0208654 113.779 
-0.0193288 0.0267674 0.999455 14.6635 0.0264083 0.999306 -0.0262527 -3.18806 -0.999464 0.0258864 -0.0200223 113.768 
-0.0187267 0.0253994 0.999502 15.4692 0.0253491 0.999368 -0.024921 -3.2174 -0.999503 0.0248698 -0.0193588 113.76 
-0.0182651 0.0241145 0.999542 16.2855 0.0261183 0.999379 -0.0236333 -3.24691 -0.999492 0.0256747 -0.0188836 113.747 
-0.0188404 0.0218991 0.999583 17.1133 0.0266933 0.999415 -0.0213923 -3.27608 -0.999466 0.0262791 -0.0194139 113.734 
-0.0199975 0.0201488 0.999597 17.947 0.0242553 0.999512 -0.0196618 -3.30618 -0.999506 0.0238524 -0.0204765 113.725 
-0.0211254 0.01908 0.999595 18.7873 0.0233504 0.999555 -0.0185858 -3.3346 -0.999504 0.0229483 -0.0215615 113.713 
-0.0222793 0.0165687 0.999614 19.6379 0.0257786 0.99954 -0.0159929 -3.35992 -0.999419 0.0254123 -0.0226961 113.693 
-0.0234557 0.0149997 0.999612 20.4983 0.0271288 0.999529 -0.0143619 -3.38565 -0.999357 0.0267814 -0.0238516 113.673 
-0.025266 0.0140231 0.999582 21.3662 0.0242858 0.999615 -0.0134097 -3.41611 -0.999386 0.0239369 -0.0255968 113.661 
-0.0261991 0.018809 0.99948 22.2368 0.0215619 0.999601 -0.018246 -3.44125 -0.999424 0.0210727 -0.0265942 113.647 
-0.0269593 0.0234879 0.999361 23.1139 0.0228474 0.999477 -0.0228743 -3.46883 -0.999375 0.0222161 -0.0274819 113.626 
-0.0280541 0.0251056 0.999291 23.9999 0.0230559 0.999435 -0.0244619 -3.50016 -0.99934 0.0223533 -0.0286171 113.605 
-0.029525 0.022881 0.999302 24.8926 0.0195718 0.99956 -0.0223087 -3.53355 -0.999372 0.0188995 -0.0299599 113.589 
-0.0306673 0.0186489 0.999356 25.7887 0.0165995 0.999698 -0.0181459 -3.56687 -0.999392 0.0160324 -0.0309676 113.573 
-0.0309558 0.0133864 0.999431 26.6853 0.0150443 0.999803 -0.0129254 -3.5976 -0.999408 0.0146356 -0.0311511 113.553 
-0.0313962 0.00776657 0.999477 27.5825 0.0114734 0.999907 -0.0074095 -3.62236 -0.999441 0.0112347 -0.0314824 113.536 
-0.0313913 0.00648247 0.999486 28.4714 0.008787 0.999942 -0.00620945 -3.65028 -0.999469 0.00858756 -0.0314465 113.519 
-0.0304711 0.0132993 0.999447 29.3486 0.0117703 0.999847 -0.0129458 -3.68221 -0.999466 0.0113693 -0.030623 113.495 
-0.0293681 0.0244813 0.999269 30.2175 0.014131 0.99961 -0.0240744 -3.70988 -0.999469 0.0134137 -0.0297026 113.471 
-0.0288229 0.0297324 0.999142 31.0954 0.0161265 0.999441 -0.0292761 -3.73704 -0.999454 0.0152689 -0.0292862 113.449 
-0.0274902 0.0241458 0.99933 31.9794 0.0176923 0.999563 -0.0236647 -3.7737 -0.999465 0.0170299 -0.0279054 113.427 
-0.0265433 0.0163842 0.999513 32.8653 0.0207259 0.99966 -0.0158362 -3.80892 -0.999433 0.0202955 -0.0268739 113.404 
-0.0261571 0.0134246 0.999568 33.7374 0.0219443 0.999677 -0.0128518 -3.84014 -0.999417 0.0215986 -0.0264433 113.384 
-0.0263595 0.0140257 0.999554 34.6028 0.0207401 0.999694 -0.0134808 -3.86951 -0.999437 0.0203755 -0.0266423 113.368 
-0.0274159 0.0149129 0.999513 35.4613 0.0177297 0.999739 -0.01443 -3.89889 -0.999467 0.0173254 -0.0276731 113.354 
-0.0293458 0.0150596 0.999456 36.3149 0.0156644 0.999771 -0.0146044 -3.92709 -0.999447 0.0152273 -0.029575 113.337 
-0.0315327 0.0149592 0.999391 37.1646 0.0152285 0.999779 -0.0144845 -3.95718 -0.999387 0.0147625 -0.0317536 113.316 
-0.0337374 0.0152427 0.999314 38.0105 0.0141032 0.999791 -0.0147739 -3.98745 -0.999331 0.0135951 -0.0339453 113.294 
-0.0358702 0.0155755 0.999235 38.8512 0.0124311 0.999808 -0.0151382 -4.01568 -0.999279 0.0118785 -0.0360569 113.272 
-0.0379373 0.0146538 0.999173 39.6854 0.0106529 0.999842 -0.0142591 -4.04352 -0.999223 0.0101031 -0.0380873 113.248 
-0.0400654 0.0135169 0.999106 40.5127 0.0112539 0.999851 -0.0130757 -4.07322 -0.999134 0.0107199 -0.0402115 113.22 
-0.0419786 0.0136209 0.999026 41.3315 0.0110527 0.999852 -0.0131677 -4.10174 -0.999057 0.0104891 -0.0421229 113.191 
-0.0438573 0.0146421 0.998931 42.1456 0.0109539 0.99984 -0.0141745 -4.12794 -0.998978 0.0103206 -0.0440106 113.161 
-0.0447784 0.0148081 0.998887 42.9543 0.0114452 0.999832 -0.014309 -4.15491 -0.998931 0.0107917 -0.0449404 113.128 
-0.0460231 0.0136165 0.998848 43.7621 0.0133674 0.999826 -0.0130139 -4.18301 -0.998851 0.012753 -0.0461971 113.093 
-0.0475361 0.0129409 0.998786 44.5636 0.0136133 0.999832 -0.0123066 -4.21088 -0.998777 0.0130118 -0.0477042 113.059 
-0.0488168 0.0124728 0.99873 45.3575 0.0123063 0.999854 -0.0118853 -4.23776 -0.998732 0.0117105 -0.0489632 113.027 
-0.050114 0.0115293 0.998677 46.1396 0.0105791 0.999883 -0.0110124 -4.26314 -0.998687 0.0100132 -0.0502301 112.996 
-0.0509999 0.0103281 0.998645 46.9027 0.0095047 0.999906 -0.00985579 -4.28719 -0.998653 0.00898918 -0.0510933 112.964 
-0.0517328 0.0100921 0.99861 47.6452 0.00983898 0.999906 -0.00959553 -4.31195 -0.998612 0.0093289 -0.0518272 112.931 
-0.0519564 0.0126254 0.99857 48.3765 0.0100251 0.999876 -0.0121203 -4.33785 -0.998599 0.00938101 -0.0520765 112.898 
-0.0520944 0.0153618 0.998524 49.1038 0.0101195 0.999838 -0.014854 -4.36351 -0.998591 0.00933071 -0.0522415 112.866 
-0.0522637 0.0170145 0.998488 49.8278 0.00830245 0.999828 -0.0166028 -4.38815 -0.998599 0.00742217 -0.052396 112.837 
-0.0523844 0.0178861 0.998467 50.548 0.00899628 0.999807 -0.0174382 -4.41427 -0.998586 0.00806899 -0.0525352 112.804 
-0.0523558 0.0177219 0.998471 51.2637 0.010418 0.999798 -0.0171991 -4.44004 -0.998574 0.00950165 -0.0525298 112.769 
-0.0526072 0.0172781 0.998466 51.9752 0.011227 0.999797 -0.0167096 -4.46475 -0.998552 0.0103307 -0.0527906 112.734 
-0.0530477 0.01732 0.998442 52.6846 0.0073591 0.999829 -0.0169531 -4.48967 -0.998565 0.0064483 -0.0531661 112.709 
-0.0528853 0.0175081 0.998447 53.3866 0.00492794 0.999839 -0.0172714 -4.51763 -0.998588 0.00400689 -0.052963 112.682 
-0.0528106 0.0162128 0.998473 54.0872 0.00705117 0.999849 -0.0158622 -4.54277 -0.99858 0.00620271 -0.052917 112.647 
-0.0538246 0.0156502 0.998428 54.7834 0.00735631 0.999856 -0.015276 -4.56544 -0.998523 0.00652252 -0.053932 112.613 
-0.0574217 0.0151027 0.998236 55.4763 0.00418136 0.99988 -0.014887 -4.59058 -0.998341 0.00331914 -0.057478 112.583 
-0.0628083 0.0145751 0.997919 56.1651 0.000298879 0.999894 -0.0145852 -4.61618 -0.998026 -0.000617812 -0.062806 112.552 
-0.0686237 0.0184772 0.997471 56.8465 0.00405585 0.999825 -0.0182418 -4.63942 -0.997634 0.00279377 -0.0686867 112.503 
-0.0751128 0.0213285 0.996947 57.5293 0.00644291 0.999761 -0.0209033 -4.66165 -0.997154 0.00485314 -0.0752323 112.447 
-0.0824183 0.0229291 0.996334 58.2192 0.00559109 0.99973 -0.0225448 -4.68634 -0.996582 0.00371249 -0.0825243 112.393 
-0.0887511 0.0220992 0.995809 58.9163 0.00184729 0.999756 -0.0220222 -4.71229 -0.996052 -0.000114943 -0.0887702 112.339 
-0.0941847 0.0208007 0.995337 59.6181 0.00139041 0.999783 -0.020762 -4.73962 -0.995554 -0.00057154 -0.0941933 112.277 
-0.0987575 0.0214093 0.994881 60.3239 -0.000912129 0.999766 -0.0216049 -4.76455 -0.995111 -0.00304111 -0.0987148 112.213 
-0.102857 0.020741 0.99448 61.0375 -0.00315324 0.999771 -0.0211775 -4.78833 -0.994691 -0.00531409 -0.102768 112.147 
-0.105429 0.0175795 0.994271 61.7599 -0.00260439 0.999835 -0.0179541 -4.81102 -0.994423 -0.00448234 -0.105365 112.074 
-0.107152 0.0145378 0.994136 62.4914 -0.000644868 0.999892 -0.0146915 -4.83422 -0.994242 -0.00221531 -0.107131 111.996 
-0.108729 0.0116914 0.994003 63.2292 -0.000986366 0.999929 -0.011869 -4.85904 -0.994071 -0.00227096 -0.10871 111.921 
-0.110081 0.0113934 0.993857 63.9729 -0.00195493 0.99993 -0.0116795 -4.87872 -0.993921 -0.00322862 -0.110051 111.847 
-0.110585 0.0151962 0.993751 64.7203 -9.64352e-05 0.999883 -0.0153007 -4.89956 -0.993867 -0.00178785 -0.11057 111.767 
-0.110742 0.0192373 0.993663 65.4726 0.00584013 0.999808 -0.0187054 -4.92291 -0.993832 0.00373164 -0.110833 111.679 
-0.11126 0.0241222 0.993499 66.2294 0.013231 0.999653 -0.0227899 -4.95 -0.993703 0.0106094 -0.11154 111.587 
-0.112002 0.0253262 0.993385 66.9934 0.0139145 0.999617 -0.0239163 -4.97454 -0.993611 0.0111438 -0.112311 111.503 
-0.11244 0.0230583 0.993391 67.7626 0.0118665 0.999691 -0.0218614 -5.00224 -0.993588 0.00933001 -0.112678 111.425 
-0.112296 0.018143 0.993509 68.5322 0.0122653 0.999782 -0.0168712 -5.03063 -0.993599 0.0102911 -0.112494 111.343 
-0.112416 0.0161185 0.993531 69.2968 0.0144211 0.99979 -0.0145883 -5.05879 -0.993557 0.0126878 -0.112624 111.257 
-0.113406 0.0157376 0.993424 70.0573 0.0145952 0.999793 -0.0141723 -5.08577 -0.993442 0.012892 -0.113612 111.174 
-0.115168 0.016681 0.993206 70.8157 0.0132526 0.999796 -0.015255 -5.11139 -0.993258 0.0114057 -0.115366 111.094 
-0.117372 0.0173143 0.992937 71.5736 0.0124423 0.999795 -0.0159631 -5.13672 -0.99301 0.0104808 -0.117563 111.011 
-0.119482 0.0175027 0.992682 72.3306 0.0136101 0.99978 -0.0159897 -5.16268 -0.992743 0.0116 -0.119694 110.922 
-0.121314 0.0176129 0.992458 73.0904 0.0139739 0.999774 -0.0160347 -5.18833 -0.992516 0.0119233 -0.121533 110.832 
-0.123335 0.0172678 0.992215 73.8527 0.0137072 0.999783 -0.0156957 -5.21349 -0.99227 0.0116646 -0.123545 110.742 
-0.12498 0.0176041 0.992003 74.6185 0.011595 0.9998 -0.0162816 -5.23804 -0.992091 0.00946739 -0.12516 110.653 
-0.126101 0.0191236 0.991833 75.3882 0.0117539 0.999773 -0.0177823 -5.26414 -0.991948 0.00941555 -0.126297 110.56 
-0.126969 0.019486 0.991715 76.163 0.0105688 0.999777 -0.0182913 -5.28938 -0.99185 0.00815879 -0.127147 110.468 
-0.128303 0.019836 0.991537 76.9423 0.0104226 0.999772 -0.0186521 -5.31343 -0.99168 0.00794126 -0.12848 110.374 
-0.129357 0.0181131 0.991433 77.7291 0.0108584 0.999799 -0.0168492 -5.33979 -0.991539 0.00858576 -0.129527 110.275 
-0.130439 0.0157364 0.991331 78.5226 0.00847387 0.999855 -0.0147567 -5.36474 -0.99142 0.00647556 -0.130553 110.179 
-0.132279 0.0136566 0.991119 79.3213 0.00547 0.9999 -0.0130476 -5.38757 -0.991197 0.00369551 -0.13234 110.082 
-0.13434 0.0130994 0.990849 80.1228 0.00682183 0.999901 -0.0122942 -5.41219 -0.990912 0.0051078 -0.134416 109.977 
-0.136142 0.0137215 0.990594 80.93 0.00793826 0.999887 -0.0127592 -5.43609 -0.990658 0.00612653 -0.136236 109.868 
-0.138395 0.0150149 0.990263 81.7432 0.00731249 0.999873 -0.0141387 -5.45866 -0.99035 0.00528456 -0.138487 109.76 
-0.139878 0.0185473 0.989995 82.5598 0.00889286 0.999808 -0.0174747 -5.48453 -0.990129 0.00635955 -0.140016 109.648 
-0.140239 0.0224593 0.989863 83.3804 0.0108907 0.999717 -0.0211399 -5.51284 -0.990058 0.00781567 -0.140444 109.532 
-0.141334 0.0264406 0.989609 84.2084 0.0120923 0.999615 -0.0249809 -5.54196 -0.989888 0.00843602 -0.141599 109.416 
-0.140898 0.0275164 0.989642 85.0432 0.0142614 0.999566 -0.0257619 -5.5734 -0.989921 0.0104839 -0.141229 109.297 
-0.140415 0.0269006 0.989727 85.8865 0.0179969 0.999535 -0.0246139 -5.6069 -0.989929 0.0143559 -0.140834 109.175 
-0.140344 0.0249386 0.989789 86.7383 0.0184671 0.999575 -0.0225667 -5.64025 -0.989931 0.0151114 -0.140745 109.059 
-0.139635 0.0233614 0.989927 87.5958 0.0177362 0.99962 -0.0210884 -5.6713 -0.990044 0.0146129 -0.139996 108.945 
-0.137893 0.0208759 0.990227 88.4572 0.0166105 0.999686 -0.0187622 -5.70287 -0.990308 0.013861 -0.138196 108.832 
-0.136198 0.0176599 0.990524 89.3232 0.0171039 0.999734 -0.0154723 -5.73204 -0.990534 0.0148345 -0.136464 108.717 
-0.134542 0.014327 0.990804 90.1926 0.0175548 0.999773 -0.0120729 -5.75923 -0.990752 0.0157691 -0.134763 108.603 
-0.132946 0.0140785 0.991023 91.0617 0.0157869 0.999802 -0.0120854 -5.78836 -0.990998 0.0140385 -0.133142 108.495 
-0.131431 0.0183019 0.991156 91.9284 0.0169658 0.999725 -0.0162104 -5.81808 -0.99118 0.0146852 -0.131705 108.385 
-0.129544 0.0246047 0.991268 92.7976 0.0176081 0.999592 -0.0225101 -5.84693 -0.991417 0.0145383 -0.129924 108.276 
-0.128091 0.0281276 0.991363 93.67 0.0154984 0.999532 -0.0263569 -5.87678 -0.991641 0.0119885 -0.128468 108.171 
-0.126577 0.0255542 0.991628 94.5502 0.0141041 0.999613 -0.0239597 -5.91121 -0.991857 0.0109533 -0.126888 108.067 
-0.125632 0.0229975 0.99181 95.4342 0.0143661 0.999669 -0.0213599 -5.94601 -0.991973 0.0115649 -0.125921 107.962 
-0.125018 0.0214474 0.991923 96.3155 0.0154554 0.999687 -0.0196674 -5.97915 -0.992034 0.0128717 -0.125311 107.855 
-0.124324 0.0211079 0.992017 97.1977 0.0147245 0.999703 -0.0194261 -6.01157 -0.992132 0.0121919 -0.124598 107.751 
-0.123851 0.021094 0.992077 98.0783 0.0140393 0.999711 -0.0195037 -6.04529 -0.992201 0.0115125 -0.124112 107.648 
-0.123173 0.0193195 0.992197 98.9611 0.0166067 0.999711 -0.0174042 -6.07629 -0.992246 0.0143334 -0.123458 107.541 
-0.122051 0.018612 0.992349 99.8421 0.0191246 0.999683 -0.0163974 -6.10913 -0.99234 0.0169769 -0.122369 107.433 
-0.121431 0.0198553 0.992401 100.718 0.0211559 0.999625 -0.0174112 -6.14139 -0.992374 0.0188809 -0.121805 107.329 
-0.120679 0.0220284 0.992447 101.592 0.021812 0.999571 -0.0195343 -6.17346 -0.992452 0.0192899 -0.121108 107.227 
-0.119866 0.0235395 0.992511 102.463 0.0189348 0.999591 -0.0214207 -6.20481 -0.992609 0.0162254 -0.120263 107.13 
-0.119548 0.0191948 0.992643 103.335 0.0137981 0.999749 -0.0176704 -6.237 -0.992733 0.0115842 -0.119782 107.039 
-0.119812 0.0170967 0.992649 104.203 0.0090661 0.999829 -0.0161261 -6.27191 -0.992755 0.00706735 -0.119947 106.948 
-0.120987 0.0174123 0.992501 105.063 0.00574957 0.999842 -0.0168402 -6.30592 -0.992637 0.003669 -0.121068 106.855 
-0.122314 0.0220328 0.992247 105.914 0.00269597 0.999757 -0.0218673 -6.33791 -0.992488 3.89544e-07 -0.122344 106.762 
-0.123187 0.0245382 0.99208 106.762 0.00187188 0.999698 -0.0244942 -6.37064 -0.992382 -0.0011603 -0.123196 106.664 
-0.123611 0.0249037 0.992018 107.607 0.00257111 0.99969 -0.0247759 -6.40704 -0.992327 -0.000511992 -0.123637 106.564 
-0.124079 0.0242747 0.991975 108.448 0.00389047 0.999705 -0.0239773 -6.44534 -0.992265 0.000884167 -0.124137 106.463 
-0.12471 0.0249319 0.99188 109.281 0.00512232 0.999687 -0.0244841 -6.48313 -0.99218 0.00202732 -0.124798 106.362 
-0.125192 0.0280735 0.991735 110.106 0.00647108 0.999601 -0.0274793 -6.52201 -0.992111 0.0029774 -0.125324 106.262 
-0.125785 0.029385 0.991622 110.927 0.00601865 0.999565 -0.0288569 -6.56062 -0.992039 0.00233847 -0.125907 106.163 
-0.12702 0.0296863 0.991456 111.745 0.00429505 0.999559 -0.0293787 -6.59878 -0.991891 0.000526673 -0.127092 106.066 
-0.129259 0.0284509 0.991203 112.558 0.0026199 0.999595 -0.0283501 -6.63871 -0.991607 -0.00106764 -0.129281 105.969 
-0.132409 0.0295405 0.990755 113.363 0.0024526 0.999562 -0.0294754 -6.68054 -0.991192 -0.00147289 -0.132424 105.867 
-0.13562 0.0321505 0.990239 114.16 0.00210171 0.99948 -0.0321627 -6.72047 -0.990759 -0.00228071 -0.135617 105.764 
-0.138993 0.0334372 0.989729 114.956 0.000478293 0.999432 -0.0336979 -6.75936 -0.990293 -0.00421039 -0.13893 105.66 
-0.142277 0.0334847 0.98926 115.747 0.000865124 0.999431 -0.0337045 -6.80025 -0.989826 -0.00393956 -0.142225 105.552 
-0.145119 0.0320821 0.988894 116.536 0.00211871 0.999482 -0.0321147 -6.84207 -0.989412 -0.00256528 -0.145112 105.44 
-0.147716 0.0329585 0.988481 117.32 0.00360341 0.999456 -0.032786 -6.88312 -0.989023 -0.00128109 -0.147754 105.325 
-0.14968 0.0372371 0.988033 118.098 -0.00101703 0.999284 -0.0378153 -6.92713 -0.988734 -0.00666505 -0.149535 105.219 
-0.151446 0.0440621 0.987483 118.87 -0.00332791 0.998978 -0.0450854 -6.97426 -0.98846 -0.0101143 -0.151144 105.111 
-0.154046 0.0470759 0.986942 119.643 0.00106735 0.998872 -0.0474783 -7.01601 -0.988063 -0.00626042 -0.153922 104.989 
-0.156827 0.045406 0.986582 120.419 0.00316575 0.998961 -0.0454725 -7.05912 -0.987621 -0.00400802 -0.156807 104.866 
-0.160283 0.0375106 0.986358 121.198 0.00146084 0.999286 -0.0377649 -7.10906 -0.98707 -0.00461216 -0.160224 104.749 
-0.162533 0.0352458 0.986073 121.969 0.000322787 0.999364 -0.0356676 -7.15729 -0.986703 -0.00547889 -0.162441 104.629 
-0.164242 0.038197 0.98568 122.73 -9.37525e-05 0.999249 -0.0387385 -7.19932 -0.98642 -0.00645489 -0.164115 104.506 
-0.167001 0.0415879 0.985079 123.489 -0.00267112 0.999087 -0.0426321 -7.24142 -0.985953 -0.00975087 -0.166737 104.386 
-0.16956 0.0440396 0.984535 124.243 -0.00320087 0.998971 -0.0452366 -7.28789 -0.985515 -0.0108217 -0.169245 104.264 
-0.171437 0.0482332 0.984014 124.991 0.000677513 0.998806 -0.0488403 -7.33948 -0.985195 -0.00770634 -0.171265 104.133 
-0.173442 0.0526872 0.983434 125.736 0.00090616 0.998576 -0.0533386 -7.3887 -0.984844 -0.00836 -0.173243 104.005 
-0.176516 0.0548609 0.982768 126.48 4.2366e-05 0.998446 -0.0557285 -7.43702 -0.984298 -0.00979531 -0.176244 103.881 
-0.178666 0.0523584 0.982516 127.225 0.000953986 0.998592 -0.0530416 -7.48931 -0.983909 -0.00853942 -0.178464 103.749 
-0.182635 0.0488579 0.981966 127.967 0.00501491 0.998798 -0.0487626 -7.54189 -0.983168 -0.00398128 -0.18266 103.609 
-0.18827 0.0474303 0.980971 128.704 0.00729582 0.998873 -0.0468956 -7.59149 -0.98209 -0.00167203 -0.188404 103.468 
-0.194568 0.0460286 0.979808 129.438 0.00597684 0.998935 -0.0457403 -7.64042 -0.980871 -0.00304346 -0.194636 103.328 
-0.203078 0.0462943 0.978068 130.167 0.0049876 0.998918 -0.0462456 -7.68813 -0.97915 -0.00451326 -0.203089 103.182 
-0.21366 0.0466661 0.975793 130.892 0.00422851 0.998893 -0.046845 -7.73581 -0.976899 -0.00588274 -0.213621 103.027 
-0.225515 0.0475842 0.973077 131.613 0.0047421 0.998848 -0.0477454 -7.78288 -0.974228 -0.0061529 -0.225481 102.861 
-0.237879 0.0483854 0.970089 132.33 0.00569403 0.998811 -0.0484217 -7.82961 -0.971278 -0.00599479 -0.237871 102.684 
-0.249505 0.0484672 0.96716 133.042 0.00878078 0.998819 -0.0477885 -7.87676 -0.968334 -0.00343106 -0.249636 102.495 
-0.260491 0.0485466 0.964255 133.749 0.0120893 0.998821 -0.0470209 -7.92478 -0.965401 -0.000591356 -0.260771 102.298 
-0.270502 0.0486093 0.961491 134.453 0.0161636 0.998813 -0.0459487 -7.97125 -0.962584 0.00311198 -0.270967 102.093 
-0.279182 0.0493247 0.95897 135.151 0.02204 0.998746 -0.0449541 -8.01711 -0.959985 0.00858529 -0.279919 101.881 
-0.286681 0.0494554 0.956749 135.845 0.0271936 0.998684 -0.0434748 -8.0619 -0.95764 0.013554 -0.287649 101.664 
-0.293031 0.0495684 0.954817 136.535 0.0274017 0.99868 -0.043436 -8.10752 -0.95571 0.0134355 -0.294003 101.453 
-0.297703 0.0476602 0.953468 137.224 0.0310032 0.998709 -0.0402414 -8.14862 -0.954155 0.0175805 -0.298796 101.235 
-0.299687 0.0451378 0.952969 137.909 0.0371171 0.998676 -0.0356303 -8.18739 -0.953315 0.0246935 -0.300965 101.011 
-0.300583 0.0439143 0.952744 138.587 0.0434627 0.998532 -0.0323127 -8.22554 -0.952765 0.0316962 -0.30205 100.787 
-0.3015 0.0423189 0.952527 139.262 0.0457176 0.998507 -0.0298909 -8.26604 -0.952369 0.0345351 -0.302985 100.573 
-0.301119 0.0478652 0.952385 139.925 0.0481548 0.998228 -0.034944 -8.30161 -0.95237 0.0353396 -0.30289 100.362 
-0.299788 0.0510824 0.952637 140.587 0.0479738 0.998109 -0.0384237 -8.33763 -0.952799 0.0341827 -0.301672 100.156 
-0.298983 0.0510217 0.952893 141.247 0.0499908 0.998036 -0.0377535 -8.3735 -0.952948 0.0363483 -0.300946 99.9491 
-0.297214 0.0494952 0.953527 141.903 0.0513192 0.99804 -0.0358096 -8.40852 -0.953431 0.0382911 -0.299172 99.744 
-0.295295 0.0467024 0.954264 142.555 0.0531875 0.998059 -0.032387 -8.45042 -0.953924 0.0411912 -0.297206 99.5412 
-0.293883 0.047256 0.954672 143.2 0.0539395 0.998005 -0.0327964 -8.48778 -0.954318 0.0418563 -0.295846 99.3451 
-0.291401 0.0496395 0.955312 143.837 0.0551388 0.997864 -0.0350315 -8.52173 -0.955011 0.0424666 -0.293516 99.1521 
-0.287118 0.0513508 0.956518 144.471 0.0567276 0.997721 -0.0365349 -8.55638 -0.956214 0.0437711 -0.289377 98.9627 
-0.281744 0.0504287 0.958163 145.103 0.057882 0.997692 -0.0354892 -8.59186 -0.957742 0.0454615 -0.284013 98.7787 
-0.27624 0.0487294 0.959853 145.732 0.0593568 0.997672 -0.0335669 -8.62845 -0.959254 0.0477012 -0.278489 98.5997 
-0.271538 0.0467381 0.961292 146.357 0.0591209 0.997744 -0.0318104 -8.66435 -0.96061 0.0481948 -0.273689 98.4268 
-0.26754 0.0458232 0.962456 146.976 0.0590129 0.997773 -0.0311005 -8.6996 -0.961738 0.0484767 -0.269649 98.2591 
-0.263615 0.0443915 0.963606 147.588 0.0598268 0.99777 -0.0295984 -8.73129 -0.962771 0.0498469 -0.265683 98.0938 
-0.259709 0.0429376 0.964732 148.197 0.0630646 0.997633 -0.0274247 -8.76043 -0.963625 0.053718 -0.261802 97.9282 
-0.255893 0.0413597 0.96582 148.802 0.0651285 0.997552 -0.0254628 -8.78837 -0.964509 0.0563866 -0.25796 97.7656 
-0.252738 0.039833 0.966714 149.403 0.0632521 0.997695 -0.0245729 -8.82123 -0.965465 0.0549362 -0.254675 97.6146 
-0.249103 0.0406 0.967626 149.997 0.0603512 0.99783 -0.0263307 -8.85337 -0.966595 0.0518383 -0.251012 97.4703 
-0.244363 0.044021 0.968684 150.583 0.0615297 0.99766 -0.0298161 -8.88229 -0.96773 0.0523169 -0.2465 97.3235 
-0.238696 0.0473386 0.96994 151.166 0.0633597 0.997442 -0.0330885 -8.90962 -0.969025 0.053557 -0.241085 97.1794 
-0.232081 0.0481948 0.971502 151.747 0.0625653 0.997443 -0.0345356 -8.93878 -0.970682 0.0527673 -0.234502 97.0463 
