1 0 -0 0 -0 1 0 0 0 -0 1 -0 
0.999991 -0.00269766 -0.00338918 -0.00134281 0.00269033 0.999994 -0.00216542 -0.00466681 0.003395 0.00215628 0.999992 0.674086 
0.999971 -0.00136782 -0.00746913 -0.0112649 0.00133973 0.999992 -0.00376428 -0.00710287 0.00747422 0.00375417 0.999965 1.36536 
0.999934 -0.00140492 -0.0113881 -0.025743 0.00134504 0.999985 -0.00526455 -0.0105145 0.0113953 0.00524888 0.999921 2.07406 
0.999867 -8.7235e-05 -0.0163077 -0.0432712 -7.80972e-06 0.999983 -0.00582806 -0.0178114 0.0163079 0.00582741 0.99985 2.79846 
0.999785 -0.00113509 -0.0207278 -0.0606281 0.00101051 0.999981 -0.0060199 -0.0272636 0.0207342 0.00599765 0.999767 3.53957 
0.999681 0.000593077 -0.0252605 -0.0861747 -0.000777001 0.999973 -0.00727188 -0.036292 0.0252555 0.00728919 0.999654 4.29402 
0.999539 0.00327242 -0.030177 -0.116989 -0.00351165 0.999963 -0.00787817 -0.0455949 0.0301501 0.00798051 0.999514 5.06248 
0.999399 0.00359992 -0.0344637 -0.149637 -0.0038184 0.999973 -0.00627562 -0.0545275 0.0344402 0.00640345 0.999386 5.84646 
0.999238 0.00278386 -0.0389196 -0.183828 -0.00292585 0.999989 -0.00359165 -0.063818 0.0389092 0.00370279 0.999236 6.64225 
0.999095 0.00240609 -0.042473 -0.220339 -0.00244578 0.999997 -0.000882574 -0.0740453 0.0424708 0.000985655 0.999097 7.4467 
0.998974 0.00389112 -0.0451135 -0.26403 -0.00396255 0.999991 -0.00149404 -0.0840474 0.0451073 0.00167128 0.998981 8.25647 
0.998875 0.00334551 -0.0472992 -0.307388 -0.00343008 0.999993 -0.00170692 -0.0910904 0.0472931 0.00186724 0.998879 9.07402 
0.998792 0.000357133 -0.0491383 -0.347094 -0.000470776 0.999997 -0.00230117 -0.0976978 0.0491373 0.00232152 0.998789 9.90079 
0.998691 0.000282062 -0.0511568 -0.392264 -0.000357587 0.999999 -0.00146721 -0.106496 0.0511563 0.00148358 0.99869 10.7378 
0.998614 -0.00117725 -0.0526134 -0.437737 0.00109066 0.999998 -0.00167442 -0.116775 0.0526153 0.00161472 0.998614 11.5827 
0.998514 0.00113364 -0.0544894 -0.490091 -0.0013526 0.999991 -0.00398171 -0.127329 0.0544844 0.00404949 0.998506 12.4341 
0.998438 0.00157371 -0.0558449 -0.543209 -0.00194532 0.999976 -0.00660059 -0.137763 0.0558332 0.00669892 0.998418 13.2942 
0.998325 0.00544997 -0.0576048 -0.601786 -0.00593299 0.999949 -0.00821732 -0.149114 0.0575571 0.00854532 0.998306 14.1618 
0.998261 0.00629675 -0.0586153 -0.659546 -0.00676675 0.999947 -0.00782336 -0.162933 0.0585629 0.00820638 0.99825 15.0398 
0.998185 0.00538317 -0.0599831 -0.715489 -0.00577353 0.999963 -0.00633639 -0.177062 0.0599468 0.0066712 0.998179 15.9271 
0.998094 0.00603787 -0.0614172 -0.773741 -0.0063475 0.999968 -0.00484751 -0.189861 0.061386 0.00522812 0.9981 16.8187 
0.998035 0.00558559 -0.0624131 -0.833503 -0.00589309 0.999971 -0.00474389 -0.20373 0.0623848 0.00510237 0.998039 17.7143 
0.997929 0.00545518 -0.0640934 -0.894055 -0.00582457 0.999967 -0.00557792 -0.216883 0.0640608 0.00593969 0.997928 18.6142 
0.997868 0.00401603 -0.0651446 -0.954732 -0.00443798 0.99997 -0.00633368 -0.229633 0.0651172 0.00660929 0.997856 19.5209 
0.997829 0.00414383 -0.0657221 -1.01778 -0.00445752 0.999979 -0.00462699 -0.241711 0.0657015 0.0049099 0.997827 20.4338 
0.997828 0.00553155 -0.0656383 -1.08472 -0.00562297 0.999983 -0.00120819 -0.254653 0.0656306 0.00157465 0.997843 21.3561 
0.997876 0.0065364 -0.0648084 -1.15007 -0.00638558 0.999976 0.00253416 -0.265186 0.0648235 -0.00211494 0.997895 22.2835 
0.997983 0.0054131 -0.0632478 -1.21144 -0.00508526 0.999973 0.00534323 -0.271364 0.063275 -0.00501083 0.997984 23.2161 
0.998078 0.00562508 -0.0617134 -1.27165 -0.00525839 0.999968 0.00610266 -0.277183 0.0617457 -0.00576642 0.998075 24.1507 
0.998161 0.00587123 -0.0603394 -1.33219 -0.00568395 0.999978 0.00327493 -0.283831 0.0603573 -0.00292594 0.998173 25.0882 
0.998209 0.00667743 -0.0594556 -1.39227 -0.00678248 0.999976 -0.00156513 -0.290272 0.0594437 0.00196558 0.99823 26.0278 
0.998284 0.00584764 -0.0582655 -1.4502 -0.0061215 0.999971 -0.00452292 -0.299016 0.0582373 0.00487183 0.998291 26.9755 
0.998336 0.00328537 -0.0575683 -1.50509 -0.00349164 0.999988 -0.00348291 -0.310474 0.0575562 0.00367813 0.998335 27.9317 
0.998326 0.00139677 -0.0578253 -1.56075 -0.00131316 0.999998 0.00148398 -0.320807 0.0578272 -0.00140556 0.998326 28.8968 
0.998276 -0.00238263 -0.0586418 -1.61622 0.00267735 0.999984 0.00494773 -0.331739 0.0586291 -0.00509621 0.998267 29.8668 
0.998168 -0.0098042 -0.0597117 -1.66543 0.0100804 0.99994 0.00432533 -0.340201 0.0596657 -0.00491932 0.998206 30.8334 
0.998055 -0.0120009 -0.0611737 -1.72191 0.0120491 0.999927 0.000419609 -0.346327 0.0611642 -0.00115588 0.998127 31.8023 
0.997972 -0.0117734 -0.0625522 -1.78638 0.0115781 0.999927 -0.0034844 -0.356432 0.0625887 0.0027531 0.998036 32.7738 
0.99785 -0.0105094 -0.0646852 -1.85256 0.0102588 0.999939 -0.00420538 -0.367923 0.0647255 0.00353275 0.997897 33.7516 
0.997796 -0.0105053 -0.0655124 -1.91973 0.010344 0.999943 -0.002801 -0.381051 0.065538 0.00211717 0.997848 34.7369 
0.997744 -0.00743132 -0.0667209 -1.9916 0.00744781 0.999972 -1.59013e-06 -0.394513 0.066719 -0.000495338 0.997772 35.7248 
0.997655 -0.00748981 -0.0680255 -2.062 0.00759762 0.99997 0.00132624 -0.405831 0.0680135 -0.00183996 0.997683 36.7131 
0.997595 -0.00616205 -0.0690438 -2.13201 0.00644703 0.999972 0.0039054 -0.414565 0.0690178 -0.00434114 0.997606 37.7001 
0.997602 -0.00625285 -0.0689302 -2.20264 0.00675044 0.999953 0.0069882 -0.424234 0.0688833 -0.00743675 0.997597 38.6896 
0.997581 -0.000418168 -0.0695109 -2.28094 0.00106463 0.999957 0.0092634 -0.429295 0.069504 -0.00931499 0.997538 39.6771 
0.997568 -0.000563186 -0.0696973 -2.35383 0.00117618 0.999961 0.00875432 -0.436376 0.0696896 -0.008815 0.99753 40.6612 
0.997574 -0.000475992 -0.0696072 -2.42494 0.000968282 0.999975 0.00703883 -0.439707 0.0696021 -0.00708916 0.99755 41.6436 
0.997576 0.00174212 -0.0695691 -2.501 -0.0014071 0.999987 0.00486441 -0.447061 0.0695767 -0.00475472 0.997565 42.6229 
0.997505 0.00134346 -0.0705761 -2.57267 -0.000997749 0.999987 0.00493347 -0.456032 0.0705819 -0.00485075 0.997494 43.602 
0.997418 -0.000609219 -0.0718099 -2.64294 0.00104968 0.999981 0.00609614 -0.463462 0.0718048 -0.00615578 0.9974 44.5825 
0.997358 -8.10737e-05 -0.0726427 -2.71814 0.000603711 0.999974 0.0071727 -0.472621 0.0726403 -0.0071976 0.997332 45.5579 
0.997341 0.00236324 -0.0728423 -2.79722 -0.00210537 0.999991 0.0036168 -0.483685 0.0728502 -0.00345382 0.997337 46.5238 
0.997281 0.00288323 -0.0736328 -2.87519 -0.0029309 0.999996 -0.000539413 -0.493116 0.0736309 0.000753757 0.997285 47.4857 
0.997233 0.00371782 -0.0742431 -2.95127 -0.00385976 0.999991 -0.00176846 -0.504117 0.0742358 0.00205013 0.997239 48.4478 
0.997227 0.0025017 -0.0743741 -3.02499 -0.00237356 0.999996 0.00181135 -0.518092 0.0743783 -0.00162979 0.997229 49.4131 
0.997214 0.000632677 -0.0745908 -3.09719 -0.000266403 0.999988 0.0049203 -0.530293 0.074593 -0.00488672 0.997202 50.3738 
0.997197 -0.00120655 -0.074814 -3.16983 0.00162866 0.999983 0.00558143 -0.540751 0.074806 -0.00568763 0.997182 51.3288 
0.997175 -0.00432827 -0.0749924 -3.24051 0.00466791 0.99998 0.0043543 -0.55083 0.0749721 -0.00469205 0.997175 52.2784 
0.997126 -0.00706912 -0.0754321 -3.3109 0.00732143 0.999968 0.00306886 -0.560781 0.0754081 -0.00361231 0.997146 53.2249 
0.997031 -0.00858957 -0.0765143 -3.38399 0.00894374 0.999951 0.00428735 -0.570059 0.0764737 -0.00495894 0.997059 54.1713 
0.996912 -0.0115919 -0.0776652 -3.45544 0.0122812 0.999889 0.0084042 -0.577322 0.0775591 -0.00933207 0.996944 55.1176 
0.996851 -0.0124674 -0.0783096 -3.52795 0.0135542 0.999819 0.0133618 -0.581725 0.0781289 -0.0143812 0.99684 56.0626 
0.996831 -0.0107123 -0.0788292 -3.60783 0.0119799 0.999806 0.0156261 -0.585132 0.0786465 -0.0165209 0.996766 56.9994 
0.996729 -0.00957558 -0.0802458 -3.68657 0.0105462 0.999876 0.0116807 -0.589866 0.080124 -0.0124888 0.996707 57.9226 
0.996637 -0.00806664 -0.0815505 -3.76594 0.00841251 0.999957 0.00389843 -0.594719 0.0815156 -0.00457136 0.996662 58.8329 
0.99658 -0.00637504 -0.082391 -3.84572 0.00632085 0.99998 -0.00091856 -0.603098 0.0823952 0.000394638 0.9966 59.7343 
0.996514 -0.00144263 -0.0834117 -3.93094 0.00144758 0.999999 -1.06218e-06 -0.614937 0.0834117 -0.000119687 0.996515 60.6317 
0.996439 0.00136061 -0.0843086 -4.01441 -0.00117238 0.999997 0.00228218 -0.629474 0.0843114 -0.00217521 0.996437 61.5178 
0.996335 0.0039146 -0.0854507 -4.09454 -0.00359573 0.999986 0.00388519 -0.644555 0.0854648 -0.00356369 0.996335 62.3879 
0.996241 0.00464557 -0.0864958 -4.17486 -0.00434823 0.999984 0.00362568 -0.654045 0.0865112 -0.00323595 0.996246 63.243 
0.996092 0.00637732 -0.0880928 -4.25564 -0.00600711 0.999972 0.00446693 -0.664458 0.0881188 -0.00392029 0.996102 64.088 
0.995967 0.0072416 -0.0894221 -4.33472 -0.0068118 0.999964 0.00511064 -0.677918 0.0894558 -0.00448091 0.995981 64.9185 
0.995835 0.00721798 -0.0908891 -4.41292 -0.00673749 0.999962 0.00559233 -0.68913 0.0909259 -0.00495667 0.995845 65.7377 
0.99572 0.00711713 -0.0921435 -4.4909 -0.00653241 0.999957 0.00664574 -0.697005 0.0921868 -0.00601538 0.995724 66.5432 
0.995577 0.00989157 -0.093428 -4.57317 -0.00905983 0.999916 0.00932244 -0.70378 0.0935123 -0.00843476 0.995582 67.3381 
0.995447 0.0113542 -0.0946383 -4.65414 -0.010127 0.999858 0.0134376 -0.709444 0.0947775 -0.012418 0.995421 68.1199 
0.995248 0.0145303 -0.0962875 -4.73489 -0.0131265 0.999798 0.0151965 -0.714793 0.0964888 -0.0138604 0.995238 68.8832 
0.995076 0.0173233 -0.0975908 -4.81714 -0.0163163 0.999805 0.0111069 -0.722803 0.0977642 -0.00945987 0.995165 69.6256 
0.994948 0.0172904 -0.0988907 -4.89473 -0.0169915 0.999848 0.00386446 -0.732015 0.0989425 -0.00216464 0.995091 70.3446 
0.994814 0.0163939 -0.100377 -4.96736 -0.0166777 0.999859 -0.00198859 -0.739226 0.10033 0.00365233 0.994948 71.0468 
0.994759 0.017248 -0.100778 -5.04345 -0.0176599 0.999839 -0.00319582 -0.74532 0.100707 0.0049588 0.994904 71.7332 
0.994634 0.0200211 -0.101501 -5.11958 -0.0200814 0.999798 0.000427773 -0.758231 0.101489 0.00161281 0.994835 72.4031 
0.994498 0.020262 -0.102776 -5.1905 -0.0200802 0.999794 0.00280328 -0.775926 0.102812 -0.000724096 0.994701 73.0505 
0.994451 0.0171377 -0.1038 -5.25578 -0.017274 0.999851 -0.000414175 -0.789233 0.103777 0.00220491 0.994598 73.6754 
0.994561 0.00903364 -0.103764 -5.31088 -0.00966476 0.999938 -0.00558115 -0.80261 0.103707 0.00655364 0.994586 74.282 
0.994696 0.00499737 -0.102739 -5.3674 -0.00609676 0.999927 -0.0103896 -0.814146 0.10268 0.0109609 0.994654 74.8717 
0.994999 0.00750284 -0.0996003 -5.42932 -0.00859988 0.999907 -0.0105897 -0.826402 0.0995116 0.0113933 0.994971 75.4498 
0.995352 0.0124944 -0.0954876 -5.49267 -0.0132809 0.999883 -0.00760497 -0.839038 0.0953814 0.00883778 0.995402 76.0148 
0.995802 0.0109355 -0.0908753 -5.54049 -0.0113969 0.999925 -0.00456022 -0.850539 0.0908185 0.00557678 0.995852 76.5675 
0.996333 0.00725111 -0.0852515 -5.57662 -0.00730538 0.999973 -0.000324583 -0.862693 0.0852468 0.000946187 0.996359 77.1091 
0.997018 0.0028549 -0.0771178 -5.60696 -0.00261789 0.999992 0.00317431 -0.876945 0.0771262 -0.00296295 0.997017 77.6385 
0.997773 0.0065003 -0.0663895 -5.6411 -0.0063133 0.999975 0.00302623 -0.886087 0.0664075 -0.00260035 0.997789 78.1516 
0.998617 0.0117268 -0.0512464 -5.67084 -0.0116133 0.999929 0.0025136 -0.89378 0.0512723 -0.00191499 0.998683 78.6525 
0.999308 0.0168055 -0.0331952 -5.6863 -0.0167136 0.999856 0.00304289 -0.899541 0.0332416 -0.00248597 0.999444 79.1434 
0.999822 0.0152069 -0.0112101 -5.6775 -0.015168 0.999879 0.00354118 -0.905218 0.0112626 -0.00337051 0.999931 79.6219 
0.99982 0.011719 0.014945 -5.65019 -0.0117873 0.99992 0.00448865 -0.913234 -0.0148912 -0.004664 0.999878 80.0883 
0.998955 0.0106381 0.0444479 -5.61023 -0.0109178 0.999922 0.00605531 -0.921075 -0.0443801 -0.00653426 0.998993 80.5461 
0.996938 0.0102335 0.077528 -5.55541 -0.0108471 0.999913 0.00749788 -0.928046 -0.0774446 -0.00831587 0.996962 80.9966 
0.993305 0.0102116 0.115073 -5.48256 -0.0112053 0.999905 0.00799178 -0.933886 -0.11498 -0.0092277 0.993325 81.4379 
0.987568 0.0104853 0.15684 -5.39096 -0.011871 0.999898 0.0079009 -0.93808 -0.156741 -0.00966452 0.987592 81.871 
0.979313 0.0102256 0.202094 -5.27884 -0.0120602 0.999896 0.00784903 -0.944538 -0.201993 -0.010124 0.979335 82.2909 
0.967841 0.0123884 0.251256 -5.14852 -0.0143104 0.999881 0.00582384 -0.954689 -0.251154 -0.00923212 0.967903 82.6956 
0.952393 0.0133699 0.304581 -4.99598 -0.0149664 0.999884 0.00290761 -0.963706 -0.304507 -0.00732768 0.952482 83.0832 
0.93263 0.0136669 0.360575 -4.82044 -0.0149141 0.999889 0.000676448 -0.970834 -0.360525 -0.00600851 0.93273 83.4537 
0.908334 0.0144419 0.417996 -4.62308 -0.0152481 0.999883 -0.00141101 -0.975426 -0.417967 -0.00509198 0.908448 83.8072 
0.879296 0.0146983 0.476049 -4.40333 -0.0147381 0.999885 -0.00364962 -0.979799 -0.476048 -0.00380698 0.879411 84.1397 
0.845889 0.0131408 0.533198 -4.16151 -0.0119011 0.999913 -0.00576276 -0.989549 -0.533227 -0.00147098 0.845971 84.4478 
0.809131 0.0126849 0.587492 -3.90001 -0.0107175 0.999919 -0.00682897 -1.00269 -0.587531 -0.000770924 0.809201 84.7374 
0.769277 0.0113122 0.638815 -3.62063 -0.00992363 0.999934 -0.00575667 -1.015 -0.638838 -0.00191089 0.769339 85.0113 
0.726514 0.0109044 0.687065 -3.32503 -0.0115547 0.999927 -0.00365167 -1.02456 -0.687055 -0.00528583 0.726586 85.2694 
0.681317 0.00983332 0.731922 -3.01289 -0.0108641 0.999935 -0.00332112 -1.03339 -0.731908 -0.00568892 0.68138 85.5048 
0.634738 0.00847221 0.772681 -2.68668 -0.00774181 0.999959 -0.00460454 -1.04321 -0.772688 -0.00305927 0.634778 85.7161 
0.587894 0.00582205 0.808917 -2.34599 -0.00231427 0.999982 -0.00551528 -1.05337 -0.808935 0.00137035 0.587897 85.9049 
0.541061 0.00784811 0.840947 -2.00103 -0.0043282 0.999969 -0.00654744 -1.06443 -0.840972 -9.72233e-05 0.541079 86.0845 
0.493556 0.0107042 0.869648 -1.65019 -0.00826769 0.999937 -0.0076157 -1.07518 -0.869675 -0.00343121 0.493613 86.2524 
0.447958 0.0127972 0.893963 -1.29119 -0.00901729 0.999911 -0.00979538 -1.0849 -0.894009 -0.00367321 0.448033 86.3979 
0.40564 0.0101904 0.913976 -0.919724 -0.00168403 0.999944 -0.0104015 -1.09146 -0.914032 0.00268012 0.405634 86.5157 
0.366178 0.00260119 0.930541 -0.535747 0.0134929 0.999876 -0.0081046 -1.0948 -0.930447 0.0155234 0.366097 86.6101 
0.330853 -0.00101883 0.943682 -0.151071 0.017755 0.999829 -0.00514542 -1.09787 -0.943515 0.0184575 0.330814 86.7059 
0.297661 0.00306518 0.954667 0.231301 0.0151565 0.999854 -0.007936 -1.10543 -0.954551 0.0168317 0.297571 86.8074 
0.266468 0.0107151 0.963784 0.614918 0.00431708 0.999915 -0.0123104 -1.12054 -0.963834 0.00744106 0.2664 86.9134 
0.238072 0.0150709 0.971131 1.01118 -0.000399342 0.999881 -0.0154192 -1.13814 -0.971247 0.00328305 0.238049 87.0035 
0.212455 0.0167604 0.977027 1.41907 0.000921607 0.999849 -0.0173523 -1.15352 -0.97717 0.00458703 0.212408 87.0728 
0.1891 0.0180872 0.981791 1.83777 0.00839892 0.999764 -0.020036 -1.16425 -0.981922 0.0120348 0.188904 87.1271 
0.169031 0.0243965 0.985309 2.26293 0.0155118 0.999504 -0.0274091 -1.16418 -0.985489 0.0199169 0.168569 87.1733 
0.149354 0.0311647 0.988293 2.69763 0.0176863 0.999259 -0.0341833 -1.16478 -0.988626 0.0225847 0.148692 87.225 
0.131698 0.0319692 0.990774 3.14726 0.015185 0.999297 -0.0342627 -1.17891 -0.991174 0.0195573 0.13112 87.2807 
0.116203 0.0275478 0.992843 3.61355 0.0132576 0.999483 -0.0292837 -1.20247 -0.993137 0.0165656 0.115778 87.3305 
0.101684 0.0242555 0.994521 4.09073 0.0136185 0.999575 -0.0257712 -1.22347 -0.994724 0.0161644 0.10131 87.3723 
0.0884564 0.0218034 0.995841 4.58009 0.0160288 0.9996 -0.0233094 -1.24019 -0.995951 0.018024 0.0880716 87.4056 
0.0769158 0.020996 0.996816 5.083 0.0198733 0.999547 -0.022587 -1.25449 -0.99684 0.0215473 0.0764637 87.433 
0.0668123 0.0216483 0.997531 5.5981 0.0230685 0.999464 -0.0232354 -1.26903 -0.997499 0.0245639 0.0662771 87.4579 
0.0589716 0.022191 0.998013 6.12812 0.0251225 0.999403 -0.0237064 -1.28427 -0.997943 0.0264706 0.0583789 87.483 
0.0533937 0.0225476 0.998319 6.67576 0.0268373 0.999352 -0.0240063 -1.29992 -0.998213 0.028074 0.052754 87.5075 
0.0478448 0.0236715 0.998574 7.23979 0.0280574 0.999293 -0.0250328 -1.31568 -0.998461 0.0292151 0.0471468 87.5309 
0.0418843 0.024378 0.998825 7.82187 0.028638 0.999262 -0.0255895 -1.33196 -0.998712 0.0296761 0.0411552 87.5525 
0.0375764 0.0244285 0.998995 8.4229 0.0311024 0.999188 -0.0256031 -1.34977 -0.99881 0.0320332 0.0367861 87.5704 
0.034667 0.0244112 0.999101 9.04218 0.0325983 0.999142 -0.0255433 -1.36814 -0.998867 0.0334545 0.0338415 87.5883 
0.0316352 0.0239632 0.999212 9.67874 0.0334698 0.999126 -0.0250208 -1.38723 -0.998939 0.0342349 0.0308055 87.6071 
0.0292605 0.0234165 0.999297 10.332 0.0355305 0.999069 -0.0244515 -1.40665 -0.99894 0.036221 0.0284013 87.6236 
0.0286224 0.0230965 0.999323 11.0019 0.0399995 0.998906 -0.0242325 -1.42626 -0.99879 0.040666 0.0276672 87.637 
0.0296909 0.0227494 0.9993 11.6883 0.0435385 0.998763 -0.0240308 -1.4466 -0.99861 0.0442215 0.0286637 87.6524 
0.0321632 0.0226716 0.999225 12.3904 0.0452996 0.998682 -0.0241174 -1.46733 -0.998456 0.0460402 0.0310938 87.6739 
0.0360433 0.0226032 0.999095 13.1083 0.0477894 0.998561 -0.0243152 -1.48878 -0.998207 0.0486226 0.0349113 87.6989 
0.0404101 0.0221577 0.998937 13.8438 0.0481991 0.998547 -0.0240988 -1.50946 -0.99802 0.0491217 0.0392834 87.7286 
0.0444736 0.020554 0.998799 14.595 0.0496818 0.998506 -0.0227601 -1.53019 -0.997774 0.0506344 0.043386 87.7622 
0.0484839 0.0190019 0.998643 15.3604 0.0495471 0.998542 -0.0214055 -1.55164 -0.997594 0.0505177 0.0474717 87.802 
0.0526143 0.0169195 0.998472 16.1403 0.0464724 0.998732 -0.0193727 -1.57386 -0.997533 0.0474207 0.0517613 87.8497 
0.0566544 0.0158672 0.998268 16.9311 0.0456825 0.998785 -0.018468 -1.59462 -0.997348 0.0466496 0.0558607 87.9008 
0.0606913 0.0168328 0.998015 17.727 0.0429272 0.998889 -0.019458 -1.61746 -0.997233 0.0440229 0.0599013 87.9564 
0.0638409 0.0209405 0.99774 18.5258 0.0408549 0.998887 -0.0235787 -1.64378 -0.997123 0.0422679 0.0629143 88.0135 
0.0651138 0.0262165 0.997533 19.327 0.0350727 0.998977 -0.0285438 -1.67053 -0.997261 0.0368448 0.0641277 88.0765 
0.0649553 0.0293235 0.997457 20.1337 0.0321813 0.998987 -0.0314642 -1.70051 -0.997369 0.0341433 0.0639459 88.1356 
0.0650841 0.0288067 0.997464 20.9443 0.0298649 0.999079 -0.030802 -1.73391 -0.997433 0.0317938 0.0641638 88.194 
0.0650706 0.0269887 0.997516 21.7586 0.027071 0.999219 -0.0288007 -1.76994 -0.997513 0.0288778 0.0642891 88.2541 
0.0649328 0.0258436 0.997555 22.5715 0.0280696 0.999222 -0.0277139 -1.80206 -0.997495 0.0298005 0.0641569 88.3095 
0.065404 0.0251921 0.997541 23.384 0.0255533 0.999311 -0.0269122 -1.83579 -0.997532 0.0272506 0.0647152 88.3679 
0.065538 0.0255124 0.997524 24.1943 0.0239514 0.999345 -0.0271326 -1.87009 -0.997563 0.0256703 0.064884 88.4273 
0.065672 0.0261307 0.997499 25.0037 0.0210495 0.999398 -0.0275663 -1.90334 -0.997619 0.0228072 0.0650824 88.4871 
0.0644771 0.0274868 0.997541 25.8113 0.0182683 0.999421 -0.0287194 -1.93683 -0.997752 0.0200751 0.0639376 88.5463 
0.0616497 0.0271168 0.997729 26.6191 0.0152782 0.999488 -0.0281086 -1.9692 -0.997981 0.0169764 0.0612038 88.6039 
0.0577662 0.0258167 0.997996 27.4281 0.0127985 0.999564 -0.0265981 -2.00197 -0.998248 0.0143093 0.0574106 88.6575 
0.0528917 0.0234116 0.998326 28.2371 0.0108311 0.999653 -0.0240165 -2.03421 -0.998542 0.0120832 0.0526197 88.7062 
0.0465983 0.0213886 0.998685 29.0443 0.00861715 0.999725 -0.021813 -2.06567 -0.998877 0.00962227 0.0464012 88.7498 
0.0392271 0.0215872 0.998997 29.8458 0.00816812 0.999726 -0.0219237 -2.09702 -0.999197 0.00901994 0.03904 88.7841 
0.0305265 0.0225767 0.999279 30.6442 0.00789862 0.999708 -0.0228277 -2.12599 -0.999503 0.00858978 0.0303393 88.81 
0.0206071 0.0229836 0.999523 31.4405 0.0082374 0.999698 -0.0231574 -2.15394 -0.999754 0.00871068 0.0204116 88.8273 
0.0103937 0.0219736 0.999705 32.2352 0.00937578 0.999712 -0.0220712 -2.18315 -0.999902 0.00960241 0.0101847 88.8349 
-0.000356845 0.0209838 0.99978 33.0267 0.00832006 0.999745 -0.0209801 -2.21281 -0.999965 0.00831074 -0.00053134 88.8362 
-0.0114343 0.0201776 0.999731 33.8146 0.00966291 0.999752 -0.0200675 -2.24024 -0.999888 0.00943085 -0.0116264 88.8255 
-0.0224179 0.0205163 0.999538 34.5969 0.00986171 0.999745 -0.0202994 -2.26876 -0.9997 0.00940209 -0.0226145 88.8075 
-0.0334153 0.0211066 0.999219 35.3751 0.0101506 0.999733 -0.020778 -2.29785 -0.99939 0.00944835 -0.0336206 88.7808 
-0.0440171 0.02213 0.998786 36.1477 0.00974122 0.999717 -0.0217213 -2.32624 -0.998983 0.00877328 -0.0442202 88.7477 
-0.0542954 0.0231999 0.998255 36.9134 0.0106835 0.999686 -0.0226521 -2.35336 -0.998468 0.00943493 -0.0545262 88.7049 
-0.0637201 0.023917 0.997681 37.6719 0.0114757 0.999664 -0.0232316 -2.38117 -0.997902 0.00996872 -0.0639732 88.6538 
-0.0733045 0.0243743 0.997012 38.422 0.0121698 0.999649 -0.0235439 -2.41047 -0.997235 0.0104076 -0.0735754 88.5963 
-0.0826262 0.0246557 0.996276 39.1644 0.0129095 0.999637 -0.0236683 -2.44011 -0.996497 0.0109058 -0.0829145 88.5334 
-0.0911841 0.0241407 0.995541 39.8999 0.0140065 0.999638 -0.0229571 -2.46864 -0.995736 0.0118507 -0.0914892 88.4636 
-0.0984646 0.0229958 0.994875 40.6268 0.0157754 0.999643 -0.0215447 -2.49671 -0.995016 0.0135731 -0.0987923 88.3886 
-0.103662 0.0213097 0.994384 41.345 0.0185561 0.999638 -0.0194879 -2.52391 -0.994439 0.0164317 -0.10402 88.3101 
-0.107435 0.019711 0.994017 42.0533 0.0215445 0.999615 -0.0174935 -2.54925 -0.993979 0.0195362 -0.107818 88.2296 
-0.110156 0.0185795 0.993741 42.7513 0.0231325 0.999602 -0.0161249 -2.57314 -0.993645 0.0212115 -0.110542 88.151 
-0.11186 0.0177239 0.993566 43.4361 0.0234184 0.99961 -0.0151951 -2.59561 -0.993448 0.021568 -0.112232 88.074 
-0.112618 0.0181378 0.993473 44.1046 0.0242405 0.999586 -0.0155015 -2.61849 -0.993343 0.0223365 -0.113011 87.9985 
-0.11165 0.0191528 0.993563 44.756 0.025079 0.99955 -0.01645 -2.64123 -0.993431 0.0230809 -0.11208 87.9241 
-0.108687 0.0207766 0.993859 45.3904 0.0260473 0.999498 -0.018046 -2.66353 -0.993735 0.023926 -0.109174 87.8557 
-0.103486 0.0213015 0.994403 46.0082 0.0261173 0.999484 -0.0186924 -2.6852 -0.994288 0.0240367 -0.103989 87.7944 
-0.0954438 0.0220472 0.995191 46.6066 0.0256773 0.999477 -0.0196796 -2.70743 -0.995104 0.0236756 -0.09596 87.7426 
-0.0842782 0.0219818 0.9962 47.1848 0.0246165 0.999497 -0.0199721 -2.73063 -0.996138 0.0228398 -0.084777 87.7015 
-0.0705236 0.0222638 0.997262 47.7443 0.0238637 0.999502 -0.0206263 -2.75377 -0.997225 0.0223437 -0.0710198 87.672 
-0.0532935 0.0236012 0.9983 48.2858 0.0229737 0.999485 -0.0224027 -2.77628 -0.998315 0.0217407 -0.0538083 87.6552 
-0.0319639 0.0261566 0.999147 48.8163 0.0213816 0.999447 -0.0254804 -2.7988 -0.99926 0.0205489 -0.0325054 87.6516 
-0.00733181 0.0291417 0.999548 49.3429 0.0194322 0.999391 -0.0289945 -2.82282 -0.999784 0.0192108 -0.00789363 87.6651 
0.020937 0.030897 0.999303 49.8694 0.017601 0.999356 -0.0312674 -2.84617 -0.999626 0.0182434 0.0203797 87.6961 
0.0540578 0.0304612 0.998073 50.396 0.0155029 0.999389 -0.031341 -2.86745 -0.998417 0.0171672 0.0535525 87.7459 
0.0919321 0.0280944 0.995369 50.9248 0.0143798 0.99946 -0.029538 -2.8891 -0.995661 0.0170287 0.0914785 87.8185 
0.133737 0.024366 0.990717 51.4483 0.0120651 0.999584 -0.0262127 -2.9127 -0.990943 0.0154587 0.133388 87.9168 
0.17856 0.0200476 0.983725 51.963 0.00947212 0.999711 -0.0220927 -2.93574 -0.983883 0.0132628 0.178319 88.0426 
0.226434 0.0167988 0.973882 52.4661 0.00491478 0.999819 -0.0183889 -2.95645 -0.974014 0.00895028 0.22631 88.1961 
0.277428 0.0152792 0.960625 52.9548 0.00121692 0.999867 -0.0162548 -2.97539 -0.960746 0.00567855 0.277373 88.3752 
0.331704 0.0149954 0.943264 53.4271 0.000423682 0.999871 -0.0160442 -2.99115 -0.943383 0.00572159 0.331655 88.5788 
0.389257 0.0155 0.920999 53.8771 0.00259091 0.999836 -0.0179218 -3.00737 -0.921126 0.0093624 0.389153 88.8057 
0.448562 0.0186289 0.893558 54.3008 0.00350479 0.999738 -0.0226019 -3.02698 -0.893745 0.0132701 0.448379 89.0605 
0.508029 0.0216868 0.861067 54.7032 0.004875 0.999595 -0.028052 -3.04545 -0.861326 0.0184489 0.507717 89.3355 
0.566178 0.0257566 0.823881 55.0808 0.00096017 0.99949 -0.0319064 -3.06089 -0.824283 0.0188558 0.565864 89.6405 
0.622051 0.0281148 0.782472 55.4308 -0.00236092 0.999418 -0.034033 -3.07848 -0.782973 0.0193229 0.621755 89.9684 
0.674986 0.0285979 0.737276 55.7562 -0.00354487 0.999363 -0.0355185 -3.09631 -0.737822 0.021361 0.674658 90.3141 
0.724099 0.0261477 0.6892 56.0567 -0.00336581 0.999403 -0.0343803 -3.11657 -0.689688 0.022575 0.723755 90.6793 
0.769256 0.0225818 0.638541 56.3304 -0.00532234 0.999567 -0.0289375 -3.13451 -0.638918 0.0188618 0.769043 91.0722 
0.810489 0.0173121 0.585498 56.577 -0.00560215 0.999747 -0.0218057 -3.15027 -0.585727 0.0143932 0.810381 91.4853 
0.847017 0.014426 0.53137 56.7953 -0.00743789 0.999855 -0.0152885 -3.16483 -0.531513 0.00899738 0.847002 91.912 
0.878208 0.0106142 0.47816 56.9915 -0.00779095 0.999939 -0.00788739 -3.17746 -0.478215 0.00320145 0.878237 92.3521 
0.90386 0.0110588 0.427686 57.1586 -0.0111113 0.999935 -0.00237337 -3.19045 -0.427684 -0.00260696 0.903924 92.8004 
0.924065 0.0128724 0.382019 57.3044 -0.0144046 0.999896 0.00115087 -3.20161 -0.381965 -0.0065663 0.924154 93.2556 
0.939389 0.0187135 0.342341 57.4298 -0.0213024 0.999766 0.00380378 -3.20838 -0.342189 -0.0108659 0.939568 93.7223 
0.951322 0.0230101 0.307337 57.5454 -0.0250513 0.999683 0.00269761 -3.20868 -0.307177 -0.0102655 0.951597 94.193 
0.960661 0.0248786 0.276607 57.659 -0.0266928 0.99964 0.00279478 -3.20854 -0.276437 -0.0100682 0.960979 94.6702 
0.966834 0.0193523 0.254673 57.7783 -0.0207666 0.99978 0.00286563 -3.21195 -0.254561 -0.00805929 0.967023 95.1518 
0.970845 0.016321 0.239151 57.8897 -0.017683 0.999837 0.00355086 -3.21894 -0.239054 -0.00767625 0.970976 95.6405 
0.973789 0.0205283 0.226527 57.9884 -0.0218194 0.999757 0.00319695 -3.22163 -0.226406 -0.00805583 0.974 96.1392 
0.975831 0.0260297 0.216969 58.0822 -0.0274652 0.999616 0.00360277 -3.21989 -0.216792 -0.0094748 0.976172 96.6471 
0.9769 0.0336711 0.211028 58.1759 -0.0349255 0.999387 0.00221913 -3.2195 -0.210824 -0.00953814 0.977477 97.1645 
0.977308 0.0395224 0.208105 58.2728 -0.040122 0.999194 -0.00134071 -3.22482 -0.20799 -0.00703929 0.978106 97.6867 
0.977426 0.0408975 0.20728 58.3818 -0.0410079 0.999152 -0.00376576 -3.23535 -0.207258 -0.00481936 0.978274 98.2177 
0.976974 0.039458 0.209678 58.5004 -0.0387785 0.999221 -0.00735258 -3.24382 -0.209804 -0.000947696 0.977743 98.7584 
0.976155 0.0381623 0.213694 58.6221 -0.0360422 0.999255 -0.0138099 -3.24893 -0.214061 0.00577858 0.976803 99.3073 
0.975239 0.0383894 0.217794 58.7491 -0.0351715 0.999208 -0.0186338 -3.25517 -0.218337 0.0105123 0.975817 99.8726 
0.974056 0.0432865 0.22213 58.8714 -0.0402625 0.999025 -0.0181262 -3.26716 -0.222698 0.00871242 0.974849 100.446 
0.972619 0.0463009 0.227748 59.002 -0.0442452 0.998921 -0.0141263 -3.27913 -0.228157 0.00366276 0.973618 101.039 
0.971593 0.0434671 0.232634 59.1432 -0.042414 0.999055 -0.00952967 -3.29145 -0.232828 -0.000607979 0.972518 101.639 
0.970865 0.0391013 0.236414 59.3 -0.0392802 0.99922 -0.00395528 -3.30253 -0.236384 -0.00544634 0.971644 102.257 
0.970065 0.0365475 0.240079 59.4549 -0.037815 0.999285 0.00067332 -3.31148 -0.239883 -0.00973176 0.970753 102.882 
0.969491 0.0320464 0.243024 59.6152 -0.0333638 0.999442 0.00130589 -3.31688 -0.242847 -0.00937426 0.970019 103.514 
0.969522 0.0286557 0.243322 59.78 -0.0290941 0.999575 -0.00179215 -3.32471 -0.24327 -0.0053417 0.969944 104.151 
0.969648 0.0280652 0.242888 59.9426 -0.0267259 0.999604 -0.00880807 -3.33365 -0.243039 0.00204932 0.970014 104.799 
0.969787 0.030421 0.242049 60.1016 -0.0274969 0.999502 -0.0154502 -3.34288 -0.242399 0.0083278 0.970141 105.459 
0.970345 0.0334505 0.239397 60.2613 -0.0297019 0.999373 -0.0192504 -3.35067 -0.239891 0.011569 0.970731 106.136 
0.970993 0.0317949 0.236984 60.428 -0.0290693 0.999465 -0.0149875 -3.36137 -0.237334 0.00766383 0.971398 106.831 
0.971455 0.0276748 0.235604 60.6003 -0.0266998 0.999617 -0.00732815 -3.3752 -0.235717 0.000828368 0.971821 107.54 
0.972031 0.0280777 0.233168 60.7678 -0.0285215 0.999592 -0.00146862 -3.39053 -0.233115 -0.00522278 0.972435 108.261 
0.97235 0.0314398 0.231404 60.9304 -0.0317981 0.999492 -0.00218218 -3.40147 -0.231355 -0.00523634 0.972855 108.988 
0.972654 0.0371449 0.229268 61.0899 -0.0365549 0.999308 -0.00682137 -3.4102 -0.229363 -0.00174605 0.973339 109.723 
0.973549 0.0379613 0.225304 61.2572 -0.0361468 0.999272 -0.0121746 -3.41904 -0.225602 0.00370856 0.974212 110.468 
0.974504 0.0368045 0.221332 61.4272 -0.0343177 0.999297 -0.015072 -3.43061 -0.221731 0.00709212 0.975082 111.226 
0.975446 0.034531 0.217516 61.5976 -0.0323592 0.999385 -0.0135397 -3.44554 -0.21785 0.00616857 0.975963 111.999 
0.976316 0.0306289 0.214171 61.7698 -0.0288412 0.999518 -0.0114674 -3.46236 -0.214419 0.00501885 0.976729 112.784 
0.976723 0.0297016 0.212437 61.9391 -0.0285113 0.999556 -0.00866499 -3.47881 -0.2126 0.00240645 0.977136 113.579 
0.977086 0.0264042 0.211199 62.113 -0.0256354 0.999651 -0.00637777 -3.49117 -0.211293 0.00081748 0.977422 114.382 
0.977313 0.0213148 0.210727 62.2908 -0.0206857 0.999773 -0.0051895 -3.50319 -0.210789 0.000712737 0.977531 115.191 
0.977435 0.0220664 0.210082 62.4628 -0.0218052 0.999756 -0.00355985 -3.51571 -0.210109 -0.00110137 0.977677 116.007 
0.977191 0.0275468 0.210566 62.6277 -0.026993 0.99962 -0.00550453 -3.52833 -0.210638 -0.000304816 0.977564 116.827 
0.976913 0.0332024 0.211042 62.7933 -0.0320632 0.999447 -0.00881859 -3.541 -0.211218 0.00184831 0.977437 117.652 
0.976404 0.0420338 0.211821 62.9596 -0.0407494 0.999115 -0.0104274 -3.55386 -0.212072 0.00154978 0.977253 118.485 
0.975476 0.0479777 0.214811 63.128 -0.0469594 0.998848 -0.00984422 -3.57018 -0.215036 -0.000484599 0.976606 119.325 
0.974684 0.0504607 0.217817 63.3039 -0.0499606 0.998721 -0.00780628 -3.58864 -0.217932 -0.00327361 0.975958 120.17 
0.974081 0.0510621 0.220362 63.4877 -0.0503882 0.998692 -0.008682 -3.60554 -0.220517 -0.00264668 0.97538 121.013 
0.973724 0.049689 0.222242 63.6758 -0.048357 0.998765 -0.0114342 -3.6221 -0.222536 0.000386807 0.974924 121.854 
0.973758 0.0433335 0.223422 63.8745 -0.0421629 0.999061 -0.0100092 -3.64036 -0.223646 0.000326402 0.97467 122.697 
0.973959 0.0367405 0.223727 64.0749 -0.0350604 0.999319 -0.0114786 -3.66188 -0.223997 0.00333575 0.974584 123.538 
0.973671 0.0361353 0.225078 64.2673 -0.0344515 0.999341 -0.0114057 -3.68411 -0.225342 0.00335109 0.974274 124.38 
0.973183 0.0388115 0.226734 64.4569 -0.0378588 0.999247 -0.00855069 -3.70112 -0.226895 -0.000262486 0.973919 125.225 
0.972788 0.0409989 0.228039 64.6431 -0.0414387 0.999137 -0.00286098 -3.71558 -0.227959 -0.0066665 0.973648 126.072 
0.972387 0.0444539 0.2291 64.8306 -0.0459822 0.998941 0.0013344 -3.73283 -0.228798 -0.0118321 0.973402 126.913 
0.972157 0.0438663 0.230186 65.0207 -0.0438648 0.999024 -0.00512658 -3.7502 -0.230186 -0.00511322 0.973133 127.742 
0.972423 0.0397403 0.229814 65.2176 -0.0362439 0.999154 -0.0194168 -3.77092 -0.230391 0.010552 0.973041 128.556 
0.972694 0.0376219 0.229023 65.416 -0.0319705 0.999087 -0.0283378 -3.79255 -0.22988 0.0202421 0.973009 129.374 
0.972937 0.0347501 0.228441 65.61 -0.0311576 0.999328 -0.0193152 -3.81071 -0.228959 0.0116748 0.973366 130.211 
0.973339 0.028275 0.227621 65.8057 -0.0293911 0.999567 0.00151468 -3.83216 -0.22748 -0.00816435 0.973749 131.058 
0.973617 0.0248289 0.226833 65.9987 -0.0293688 0.99943 0.0166609 -3.85246 -0.22629 -0.0228831 0.973791 131.896 
0.973645 0.0294455 0.226161 66.1763 -0.0327776 0.999402 0.0109918 -3.8616 -0.225702 -0.0181151 0.974028 132.712 
0.973792 0.0377897 0.224278 66.3476 -0.0376085 0.99928 -0.00508106 -3.86627 -0.224308 -0.00348686 0.974512 133.517 
0.974075 0.0380292 0.223007 66.5274 -0.0360547 0.999266 -0.0129206 -3.87386 -0.223335 0.00454522 0.974731 134.325 
0.974693 0.033921 0.22096 66.7121 -0.0316957 0.999405 -0.01361 -3.89541 -0.221291 0.00626205 0.975188 135.139 
0.975306 0.033644 0.21828 66.8893 -0.0318144 0.999423 -0.0118924 -3.92225 -0.218554 0.00465425 0.975814 135.956 
0.976132 0.0332121 0.214623 67.0608 -0.0311116 0.999429 -0.0131586 -3.93943 -0.214938 0.00616728 0.976608 136.768 
0.97714 0.0342792 0.209815 67.2288 -0.0318882 0.999382 -0.0147691 -3.95918 -0.210191 0.00774083 0.97763 137.579 
0.977556 0.039393 0.206958 67.3846 -0.0371496 0.999201 -0.0147167 -3.98374 -0.207373 0.00669803 0.978239 138.388 
0.977714 0.0454909 0.204955 67.5357 -0.0433297 0.998948 -0.0150224 -4.0025 -0.205422 0.00580694 0.978656 139.195 
0.978013 0.0469238 0.203196 67.6925 -0.0452106 0.998892 -0.0130676 -4.02483 -0.203584 0.0035937 0.979051 140.002 
0.97834 0.0448213 0.202096 67.8537 -0.0440749 0.998995 -0.00819436 -4.04543 -0.20226 -0.000890483 0.979332 140.808 
0.978696 0.0434167 0.200674 68.0128 -0.0426447 0.999057 -0.00817028 -4.06531 -0.200839 -0.000561475 0.979624 141.609 
0.979296 0.0418222 0.198065 68.1703 -0.040425 0.999121 -0.0110944 -4.08618 -0.198355 0.00285795 0.980126 142.403 
0.980453 0.0371183 0.193219 68.3287 -0.0349068 0.99928 -0.0148387 -4.10641 -0.193631 0.00780405 0.981043 143.195 
0.981811 0.0343232 0.186735 68.4808 -0.03192 0.999365 -0.0158619 -4.12379 -0.18716 0.00961277 0.982282 143.989 
0.983054 0.0325957 0.180397 68.6237 -0.0312146 0.999458 -0.0104901 -4.14158 -0.180641 0.00468131 0.983538 144.79 
0.984196 0.0299825 0.174526 68.7608 -0.0300826 0.999545 -0.00207241 -4.15804 -0.174509 -0.00321054 0.98465 145.594 
0.98493 0.0269814 0.170835 68.8992 -0.0286513 0.999563 0.00731652 -4.16845 -0.170563 -0.0121009 0.985272 146.399 
0.985404 0.0336506 0.166871 69.0187 -0.0358188 0.999308 0.00999984 -4.17687 -0.166419 -0.015831 0.985928 147.198 
0.986098 0.0365063 0.162103 69.1372 -0.037888 0.999267 0.00543965 -4.18518 -0.161785 -0.0115058 0.986759 147.991 
0.987269 0.0371349 0.154665 69.2574 -0.0368468 0.99931 -0.00472952 -4.19341 -0.154734 -0.00102962 0.987956 148.781 
0.988374 0.0339902 0.148192 69.3763 -0.0328431 0.999409 -0.0101816 -4.19911 -0.148451 0.00519615 0.988906 149.578 
0.989371 0.0331553 0.141583 69.4872 -0.0321949 0.99944 -0.00906894 -4.21191 -0.141804 0.0044143 0.989885 150.388 
0.99018 0.0397605 0.134024 69.5811 -0.0393682 0.999209 -0.00557762 -4.22947 -0.134139 0.00024659 0.990962 151.204 
0.990997 0.0452666 0.126 69.6654 -0.0447461 0.998974 -0.00695947 -4.24561 -0.126185 0.00125881 0.992006 152.018 
0.992109 0.0479731 0.11584 69.7502 -0.0468162 0.998823 -0.0126888 -4.26039 -0.116312 0.00716547 0.993187 152.828 
0.993124 0.0466155 0.107381 69.8329 -0.045267 0.998863 -0.0149626 -4.27536 -0.107957 0.00999889 0.994105 153.644 
0.993958 0.0466421 0.0993595 69.9073 -0.0456687 0.998884 -0.0120492 -4.29144 -0.0998106 0.00743876 0.994979 154.466 
0.99456 0.0492694 0.0917718 69.9695 -0.0490315 0.998785 -0.00484681 -4.30865 -0.0918991 0.000320738 0.995768 155.295 
0.995096 0.052634 0.0837529 70.0235 -0.0529012 0.998599 0.000972891 -4.32068 -0.0835844 -0.00539875 0.996486 156.123 
0.995748 0.0515944 0.0763205 70.0787 -0.0520798 0.998633 0.00438272 -4.32965 -0.0759901 -0.00833884 0.997074 156.948 
0.99616 0.052386 0.0701431 70.1289 -0.0529722 0.998575 0.00652116 -4.33592 -0.0697015 -0.0102118 0.997516 157.772 
0.996497 0.0514976 0.0658886 70.1768 -0.0519236 0.99864 0.0047692 -4.34437 -0.0655534 -0.00817367 0.997816 158.592 
0.996533 0.0563591 0.0611937 70.2138 -0.0564256 0.998407 -0.000641348 -4.35336 -0.0611323 -0.00281377 0.998126 159.407 
0.996401 0.0623716 0.0573955 70.2431 -0.0620548 0.998046 -0.00728747 -4.36406 -0.0577379 0.00369959 0.998325 160.222 
0.996489 0.0636596 0.0543886 70.276 -0.063232 0.997953 -0.00954763 -4.37415 -0.0548851 0.006075 0.998474 161.039 
0.996542 0.06528 0.0514 70.3099 -0.0651877 0.997867 -0.00347217 -4.38478 -0.051517 0.000109517 0.998672 161.867 
0.996489 0.0673783 0.0496982 70.337 -0.0678055 0.997674 0.00695963 -4.39239 -0.0491137 -0.010305 0.99874 162.697 
0.996553 0.0686493 0.0465861 70.3647 -0.069382 0.997488 0.0142968 -4.40071 -0.0454876 -0.0174798 0.998812 163.523 
0.997 0.0653069 0.0415541 70.3948 -0.065824 0.997768 0.0111969 -4.40771 -0.0407301 -0.0138986 0.999074 164.335 
0.997953 0.0531346 0.0355777 70.4322 -0.053216 0.998582 0.00134323 -4.4135 -0.0354559 -0.00323378 0.999366 165.141 
0.998304 0.0508442 0.0283682 70.4571 -0.0507727 0.998705 -0.00323463 -4.41396 -0.028496 0.00178881 0.999592 165.952 
0.998269 0.0546891 0.0216381 70.4617 -0.0546626 0.998503 -0.00181392 -4.42136 -0.0217049 0.000627987 0.999764 166.773 
0.998514 0.0526432 0.0141231 70.4667 -0.0527132 0.998599 0.00462942 -4.43198 -0.0138596 -0.00536701 0.99989 167.602 
0.998861 0.0472561 0.00662984 70.4754 -0.0473103 0.998846 0.00827569 -4.43831 -0.00623111 -0.00857992 0.999944 168.433 
0.999259 0.0384845 0.00100324 70.4794 -0.038494 0.999181 0.0124389 -4.43662 -0.000523714 -0.0124683 0.999922 169.266 
0.999397 0.03432 -0.00526301 70.4759 -0.0342521 0.999335 0.0125067 -4.44132 0.00568875 -0.0123189 0.999908 170.095 
0.999447 0.0311288 -0.0116739 70.4638 -0.0310632 0.999501 0.00575317 -4.4492 0.0118472 -0.00538736 0.999915 170.92 
0.999571 0.022066 -0.0192629 70.4532 -0.0221532 0.999745 -0.00432453 -4.45355 0.0191626 0.00474941 0.999805 171.741 
0.999591 0.0119154 -0.0259783 70.4449 -0.0121355 0.999892 -0.00833324 -4.4595 0.0258762 0.00864509 0.999628 172.571 
0.999353 0.0156858 -0.0323691 70.4112 -0.0157206 0.999876 -0.000821082 -4.46783 0.0323522 0.00132941 0.999476 173.415 
0.99896 0.0263423 -0.037203 70.3586 -0.0258944 0.999587 0.0124695 -4.47302 0.0375161 -0.0114932 0.99923 174.264 
0.998638 0.0313072 -0.0417491 70.3091 -0.030483 0.99933 0.020234 -4.47939 0.0423546 -0.0189338 0.998923 175.111 
0.998492 0.0307347 -0.0454797 70.263 -0.0299752 0.999401 0.0172876 -4.47933 0.0459838 -0.0158983 0.998816 175.948 
0.998342 0.0323037 -0.0476348 70.2135 -0.0320277 0.999466 0.00654697 -4.47844 0.0478208 -0.00501048 0.998843 176.777 
0.997793 0.042964 -0.0506311 70.1503 -0.0431504 0.999065 -0.00259437 -4.48034 0.0504723 0.0047734 0.998714 177.609 
0.997745 0.0413164 -0.0528871 70.0995 -0.0417005 0.999111 -0.00618085 -4.48775 0.0525847 0.00837234 0.998581 178.449 
0.997823 0.0359856 -0.055269 70.0603 -0.0361134 0.999347 -0.00131482 -4.49747 0.0551856 0.00330791 0.998471 179.3 
0.997828 0.0362796 -0.054988 70.0088 -0.0359218 0.999327 0.00748175 -4.50458 0.0552224 -0.00549022 0.998459 180.158 
0.997785 0.0381127 -0.0545247 69.9515 -0.037455 0.999213 0.0130344 -4.50967 0.0549786 -0.0109633 0.998427 181.013 
0.997693 0.0380263 -0.056246 69.8981 -0.0373962 0.999226 0.0122134 -4.51353 0.0566669 -0.0100818 0.998342 181.861 
0.997679 0.0347631 -0.0585506 69.8457 -0.0346371 0.999395 0.00316447 -4.5197 0.0586252 -0.0011291 0.998279 182.702 
0.997849 0.0240323 -0.0609941 69.805 -0.0245887 0.999662 -0.00838758 -4.5295 0.0607719 0.0098693 0.998103 183.539 
0.997915 0.0136492 -0.0630838 69.7638 -0.0144633 0.999818 -0.012467 -4.54052 0.0629021 0.0133534 0.99793 184.385 
0.997816 0.0163417 -0.0639975 69.7029 -0.0168781 0.999827 -0.00785123 -4.55406 0.0638581 0.00891424 0.997919 185.238 
0.997635 0.0223377 -0.0650021 69.6359 -0.0221938 0.999749 0.00293572 -4.56859 0.0650514 -0.00148614 0.997881 186.092 
0.997514 0.023388 -0.066467 69.5739 -0.023004 0.999714 0.00653696 -4.58383 0.0666009 -0.00499171 0.997767 186.938 
0.997474 0.0223866 -0.0674122 69.5162 -0.0222466 0.999749 0.00282675 -4.59347 0.0674586 -0.00131991 0.997721 187.773 
0.997479 0.0226178 -0.0672584 69.4545 -0.0228977 0.999732 -0.00339346 -4.60074 0.0671637 0.00492497 0.99773 188.603 
0.997276 0.0293299 -0.0676772 69.384 -0.0296522 0.999553 -0.00376225 -4.61048 0.0675366 0.00575878 0.9977 189.437 
0.997171 0.0320928 -0.0679651 69.3179 -0.0322123 0.999481 -0.000662339 -4.62432 0.0679085 0.00284978 0.997687 190.272 
0.996991 0.0358949 -0.0686992 69.2512 -0.0358039 0.999356 0.00255602 -4.63706 0.0687466 -8.86278e-05 0.997634 191.105 
0.996857 0.0394283 -0.0687162 69.1847 -0.0391518 0.999219 0.00536561 -4.6456 0.0688741 -0.00265838 0.997622 191.933 
