1 0 -0 0 -0 1 0 0 0 -0 1 -0 
0.999877 0.00155738 0.0156011 0.011653 -0.00154264 0.999998 -0.000957112 -0.00158949 -0.0156026 0.000932928 0.999878 0.124229 
0.999311 0.00451632 0.0368395 0.0291326 -0.00450013 0.99999 -0.000522606 -0.00289176 -0.0368415 0.000356463 0.999321 0.265911 
0.997941 0.00616213 0.0638386 0.0579423 -0.00622852 0.99998 0.000841022 -0.00411911 -0.0638322 -0.00123691 0.99796 0.422773 
0.99519 0.00583626 0.0977868 0.100596 -0.00616845 0.999976 0.00309503 -0.00596203 -0.0977664 -0.00368334 0.995203 0.59077 
0.990731 0.00274073 0.135813 0.158752 -0.00345996 0.999981 0.00506002 -0.00659465 -0.135796 -0.00548303 0.990722 0.769668 
0.984515 -0.000225712 0.175301 0.23032 -0.000737745 0.999985 0.00543082 -0.00680646 -0.1753 -0.00547605 0.9845 0.9588 
0.975744 -8.73307e-05 0.218915 0.31092 -0.00137823 0.999978 0.00654195 -0.00539157 -0.218911 -0.00668498 0.975722 1.15906 
0.963711 0.000120231 0.266948 0.402789 -0.00274516 0.999951 0.00945994 -0.00325458 -0.266934 -0.00984946 0.963664 1.36933 
0.949278 -0.00362814 0.314417 0.51759 -0.00168943 0.99986 0.0166383 -0.00596942 -0.314434 -0.0163255 0.949139 1.58494 
0.932354 -0.0129029 0.361317 0.656736 0.00433017 0.99969 0.024526 -0.0101576 -0.361521 -0.0213023 0.932121 1.79898 
0.911054 -0.0181626 0.411887 0.805528 0.00691052 0.999562 0.0287913 -0.0102073 -0.41223 -0.023384 0.91078 2.01255 
0.885763 -0.0194307 0.463731 0.96576 0.00474239 0.99945 0.0328194 -0.00815715 -0.464113 -0.026871 0.885368 2.23139 
0.857421 -0.0217121 0.514158 1.1474 0.00290518 0.999298 0.037354 -0.00520466 -0.514608 -0.0305344 0.856882 2.44999 
0.825101 -0.0266249 0.564357 1.35046 0.00376948 0.999126 0.0416251 -0.00222626 -0.564972 -0.0322176 0.824481 2.66468 
0.789051 -0.0320555 0.613491 1.57608 0.00572013 0.998978 0.0448405 0.0014411 -0.614301 -0.0318722 0.788428 2.8763 
0.750994 -0.0360661 0.659323 1.82716 0.00634362 0.998855 0.0474134 0.00800282 -0.660278 -0.0314247 0.750363 3.08864 
0.711039 -0.0391243 0.702063 2.10556 0.00725052 0.998806 0.0483179 0.0196416 -0.703115 -0.0292656 0.710474 3.30251 
0.669125 -0.0408231 0.742028 2.41084 0.00623271 0.998763 0.0493272 0.034857 -0.743124 -0.0283812 0.668552 3.5199 
0.626473 -0.0409043 0.778369 2.74077 0.00121867 0.998672 0.0515007 0.0488829 -0.779442 -0.0313152 0.625691 3.74221 
0.584709 -0.041667 0.810172 3.09981 -0.0016864 0.998616 0.0525757 0.0637771 -0.811241 -0.0321078 0.583829 3.96049 
0.544582 -0.0429191 0.837609 3.48997 -0.00368163 0.998558 0.0535598 0.0801414 -0.8387 -0.0322514 0.543639 4.1755 
0.506071 -0.0450898 0.861312 3.91229 -0.00524603 0.998453 0.0553515 0.0971774 -0.862476 -0.0325303 0.505052 4.38819 
0.468799 -0.0448276 0.882166 4.36096 -0.00838899 0.99844 0.0551942 0.115448 -0.883265 -0.0332755 0.467692 4.59807 
0.43241 -0.0441529 0.900595 4.83764 -0.00941302 0.998525 0.0534735 0.135267 -0.901628 -0.0315998 0.431356 4.7989 
0.398975 -0.0427753 0.915964 5.34581 -0.00811388 0.998708 0.0501736 0.158641 -0.916926 -0.02745 0.398112 4.99094 
0.369453 -0.0410425 0.928343 5.88261 -0.00601225 0.998898 0.0465545 0.182033 -0.92923 -0.0227811 0.368799 5.17865 
0.344094 -0.0392014 0.938116 6.44872 -0.00484755 0.999041 0.0435253 0.206417 -0.938923 -0.0195244 0.343574 5.36812 
0.323949 -0.038626 0.945286 7.04408 -0.00370347 0.999107 0.0420944 0.231206 -0.946067 -0.0171373 0.323517 5.55856 
0.309362 -0.0391704 0.950137 7.66514 -0.00277498 0.99911 0.0420928 0.255147 -0.95094 -0.0156585 0.308978 5.75086 
0.297957 -0.0406692 0.953713 8.31202 -0.00179471 0.999066 0.0431639 0.278607 -0.954578 -0.0145726 0.297606 5.94421 
0.28705 -0.042543 0.95697 8.98353 -0.00309955 0.998967 0.0453397 0.30363 -0.95791 -0.015981 0.286622 6.14361 
0.27653 -0.0442771 0.959985 9.67901 -0.00449192 0.998868 0.0473644 0.330617 -0.960995 -0.0174098 0.276018 6.34322 
0.266464 -0.0460568 0.962744 10.3966 -0.00538752 0.998771 0.0492714 0.359093 -0.96383 -0.0183159 0.265889 6.54108 
0.256338 -0.0478857 0.9654 11.136 -0.00643952 0.998665 0.0512456 0.389472 -0.966566 -0.0193529 0.255688 6.73643 
0.245888 -0.0494142 0.968038 11.8956 -0.00667534 0.99859 0.0526693 0.421249 -0.969275 -0.0194127 0.245211 6.92911 
0.23553 -0.0507262 0.970542 12.6739 -0.00683625 0.998526 0.0538477 0.453917 -0.971843 -0.0193176 0.234836 7.11758 
0.225015 -0.0535533 0.972883 13.4686 -0.00826551 0.998348 0.0568667 0.489104 -0.97432 -0.0208372 0.2242 7.30235 
0.213639 -0.0571916 0.975237 14.2729 -0.0100909 0.998102 0.060743 0.525911 -0.976861 -0.0228181 0.212657 7.48083 
0.201518 -0.0611021 0.977577 15.0847 -0.0110431 0.997847 0.0646455 0.562095 -0.979422 -0.0238227 0.20041 7.64752 
0.188521 -0.0633754 0.980022 15.9008 -0.0120642 0.997691 0.0668387 0.599337 -0.981995 -0.0244237 0.187321 7.80441 
0.174447 -0.0639278 0.982589 16.722 -0.0125492 0.997665 0.0671366 0.63812 -0.984587 -0.0240425 0.173237 7.94989 
0.160071 -0.0629542 0.985096 17.5483 -0.0139964 0.997719 0.0660352 0.677545 -0.987006 -0.0243581 0.158825 8.08368 
0.143563 -0.0618988 0.987703 18.3837 -0.0146132 0.997801 0.0646556 0.717391 -0.989533 -0.0237156 0.142343 8.20235 
0.123108 -0.0602876 0.99056 19.2244 -0.0172899 0.997871 0.0628814 0.755401 -0.992243 -0.0248679 0.121804 8.30724 
0.0976526 -0.0590461 0.993467 20.0739 -0.0218216 0.997871 0.0614527 0.791634 -0.994981 -0.02768 0.0961563 8.39 
0.0673975 -0.0586038 0.996004 20.928 -0.0257746 0.997838 0.0604559 0.827153 -0.997393 -0.0297461 0.0657413 8.44705 
0.0342371 -0.0584674 0.997702 21.7871 -0.0289362 0.997811 0.0594667 0.861766 -0.998995 -0.0309057 0.0324703 8.47224 
-8.82537e-05 -0.0579299 0.998321 22.6483 -0.0305221 0.997856 0.0579002 0.892968 -0.999534 -0.0304657 -0.00185621 8.46715 
-0.0339348 -0.0567489 0.997812 23.5133 -0.0314732 0.997952 0.0556865 0.923581 -0.998928 -0.0295146 -0.0356513 8.43114 
-0.0667288 -0.0548289 0.996264 24.3769 -0.0335497 0.998048 0.05268 0.953508 -0.997207 -0.0299091 -0.068438 8.36924 
-0.0991517 -0.0519704 0.993714 25.24 -0.0358833 0.998172 0.0486232 0.979115 -0.994425 -0.0308367 -0.100835 8.28069 
-0.131499 -0.047454 0.99018 26.0994 -0.0330086 0.998509 0.0434695 1.00103 -0.990767 -0.0269683 -0.132869 8.15716 
-0.163071 -0.041517 0.98574 26.9549 -0.0277164 0.998913 0.0374866 1.01994 -0.986225 -0.0212082 -0.164045 8.00129 
-0.193422 -0.0351167 0.980487 27.8041 -0.0213782 0.999273 0.0315722 1.0342 -0.980883 -0.0148543 -0.194032 7.81737 
-0.222249 -0.0294474 0.974545 28.6497 -0.0155105 0.999524 0.026665 1.04317 -0.974867 -0.0091894 -0.2226 7.60861 
-0.249995 -0.0233819 0.967965 29.486 -0.0069851 0.999726 0.0223451 1.04716 -0.968222 -0.00117517 -0.25009 7.3728 
-0.276189 -0.0129921 0.961015 30.3111 -0.00115997 0.999912 0.0131846 1.04306 -0.961103 0.0025267 -0.27618 7.12072 
-0.30146 0.00263499 0.953475 31.1183 0.00359012 0.999992 -0.00162845 1.03029 -0.953472 0.00293218 -0.301467 6.85373 
-0.326162 0.0199555 0.945103 31.9141 0.00452298 0.999799 -0.0195494 1.01 -0.945303 -0.0021016 -0.326186 6.57289 
-0.351293 0.0349004 0.935615 32.6964 0.00483496 0.999359 -0.0354628 0.979355 -0.936253 -0.00793419 -0.351237 6.27415 
-0.375811 0.0453431 0.925587 33.4759 0.00862024 0.99893 -0.045436 0.935556 -0.926656 -0.00909655 -0.375799 5.95105 
-0.399264 0.0494682 0.9155 34.2449 0.0116046 0.998736 -0.0489048 0.884347 -0.916762 -0.00890195 -0.399334 5.60564 
-0.421676 0.0491431 0.905414 35.0047 0.0152413 0.998773 -0.0471121 0.830824 -0.906619 -0.00606637 -0.421908 5.24329 
-0.441907 0.0447841 0.895942 35.7554 0.0186261 0.998996 -0.0407483 0.777626 -0.896868 -0.00131903 -0.442297 4.86319 
-0.459536 0.0436906 0.887084 36.4895 0.0265232 0.999019 -0.0354638 0.727463 -0.887763 0.00723143 -0.460244 4.46537 
-0.473313 0.0440281 0.879793 37.2099 0.0287177 0.998991 -0.0345435 0.679898 -0.880426 0.00891572 -0.4741 4.06866 
-0.484399 0.0482127 0.873517 37.9205 0.0327178 0.99878 -0.0369831 0.633853 -0.874235 0.010665 -0.485386 3.66681 
-0.49416 0.0506905 0.867892 38.6213 0.0335117 0.998667 -0.0392477 0.587887 -0.868725 0.00968988 -0.4952 3.26298 
-0.504857 0.0500849 0.861749 39.3187 0.0276037 0.998741 -0.0418752 0.538464 -0.862762 0.00264645 -0.505604 2.8617 
-0.51605 0.0486401 0.855177 40.0102 0.0270003 0.998814 -0.0405167 0.490497 -0.856133 0.00218144 -0.516751 2.44973 
-0.524701 0.0499723 0.849818 40.6923 0.0289694 0.998746 -0.0408432 0.446233 -0.850793 0.00318826 -0.525491 2.02168 
-0.531819 0.0530562 0.845195 41.377 0.032154 0.998581 -0.0424528 0.39879 -0.846248 0.00459918 -0.53277 1.58368 
-0.535283 0.0559278 0.842819 42.0728 0.0332219 0.998427 -0.045154 0.353741 -0.844019 0.00382993 -0.536299 1.14193 
-0.534957 0.0581807 0.842873 42.7808 0.0330365 0.998304 -0.0479418 0.308565 -0.844233 0.00219877 -0.535972 0.693087 
-0.531599 0.0583991 0.844981 43.506 0.0350625 0.998282 -0.0469356 0.260236 -0.84627 0.00467625 -0.532733 0.23623 
-0.52571 0.0572372 0.848736 44.251 0.0331716 0.998354 -0.0467805 0.209189 -0.850017 0.00356102 -0.526743 -0.218867 
-0.518814 0.0558622 0.85306 45.0147 0.0309529 0.998436 -0.0465572 0.159543 -0.854327 0.00225017 -0.519731 -0.674164 
-0.511672 0.0553694 0.857395 45.795 0.0292483 0.998465 -0.0470248 0.108887 -0.858683 0.00101608 -0.512506 -1.13221 
-0.505326 0.053901 0.861243 46.595 0.0262655 0.998546 -0.0470831 0.0560164 -0.862529 -0.00117136 -0.506007 -1.59306 
-0.501102 0.051538 0.863852 47.4118 0.0218084 0.99866 -0.0469302 0.00313125 -0.865113 -0.00467756 -0.501555 -2.05405 
-0.499745 0.0488785 0.864792 48.2442 0.0177442 0.998775 -0.0461973 -0.0507175 -0.865991 -0.00774186 -0.5 -2.52186 
-0.500201 0.0462161 0.864675 49.089 0.0144156 0.998881 -0.0450501 -0.105548 -0.865789 -0.0100693 -0.500308 -2.99901 
-0.501114 0.0451785 0.864201 49.9436 0.0133711 0.998921 -0.044468 -0.160339 -0.865278 -0.0107282 -0.501178 -3.48631 
-0.501545 0.0444071 0.863991 50.8072 0.0131536 0.998958 -0.0437085 -0.214619 -0.865031 -0.0105572 -0.501607 -3.98224 
-0.501712 0.0439535 0.863917 51.6809 0.0130745 0.998979 -0.0432322 -0.269507 -0.864936 -0.0103948 -0.501775 -4.48451 
-0.501774 0.0431079 0.863924 52.5634 0.0132615 0.999023 -0.0421467 -0.32468 -0.864897 -0.00969122 -0.501856 -4.99185 
-0.501883 0.0427996 0.863876 53.453 0.0127682 0.999033 -0.0420778 -0.381316 -0.864841 -0.010088 -0.501944 -5.50331 
-0.502089 0.0411677 0.863836 54.3466 0.0109631 0.999089 -0.0412414 -0.439056 -0.864747 -0.0112366 -0.502083 -6.01446 
-0.502064 0.0405036 0.863882 55.2382 0.010509 0.999115 -0.0407366 -0.497978 -0.864767 -0.0113738 -0.502045 -6.52542 
-0.501479 0.0397559 0.864256 56.1289 0.00925936 0.999133 -0.0405876 -0.556499 -0.86512 -0.0123514 -0.501412 -7.03464 
-0.500175 0.0382203 0.86508 57.0184 0.00887054 0.999199 -0.039017 -0.61519 -0.865879 -0.0118416 -0.500114 -7.54158 
-0.498095 0.036116 0.86637 57.9068 0.00916698 0.999296 -0.0363869 -0.673869 -0.867074 -0.0101821 -0.498075 -8.0472 
-0.495667 0.0346489 0.867821 58.7943 0.00948919 0.99936 -0.0344809 -0.731142 -0.868461 -0.00885611 -0.495679 -8.54921 
-0.493301 0.0344609 0.869176 59.6811 0.00976621 0.999371 -0.0340801 -0.78546 -0.869804 -0.00832319 -0.493328 -9.04642 
-0.491158 0.0347348 0.870378 60.5663 0.0100449 0.999364 -0.034214 -0.839489 -0.871013 -0.00806164 -0.491195 -9.54158 
-0.490235 0.0352705 0.870876 61.4492 0.0100048 0.999343 -0.0348415 -0.894398 -0.871533 -0.00836763 -0.490266 -10.0332 
-0.491052 0.0366447 0.870359 62.3282 0.00931233 0.999279 -0.0368186 -0.949837 -0.871081 -0.00997478 -0.491039 -10.5226 
-0.493991 0.0384603 0.868616 63.2013 0.00809791 0.999181 -0.039636 -1.00725 -0.86943 -0.0125458 -0.493898 -11.0109 
-0.498502 0.0389255 0.866014 64.0695 0.00686184 0.999137 -0.0409593 -1.06528 -0.866861 -0.0144758 -0.498339 -11.5028 
-0.503964 0.0375213 0.862909 64.9317 0.00816249 0.999218 -0.0386812 -1.12289 -0.863686 -0.0124505 -0.503876 -12.0022 
-0.509401 0.0351629 0.85981 65.7878 0.00936824 0.999332 -0.0353185 -1.1803 -0.860478 -0.0099364 -0.50939 -12.5072 
-0.514725 0.0326658 0.856733 66.638 0.0065978 0.999395 -0.0341414 -1.23617 -0.85733 -0.0119209 -0.514629 -13.0091 
-0.519714 0.0359626 0.853583 67.4764 0.00856706 0.999283 -0.036885 -1.28942 -0.854297 -0.011857 -0.51965 -13.5161 
-0.524685 0.0375251 0.850469 68.3084 0.00898042 0.999216 -0.0385479 -1.34324 -0.851249 -0.0125879 -0.52461 -14.0254 
-0.529463 0.0384819 0.84746 69.137 0.0077678 0.999149 -0.0405168 -1.40075 -0.848297 -0.0148693 -0.529311 -14.5341 
-0.533192 0.0384175 0.845121 69.9584 0.0063725 0.999122 -0.0413976 -1.45877 -0.84597 -0.0166873 -0.532969 -15.0453 
-0.536526 0.0378051 0.843036 70.7761 0.00746916 0.99917 -0.0400532 -1.51535 -0.84385 -0.0151928 -0.536363 -15.5619 
-0.538892 0.0310297 0.841803 71.5958 0.00839361 0.99947 -0.0314681 -1.56555 -0.842333 -0.00989216 -0.538867 -16.0847 
-0.541057 0.0221612 0.840694 72.4144 0.0077723 0.999742 -0.0213517 -1.61507 -0.84095 -0.00501836 -0.541089 -16.6065 
-0.542619 0.0208347 0.83972 73.2229 0.00908818 0.999779 -0.0189333 -1.65815 -0.83993 -0.00264201 -0.542689 -17.1241 
-0.543718 0.025292 0.838887 74.02 0.00877647 0.999663 -0.0244509 -1.69492 -0.839222 -0.0059319 -0.543757 -17.6354 
-0.544881 0.0318942 0.837907 74.8137 0.0108838 0.999461 -0.030966 -1.73778 -0.838443 -0.00775315 -0.544935 -18.1499 
-0.545176 0.0356672 0.837563 75.605 0.0163218 0.999357 -0.0319331 -1.78118 -0.838163 -0.00373863 -0.545407 -18.6707 
-0.544999 0.0369409 0.837623 76.397 0.0197766 0.999317 -0.0312043 -1.82961 -0.838204 -0.000440943 -0.545357 -19.1918 
-0.544524 0.0333997 0.83808 77.1922 0.0183214 0.999442 -0.0279265 -1.87438 -0.838545 0.00014808 -0.544832 -19.7059 
-0.54382 0.0286494 0.838712 77.988 0.0171387 0.999588 -0.023032 -1.91302 -0.839027 0.00184916 -0.544087 -20.218 
-0.543029 0.0218486 0.83943 78.7831 0.0139433 0.999758 -0.0170016 -1.95311 -0.839598 0.00247205 -0.543202 -20.7253 
-0.542584 0.0161078 0.839847 79.5798 0.00544806 0.999863 -0.0156571 -1.98975 -0.839984 -0.00391974 -0.542597 -21.2201 
-0.541115 0.0109092 0.840878 80.3758 -0.00196925 0.999897 -0.0142394 -2.01874 -0.840946 -0.00936108 -0.541038 -21.7121 
-0.539065 0.0117419 0.842182 81.1628 0.00150565 0.999915 -0.0129773 -2.0508 -0.842263 -0.00572757 -0.539037 -22.2147 
-0.535916 0.0149887 0.844138 81.9464 0.0055291 0.999883 -0.0142439 -2.08476 -0.844253 -0.00296623 -0.535937 -22.7144 
-0.53064 0.0182311 0.847401 82.7332 0.00780534 0.999831 -0.0166228 -2.11331 -0.847561 -0.00220646 -0.530693 -23.2035 
-0.522797 0.0205145 0.852211 83.5223 0.0129862 0.999786 -0.0161004 -2.14489 -0.852359 0.00264972 -0.522951 -23.6924 
-0.514619 0.0238105 0.857088 84.3133 0.0204956 0.99967 -0.0154654 -2.18094 -0.857174 0.00960778 -0.514937 -24.1748 
-0.504735 0.0227332 0.862975 85.113 0.0178206 0.999715 -0.0159124 -2.20931 -0.86309 0.00734717 -0.504996 -24.6362 
-0.493845 0.0204587 0.869309 85.9233 0.0158188 0.999769 -0.0145425 -2.23787 -0.869406 0.00656969 -0.494054 -25.0862 
-0.482256 0.0172105 0.875861 86.7376 0.0161568 0.999812 -0.01075 -2.26759 -0.875881 0.00896689 -0.482443 -25.53 
-0.471184 0.0164553 0.881881 87.5538 0.015738 0.999824 -0.0102473 -2.29657 -0.881894 0.00905063 -0.47136 -25.9582 
-0.459359 0.0157063 0.888112 88.3744 0.0163965 0.999823 -0.00920115 -2.32034 -0.888099 0.0103353 -0.459535 -26.3753 
-0.447326 0.0167388 0.894215 89.1952 0.0179106 0.999792 -0.00975545 -2.34774 -0.894192 0.011652 -0.447532 -26.783 
-0.43526 0.0206819 0.900067 90.0178 0.0178782 0.999738 -0.0143265 -2.38232 -0.900127 0.0098558 -0.435516 -27.175 
-0.423691 0.0300594 0.905308 90.8382 0.0207666 0.999509 -0.0234683 -2.41084 -0.905569 0.00885687 -0.424107 -27.5544 
-0.411062 0.0347016 0.910946 91.6668 0.0204592 0.999375 -0.0288381 -2.44334 -0.911378 0.00678296 -0.411515 -27.9237 
-0.399596 0.0312636 0.916158 92.507 0.0190538 0.999486 -0.0257965 -2.48342 -0.916493 0.00714814 -0.399986 -28.2801 
-0.38781 0.0276034 0.921326 93.3503 0.0176404 0.999591 -0.0225229 -2.52421 -0.921571 0.007518 -0.388138 -28.6284 
-0.378073 0.028383 0.925341 94.1912 0.0148797 0.999587 -0.0245808 -2.56532 -0.925656 0.0044755 -0.378339 -28.9629 
-0.371193 0.0328262 0.927975 95.0314 0.0101372 0.999459 -0.0313 -2.60844 -0.9285 -0.00221123 -0.371325 -29.2847 
-0.366278 0.0378345 0.929736 95.8727 0.00449173 0.999233 -0.0388931 -2.65121 -0.930494 -0.0100696 -0.366167 -29.6014 
-0.362842 0.0398822 0.930997 96.7171 0.00190619 0.999113 -0.0420573 -2.7005 -0.931849 -0.0134855 -0.362596 -29.919 
-0.359167 0.0396217 0.932432 97.5625 0.00065297 0.999109 -0.0422035 -2.75341 -0.933273 -0.0145492 -0.358873 -30.2359 
-0.354198 0.0397291 0.934326 98.4073 0.000231788 0.999101 -0.0423956 -2.80559 -0.93517 -0.0147999 -0.353889 -30.5486 
-0.348436 0.0353538 0.936666 99.2586 -0.00263693 0.999248 -0.0386969 -2.85615 -0.937329 -0.0159533 -0.34808 -30.8588 
-0.343063 0.0316907 0.938778 100.107 -0.00271436 0.999393 -0.0347289 -2.90679 -0.939309 -0.0144624 -0.342769 -31.1625 
-0.337246 0.0286557 0.94098 100.955 -0.00448361 0.999476 -0.032044 -2.95677 -0.941406 -0.0150257 -0.336941 -31.4591 
-0.331587 0.0269582 0.943039 101.805 -0.0128837 0.999369 -0.0330986 -3.00106 -0.943337 -0.0231249 -0.33103 -31.739 
-0.325442 0.0271177 0.945173 102.654 -0.0200813 0.999165 -0.0355812 -3.0449 -0.945349 -0.0305599 -0.324626 -32.0098 
-0.318638 0.031355 0.947358 103.497 -0.0182224 0.999065 -0.0391954 -3.09347 -0.947701 -0.0297523 -0.317769 -32.2871 
-0.311587 0.0347727 0.949581 104.342 -0.016306 0.998987 -0.0419324 -3.14111 -0.950078 -0.0285495 -0.310705 -32.5613 
-0.305073 0.0328777 0.951761 105.196 -0.0176499 0.999037 -0.0401682 -3.18767 -0.952165 -0.0290527 -0.304199 -32.8259 
-0.298099 0.0280006 0.954124 106.053 -0.0182113 0.999221 -0.0350139 -3.23807 -0.954361 -0.0278134 -0.297357 -33.0852 
-0.29107 0.0252258 0.956369 106.911 -0.0196727 0.999283 -0.0323451 -3.28619 -0.9565 -0.028229 -0.290365 -33.3388 
-0.284669 0.0285505 0.958201 107.766 -0.0214476 0.999117 -0.0361414 -3.33011 -0.958386 -0.0308394 -0.283805 -33.5825 
-0.278251 0.0313341 0.959997 108.622 -0.0207623 0.999038 -0.0386263 -3.37636 -0.960284 -0.0306796 -0.277333 -33.8227 
-0.271542 0.0318698 0.961899 109.483 -0.0232257 0.998944 -0.0396538 -3.42288 -0.962146 -0.0331084 -0.270515 -34.0547 
-0.264518 0.0313105 0.963872 110.346 -0.0233401 0.998972 -0.038856 -3.47227 -0.964098 -0.032775 -0.263515 -34.2831 
-0.25648 0.0311748 0.966047 111.207 -0.019258 0.999116 -0.0373549 -3.52068 -0.966358 -0.0281849 -0.255653 -34.5106 
-0.248744 0.032304 0.96803 112.072 -0.016637 0.999154 -0.0376176 -3.5685 -0.968426 -0.0254623 -0.247996 -34.7337 
-0.242085 0.0328686 0.969698 112.937 -0.0155181 0.999167 -0.0377416 -3.61672 -0.970131 -0.0241845 -0.241373 -34.9452 
-0.235415 0.0315762 0.971382 113.806 -0.0217919 0.999049 -0.0377569 -3.665 -0.971651 -0.0300568 -0.234503 -35.1407 
-0.229635 0.0298702 0.972818 114.677 -0.0258326 0.99899 -0.0367716 -3.71176 -0.972934 -0.0335744 -0.228632 -35.3332 
-0.224968 0.030001 0.973904 115.547 -0.0230687 0.999082 -0.0361054 -3.75857 -0.974093 -0.0305892 -0.22407 -35.531 
-0.220227 0.0302337 0.97498 116.416 -0.0214628 0.999127 -0.0358305 -3.80783 -0.975213 -0.0288167 -0.219386 -35.725 
-0.21543 0.0315377 0.97601 117.281 -0.0205086 0.999112 -0.0368109 -3.85396 -0.976304 -0.0279468 -0.214591 -35.9102 
-0.209521 0.030774 0.97732 118.15 -0.0143001 0.999301 -0.0345319 -3.898 -0.977699 -0.0212109 -0.208935 -36.0991 
-0.203997 0.0295927 0.978524 119.02 -0.00695673 0.999474 -0.0316766 -3.94198 -0.978947 -0.0132693 -0.203684 -36.2879 
-0.19917 0.0286579 0.979546 119.889 -0.0051495 0.999528 -0.0302896 -3.98884 -0.979951 -0.011077 -0.198929 -36.4639 
-0.195035 0.0303358 0.980327 120.756 -0.0069991 0.999453 -0.0323201 -4.03021 -0.980771 -0.013165 -0.194716 -36.6282 
-0.191464 0.0322604 0.980969 121.623 -0.00855011 0.999367 -0.0345343 -4.07106 -0.981462 -0.0149995 -0.191067 -36.7897 
-0.189744 0.0315434 0.981327 122.49 -0.0110441 0.999352 -0.0342582 -4.11667 -0.981771 -0.0173382 -0.189273 -36.948 
-0.188749 0.0304686 0.981553 123.358 -0.0115363 0.999381 -0.0332404 -4.15923 -0.981958 -0.0175976 -0.188281 -37.108 
-0.187607 0.026106 0.981897 124.227 -0.0100276 0.999544 -0.0284911 -4.19886 -0.982193 -0.0151912 -0.187259 -37.2728 
-0.186483 0.0208938 0.982236 125.095 -0.0109631 0.999667 -0.023346 -4.24115 -0.982397 -0.015122 -0.186192 -37.4331 
-0.185583 0.0190876 0.982443 125.957 -0.0102658 0.999719 -0.0213625 -4.27997 -0.982575 -0.0140501 -0.185335 -37.5915 
-0.184325 0.0238123 0.982577 126.809 -0.0104888 0.999602 -0.0261925 -4.31665 -0.982809 -0.0151339 -0.184001 -37.7469 
-0.184289 0.0275474 0.982486 127.659 -0.0105366 0.999494 -0.0300007 -4.35338 -0.982816 -0.0158809 -0.183905 -37.9015 
-0.184339 0.0266909 0.9825 128.512 -0.0136115 0.999466 -0.0297056 -4.39187 -0.982768 -0.0188492 -0.183878 -38.052 
-0.183735 0.0257935 0.982637 129.363 -0.0152894 0.99946 -0.0290939 -4.43608 -0.982857 -0.0203695 -0.183241 -38.203 
-0.183058 0.0265384 0.982744 130.209 -0.0108437 0.99952 -0.0290114 -4.47835 -0.983042 -0.0159674 -0.182683 -38.3612 
-0.182271 0.0290769 0.982818 131.051 -0.0126808 0.99941 -0.0319195 -4.51451 -0.983167 -0.0182809 -0.181795 -38.5124 
-0.182662 0.0300629 0.982716 131.891 -0.0212145 0.999179 -0.0345098 -4.55838 -0.982947 -0.0271515 -0.181874 -38.6494 
-0.182257 0.0315439 0.982745 132.726 -0.0270838 0.998945 -0.0370868 -4.60345 -0.982878 -0.0333758 -0.181211 -38.788 
-0.181901 0.0352067 0.982686 133.553 -0.0239871 0.998903 -0.0402279 -4.64981 -0.983024 -0.0308893 -0.180857 -38.9372 
-0.181359 0.0362368 0.982749 134.38 -0.022406 0.998909 -0.0409675 -4.69931 -0.983162 -0.0294493 -0.180349 -39.0857 
-0.179718 0.0372974 0.983011 135.201 -0.0233455 0.998838 -0.042166 -4.74766 -0.983441 -0.0305269 -0.178638 -39.2277 
-0.177766 0.0366888 0.983389 136.022 -0.0150837 0.999086 -0.0400011 -4.7933 -0.983957 -0.021944 -0.17705 -39.38 
-0.17419 0.0335462 0.98414 136.842 -0.0100104 0.999308 -0.035835 -4.8403 -0.984661 -0.0160938 -0.173734 -39.5328 
-0.172263 0.0286849 0.984633 137.66 -0.00623329 0.999524 -0.0302092 -4.88571 -0.985031 -0.0113414 -0.172002 -39.6773 
-0.168546 0.0283435 0.985286 138.471 -0.00469129 0.999552 -0.0295564 -4.92747 -0.985683 -0.00960388 -0.168337 -39.8137 
-0.163537 0.033392 0.985972 139.271 -0.00397599 0.999397 -0.0345061 -4.97192 -0.986529 -0.00956323 -0.163305 -39.9438 
-0.157001 0.0366548 0.986918 140.072 -0.0025047 0.999293 -0.0375129 -5.01325 -0.987595 -0.00836148 -0.156798 -40.0675 
-0.148769 0.0374881 0.988161 140.873 -0.00275664 0.999262 -0.0383243 -5.0501 -0.988868 -0.00842548 -0.148556 -40.1825 
-0.139153 0.0329877 0.989721 141.676 -0.000962261 0.99944 -0.0334469 -5.09555 -0.99027 -0.00560662 -0.139044 -40.291 
-0.127194 0.0316019 0.991374 142.473 0.00281423 0.9995 -0.0314998 -5.13862 -0.991874 -0.00121663 -0.127219 -40.3926 
-0.113326 0.0343185 0.992965 143.263 0.00707524 0.999406 -0.0337336 -5.1775 -0.993533 0.00320258 -0.113501 -40.4829 
-0.0991556 0.0353848 0.994443 144.053 0.00654675 0.999369 -0.0349073 -5.21685 -0.99505 0.00304911 -0.0993247 -40.5556 
-0.0853928 0.0354399 0.995717 144.843 0.00820717 0.999358 -0.0348656 -5.25808 -0.996314 0.00519474 -0.0856289 -40.6183 
-0.0718316 0.0370618 0.996728 145.624 0.00912716 0.999292 -0.0364994 -5.30255 -0.997375 0.00647549 -0.072119 -40.6695 
-0.0581556 0.0434256 0.997363 146.399 0.00630665 0.99905 -0.0431313 -5.35154 -0.998288 0.0037817 -0.0583742 -40.7045 
-0.0455588 0.0525603 0.997578 147.163 -0.000755213 0.998613 -0.0526493 -5.39972 -0.998961 -0.00315202 -0.0454559 -40.7204 
-0.0318266 0.0606167 0.997654 147.923 -0.00470511 0.998139 -0.0607963 -5.44893 -0.999482 -0.00662901 -0.0314821 -40.7301 
-0.0186879 0.0612931 0.997945 148.687 -0.00512465 0.9981 -0.0613986 -5.50105 -0.999812 -0.00626153 -0.0183383 -40.736 
-0.00694697 0.0574015 0.998327 149.455 -0.00904719 0.998307 -0.0574633 -5.55851 -0.999935 -0.00943125 -0.00641588 -40.7286 
0.00366656 0.0550999 0.998474 150.218 -0.0129621 0.9984 -0.0550482 -5.61879 -0.999909 -0.0127405 0.0043749 -40.7107 
0.0126228 0.0616072 0.998021 150.968 -0.0165918 0.997976 -0.0613946 -5.67928 -0.999783 -0.015784 0.0136194 -40.6867 
0.0191984 0.0696038 0.99739 151.714 -0.0197066 0.997406 -0.0692257 -5.73545 -0.999621 -0.0183262 0.0205202 -40.6615 
0.0222006 0.0726386 0.997111 152.465 -0.0225143 0.99714 -0.0721395 -5.79017 -0.9995 -0.0208477 0.0237725 -40.634 
0.0220965 0.0680456 0.997437 153.22 -0.0248444 0.99741 -0.0674934 -5.85187 -0.999447 -0.0232893 0.0237298 -40.608 
0.02035 0.0636453 0.997765 153.971 -0.0261987 0.997663 -0.0631044 -5.91961 -0.99945 -0.024856 0.0219699 -40.5858 
0.0174808 0.0607714 0.997999 154.719 -0.0245657 0.997876 -0.0603336 -5.97691 -0.999545 -0.0234619 0.0189366 -40.5699 
0.0147097 0.0611599 0.99802 155.461 -0.0225889 0.997893 -0.0608192 -6.03002 -0.999637 -0.0216496 0.0160602 -40.5585 
0.0110917 0.0610541 0.998073 156.201 -0.0209068 0.99793 -0.060813 -6.08894 -0.99972 -0.020192 0.0123452 -40.5488 
0.00632987 0.0595299 0.998206 156.942 -0.0218004 0.997997 -0.0593792 -6.14821 -0.999742 -0.0213854 0.00761497 -40.539 
0.00100381 0.0599408 0.998201 157.681 -0.0225869 0.997949 -0.0599029 -6.19849 -0.999744 -0.0224861 0.00235563 -40.5344 
-0.00496204 0.0580761 0.9983 158.418 -0.0238246 0.998022 -0.0581783 -6.25198 -0.999704 -0.0240728 -0.00356859 -40.5327 
-0.0107952 0.0553026 0.998411 159.153 -0.0214352 0.998227 -0.0555242 -6.31075 -0.999712 -0.0220005 -0.00959061 -40.54 
-0.0161197 0.0552472 0.998343 159.882 -0.0221499 0.998208 -0.0555974 -6.36238 -0.999625 -0.0230094 -0.0148671 -40.5483 
-0.0215914 0.0565343 0.998167 160.607 -0.0237427 0.998089 -0.0570435 -6.41431 -0.999485 -0.0249308 -0.0202079 -40.5572 
-0.0256424 0.058809 0.99794 161.327 -0.0241505 0.99794 -0.0594295 -6.47071 -0.999379 -0.0256246 -0.0241693 -40.5698 
-0.0280938 0.061041 0.99774 162.043 -0.0239771 0.997805 -0.0617202 -6.52669 -0.999318 -0.0256569 -0.0265686 -40.5871 
-0.0297465 0.0626121 0.997595 162.756 -0.0211647 0.997773 -0.0632544 -6.57842 -0.999333 -0.0229954 -0.0283551 -40.6075 
-0.0289148 0.0610481 0.997716 163.469 -0.0177658 0.997944 -0.061577 -6.63256 -0.999424 -0.0195057 -0.0277708 -40.6294 
-0.0249195 0.0573782 0.998041 164.177 -0.0153133 0.998212 -0.0577704 -6.68921 -0.999572 -0.0167229 -0.0239963 -40.6467 
-0.0175152 0.0572041 0.998209 164.878 -0.0142223 0.998247 -0.0574558 -6.74528 -0.999745 -0.0152031 -0.016671 -40.6536 
-0.00621427 0.0579697 0.998299 165.571 -0.0115715 0.998247 -0.0580388 -6.79781 -0.999914 -0.0119125 -0.00553258 -40.6545 
0.00830321 0.0581918 0.998271 166.26 -0.00888381 0.99827 -0.0581179 -6.84826 -0.999926 -0.00838589 0.00880581 -40.6461 
0.0235749 0.0558232 0.998162 166.947 -0.00991021 0.998404 -0.0556026 -6.8958 -0.999673 -0.00858117 0.0240905 -40.6204 
0.0396353 0.0510951 0.997907 167.63 -0.0148822 0.998611 -0.0505401 -6.94419 -0.999103 -0.0128479 0.0403407 -40.5774 
0.0559663 0.0445198 0.99744 168.309 -0.0162679 0.998913 -0.0436728 -6.98825 -0.9983 -0.013782 0.0566298 -40.5265 
0.0730694 0.0372291 0.996632 168.984 -0.0164661 0.999212 -0.0361182 -7.02697 -0.997191 -0.0137715 0.0736248 -40.468 
0.0906224 0.029818 0.995439 169.653 -0.0170413 0.999452 -0.0283868 -7.06238 -0.99574 -0.0143911 0.0910809 -40.3971 
0.107763 0.023944 0.993888 170.313 -0.0187052 0.999582 -0.022053 -7.09587 -0.994001 -0.0162144 0.108166 -40.3119 
0.125703 0.0216525 0.991832 170.964 -0.019558 0.999622 -0.0193439 -7.12636 -0.991875 -0.0169667 0.126079 -40.2176 
0.143733 0.0202949 0.989408 171.606 -0.01809 0.999677 -0.0178775 -7.15049 -0.989451 -0.0153288 0.144053 -40.1154 
0.161177 0.0197361 0.986728 172.241 -0.0192805 0.999672 -0.0168456 -7.17211 -0.986737 -0.0163095 0.161505 -39.9999 
0.177165 0.0187633 0.984002 172.87 -0.02406 0.999602 -0.0147288 -7.19262 -0.983887 -0.0210657 0.177546 -39.8686 
0.191508 0.0152283 0.981373 173.495 -0.0261464 0.999604 -0.0104089 -7.21371 -0.981143 -0.0236659 0.191831 -39.7309 
0.203839 0.0112836 0.978939 174.117 -0.0226632 0.99972 -0.00680408 -7.23192 -0.978742 -0.020799 0.204038 -39.597 
0.214692 0.010126 0.976629 174.729 -0.0204099 0.999774 -0.00587924 -7.24916 -0.976468 -0.0186707 0.21485 -39.4587 
0.224514 0.0138514 0.974373 175.326 -0.0246915 0.999659 -0.0085215 -7.2697 -0.974158 -0.0221455 0.224779 -39.3066 
0.233456 0.0209685 0.972141 175.913 -0.0287918 0.999478 -0.0146439 -7.29105 -0.971941 -0.024571 0.233937 -39.1485 
0.242591 0.0307268 0.969642 176.492 -0.0286247 0.99929 -0.0245048 -7.31078 -0.969706 -0.0218111 0.243298 -38.9963 
0.25089 0.0364364 0.96733 177.076 -0.0229079 0.999235 -0.0316967 -7.32924 -0.967745 -0.0142071 0.251532 -38.848 
0.257381 0.0345582 0.965692 177.667 -0.0222725 0.999307 -0.029825 -7.34806 -0.966053 -0.013832 0.257972 -38.6856 
0.26318 0.0271636 0.964364 178.263 -0.0250066 0.99946 -0.0213277 -7.36834 -0.964423 -0.0185024 0.263717 -38.5096 
0.267437 0.0167653 0.96343 178.863 -0.0296135 0.999519 -0.00917297 -7.39152 -0.96312 -0.0260774 0.267804 -38.3297 
0.269454 0.00868695 0.962974 179.461 -0.0298898 0.999553 -0.000653324 -7.41393 -0.962549 -0.0286071 0.269593 -38.1559 
0.270538 0.00790108 0.962677 180.053 -0.026397 0.999651 -0.000786264 -7.4308 -0.962347 -0.0251991 0.270652 -37.9909 
0.271816 0.00983773 0.962299 180.643 -0.0228386 0.999732 -0.0037693 -7.4424 -0.962078 -0.020953 0.271967 -37.8263 
0.273532 0.00930566 0.961818 181.238 -0.0195511 0.9998 -0.00411299 -7.45068 -0.961664 -0.0176796 0.273659 -37.6596 
0.275313 0.00703975 0.961329 181.836 -0.0213392 0.999772 -0.00120999 -7.4578 -0.961118 -0.0201808 0.2754 -37.4831 
0.278153 0.0033366 0.960531 182.437 -0.0216014 0.999763 0.00278249 -7.46855 -0.960294 -0.0215227 0.278159 -37.3051 
0.281278 -0.00188293 0.959624 183.043 -0.0208793 0.999749 0.00808163 -7.47934 -0.959399 -0.0223094 0.281168 -37.1258 
0.285755 -0.00472761 0.958291 183.646 -0.0195375 0.999751 0.0107581 -7.48504 -0.958104 -0.0217968 0.285592 -36.943 
0.292033 -0.00703533 0.956382 184.247 -0.0175562 0.999765 0.0127153 -7.48624 -0.956247 -0.0205037 0.291841 -36.7575 
0.29997 -0.0102396 0.953894 184.852 -0.0158906 0.99975 0.0157289 -7.48893 -0.953816 -0.0198761 0.299733 -36.5645 
0.309724 -0.0122249 0.950748 185.455 -0.0132314 0.999765 0.0171655 -7.49319 -0.950735 -0.0178963 0.309489 -36.3657 
0.320842 -0.0101996 0.947078 186.052 -0.0146196 0.99977 0.0157198 -7.49674 -0.94702 -0.0188895 0.320619 -36.1543 
0.332235 -0.00644528 0.943175 186.647 -0.0157535 0.999799 0.0123814 -7.49875 -0.943065 -0.0189718 0.332067 -35.9324 
0.343853 -0.00330374 0.939018 187.244 -0.0168497 0.999811 0.00968773 -7.4983 -0.938872 -0.0191533 0.343733 -35.7034 
0.355514 -0.00307222 0.934666 187.844 -0.0154598 0.999838 0.00916681 -7.49831 -0.934543 -0.0177087 0.355409 -35.4678 
0.366687 -0.00609704 0.930324 188.449 -0.0146762 0.999816 0.0123371 -7.49952 -0.930229 -0.0181775 0.36653 -35.2212 
0.377743 -0.007486 0.92588 189.053 -0.0158112 0.999769 0.0145341 -7.50341 -0.925776 -0.0201295 0.377537 -34.9627 
0.388953 -0.0080753 0.921222 189.659 -0.0174023 0.999719 0.0161109 -7.50411 -0.921093 -0.0222978 0.388703 -34.6955 
0.398296 -0.00914259 0.917211 190.268 -0.0212498 0.99959 0.0191914 -7.5007 -0.917011 -0.0271344 0.397938 -34.4148 
0.405307 -0.00787438 0.914147 190.88 -0.0249813 0.999494 0.0196856 -7.49674 -0.913839 -0.0308153 0.404905 -34.1289 
0.409536 -0.0107937 0.91223 191.503 -0.0249725 0.999423 0.0230366 -7.49377 -0.911952 -0.032215 0.40903 -33.841 
0.411732 -0.0145902 0.911188 192.135 -0.0220495 0.99942 0.0259664 -7.48764 -0.911038 -0.0307824 0.411172 -33.5536 
0.411829 -0.0137993 0.911157 192.77 -0.0177338 0.999575 0.0231538 -7.4803 -0.911088 -0.0256936 0.411409 -33.2682 
0.410694 -0.0134254 0.911674 193.413 -0.0164859 0.999619 0.0221471 -7.4775 -0.911624 -0.0241255 0.410316 -32.9765 
0.410003 -0.0122261 0.912002 194.063 -0.0129806 0.999731 0.0192378 -7.46984 -0.911992 -0.0197259 0.409734 -32.6859 
0.409807 -0.0141212 0.912063 194.724 -0.00977077 0.999755 0.0198691 -7.46106 -0.91212 -0.017054 0.409569 -32.3938 
0.409055 -0.0199983 0.912291 195.395 -0.00634687 0.999673 0.0247597 -7.45562 -0.912488 -0.0159183 0.408795 -32.0966 
0.407948 -0.0229233 0.912718 196.066 -0.00592383 0.999597 0.0277531 -7.45003 -0.912986 -0.0167286 0.407647 -31.7958 
0.406291 -0.0253784 0.913391 196.738 -0.00513432 0.999535 0.0300558 -7.44425 -0.913729 -0.016901 0.405972 -31.4946 
0.404935 -0.025413 0.913992 197.41 -0.00598721 0.999519 0.0304436 -7.43165 -0.914326 -0.0177999 0.404588 -31.1934 
0.403064 -0.025622 0.914813 198.085 -0.0075462 0.999481 0.0313182 -7.42057 -0.915141 -0.0195266 0.402662 -30.8909 
0.401407 -0.0245556 0.915571 198.761 -0.00835181 0.999501 0.0304682 -7.41576 -0.915862 -0.0198768 0.401001 -30.5905 
0.400279 -0.0213106 0.916145 199.436 -0.00741985 0.999621 0.0264942 -7.41158 -0.916363 -0.0174027 0.39997 -30.2958 
0.399638 -0.0153354 0.916545 200.108 -0.00768934 0.999769 0.0200806 -7.4026 -0.916641 -0.0150726 0.399428 -30.0018 
0.398588 -0.0124707 0.917045 200.783 -0.0099158 0.999791 0.0179058 -7.39631 -0.917077 -0.0162303 0.398381 -29.7027 
0.397124 -0.0151585 0.91764 201.462 -0.0111949 0.999709 0.021359 -7.39405 -0.917697 -0.0187551 0.396838 -29.4028 
0.396015 -0.0181708 0.918064 202.142 -0.0132409 0.999587 0.025496 -7.39374 -0.918148 -0.0222528 0.395611 -29.1034 
0.393414 -0.0172354 0.9192 202.817 -0.0174046 0.999505 0.0261902 -7.39121 -0.919197 -0.0263019 0.392919 -28.8039 
0.38872 -0.0170886 0.921197 203.493 -0.0204421 0.999422 0.0271657 -7.38585 -0.921129 -0.029391 0.388146 -28.5105 
0.382068 -0.0183281 0.923953 204.176 -0.0202601 0.999397 0.0282026 -7.37681 -0.923912 -0.0294947 0.381466 -28.2276 
0.373268 -0.0187427 0.927534 204.859 -0.0198397 0.999406 0.0281791 -7.37314 -0.927512 -0.0289204 0.372674 -27.9527 
0.363392 -0.017768 0.931467 205.541 -0.0172421 0.999519 0.0257928 -7.3721 -0.931477 -0.0254333 0.362911 -27.6912 
0.352801 -0.0143836 0.935588 206.222 -0.0183742 0.999583 0.0222961 -7.3658 -0.935518 -0.0250568 0.35239 -27.435 
0.34132 -0.0142951 0.939838 206.909 -0.0213641 0.999508 0.0229615 -7.35507 -0.939704 -0.027916 0.340847 -27.1819 
0.330465 -0.0222863 0.943555 207.608 -0.0163297 0.999437 0.0293254 -7.34796 -0.943677 -0.025099 0.329915 -26.9437 
0.322028 -0.030898 0.946226 208.31 -0.0122035 0.999249 0.0367827 -7.34145 -0.946651 -0.0233923 0.321409 -26.7149 
0.314905 -0.0363276 0.948428 209.011 -0.0118805 0.999038 0.0422108 -7.32802 -0.949049 -0.0245602 0.314171 -26.4829 
0.310691 -0.0370631 0.949788 209.709 -0.0176116 0.998843 0.0447384 -7.30879 -0.950348 -0.0306271 0.309679 -26.2445 
0.308149 -0.0388642 0.950544 210.412 -0.0165749 0.998794 0.0462102 -7.28929 -0.951194 -0.0299948 0.307133 -26.0163 
0.306589 -0.0399299 0.951004 211.118 -0.0156242 0.998774 0.0469726 -7.26991 -0.951714 -0.0292599 0.305589 -25.7889 
0.305698 -0.0379421 0.951372 211.823 -0.0159026 0.998863 0.0449459 -7.2493 -0.951996 -0.0288692 0.304747 -25.5584 
0.305264 -0.0358861 0.951591 212.531 -0.0192921 0.998852 0.0438571 -7.22713 -0.952072 -0.0317462 0.304221 -25.3223 
0.305801 -0.0365353 0.951394 213.245 -0.0200419 0.998795 0.0447975 -7.20611 -0.951885 -0.0327668 0.3047 -25.0873 
0.307482 -0.0377921 0.950803 213.963 -0.020742 0.998707 0.046404 -7.18506 -0.951328 -0.0339899 0.306301 -24.8505 
0.308899 -0.0397351 0.950264 214.683 -0.0192941 0.998659 0.0480307 -7.16552 -0.950899 -0.0331712 0.307719 -24.6157 
0.310624 -0.0408113 0.949656 215.407 -0.0157046 0.998721 0.0480567 -7.14361 -0.950403 -0.0298416 0.309586 -24.3813 
0.313627 -0.0421795 0.948609 216.131 -0.014755 0.998676 0.0492839 -7.1175 -0.949432 -0.0294535 0.31259 -24.1393 
0.317818 -0.0435952 0.947149 216.856 -0.0165772 0.998534 0.0515228 -7.09407 -0.948007 -0.032076 0.316629 -23.8877 
0.322921 -0.0475143 0.945232 217.586 -0.0182448 0.998241 0.0564119 -7.06686 -0.94625 -0.0354622 0.321486 -23.6302 
0.327958 -0.0511274 0.943308 218.318 -0.0189265 0.997978 0.0606707 -7.0358 -0.944503 -0.037751 0.326327 -23.3699 
0.332202 -0.0511644 0.94182 219.048 -0.0201587 0.997914 0.0613222 -7.00669 -0.942993 -0.0393572 0.330478 -23.106 
0.336629 -0.0464452 0.940491 219.776 -0.0254189 0.997971 0.0583819 -6.97913 -0.941294 -0.0435593 0.334765 -22.8338 
0.341133 -0.0404386 0.939145 220.502 -0.0301002 0.998092 0.0539104 -6.94265 -0.939533 -0.046659 0.339265 -22.5561 
0.345812 -0.0372906 0.937563 221.232 -0.0338843 0.998062 0.0521949 -6.91012 -0.937692 -0.0498183 0.343878 -22.2763 
0.350168 -0.0375831 0.935933 221.965 -0.0357004 0.997933 0.0534297 -6.88562 -0.936006 -0.0521225 0.348102 -21.9941 
0.354078 -0.0351805 0.934554 222.695 -0.0374418 0.997958 0.051753 -6.86046 -0.934466 -0.053316 0.352038 -21.7082 
0.358048 -0.0323307 0.933143 223.423 -0.0378325 0.998077 0.0490968 -6.83244 -0.932936 -0.0528821 0.356136 -21.4217 
0.362669 -0.0319722 0.93137 224.154 -0.0379759 0.998074 0.0490496 -6.80617 -0.931144 -0.0531584 0.360756 -21.1322 
0.367197 -0.0334077 0.929543 224.885 -0.0377735 0.997995 0.0507895 -6.78365 -0.929376 -0.0537618 0.365199 -20.8382 
0.371525 -0.033982 0.927801 225.613 -0.0338072 0.998172 0.0500971 -6.76108 -0.927807 -0.0499787 0.369697 -20.5463 
0.37589 -0.033943 0.926042 226.34 -0.0305969 0.998329 0.0490122 -6.73763 -0.926159 -0.0467572 0.374224 -20.2529 
0.380006 -0.0317378 0.924439 227.065 -0.0315791 0.998383 0.0472575 -6.71213 -0.924445 -0.0471511 0.37839 -19.9488 
0.384394 -0.0319961 0.922615 227.789 -0.0362198 0.998107 0.0497046 -6.68741 -0.922458 -0.0525231 0.382507 -19.6342 
0.389028 -0.032187 0.920664 228.512 -0.0390971 0.997912 0.0514081 -6.66357 -0.920396 -0.0559944 0.386957 -19.3197 
0.393124 -0.0298296 0.919002 229.228 -0.0362027 0.998196 0.0478867 -6.64567 -0.918773 -0.0520958 0.391335 -19.0107 
0.397029 -0.0232391 0.917512 229.94 -0.0354343 0.998546 0.0406249 -6.62612 -0.917122 -0.0486406 0.395628 -18.6989 
0.400286 -0.0165912 0.91624 230.646 -0.0415633 0.998478 0.0362385 -6.60161 -0.915447 -0.0525877 0.398988 -18.3743 
0.403233 -0.0176611 0.914927 231.359 -0.0475498 0.998059 0.0402224 -6.57968 -0.913861 -0.0597236 0.401611 -18.0437 
0.405851 -0.0278964 0.913513 232.083 -0.0466315 0.9976 0.0511814 -6.55913 -0.912749 -0.0633705 0.403576 -17.7192 
0.40769 -0.0401649 0.912237 232.809 -0.0428561 0.99709 0.0630538 -6.52899 -0.912114 -0.0648013 0.404782 -17.3982 
0.409418 -0.0478202 0.911093 233.527 -0.0441187 0.996419 0.0721243 -6.49532 -0.911279 -0.0697252 0.405843 -17.0701 
0.411566 -0.0495477 0.910032 234.239 -0.0457075 0.996142 0.0749075 -6.46186 -0.910233 -0.0724247 0.407714 -16.7402 
0.414355 -0.045134 0.908995 234.943 -0.0452742 0.996511 0.0701171 -6.42293 -0.908988 -0.0702074 0.410866 -16.4142 
0.418481 -0.0394467 0.907368 235.647 -0.0439212 0.997008 0.0636002 -6.38226 -0.907163 -0.0664682 0.415497 -16.0889 
0.422859 -0.0350672 0.905517 236.351 -0.0436957 0.9973 0.0590266 -6.34729 -0.905141 -0.0645271 0.420185 -15.7565 
0.426956 -0.0333509 0.903657 237.055 -0.0418005 0.997523 0.056565 -6.31717 -0.903306 -0.0619241 0.424505 -15.4207 
0.431019 -0.031313 0.901799 237.758 -0.041049 0.997683 0.0542619 -6.28602 -0.901409 -0.0604059 0.428735 -15.0808 
0.434867 -0.0327358 0.8999 238.462 -0.0397721 0.997666 0.0555116 -6.25399 -0.899616 -0.059931 0.432549 -14.7375 
0.438275 -0.037858 0.898043 239.168 -0.0380952 0.997433 0.0606396 -6.22244 -0.898033 -0.0607879 0.435707 -14.3899 
0.441224 -0.0437419 0.89633 239.875 -0.036046 0.997141 0.0664055 -6.18803 -0.896673 -0.0616088 0.438386 -14.0416 
0.443698 -0.0492397 0.894823 240.583 -0.0346874 0.996798 0.0720509 -6.14952 -0.895505 -0.0630079 0.440569 -13.69 
0.445691 -0.0544154 0.893531 241.291 -0.0327979 0.996488 0.0770449 -6.10489 -0.894586 -0.0636443 0.442341 -13.3353 
0.447224 -0.0611871 0.892327 242.001 -0.0313148 0.995975 0.0839888 -6.05867 -0.893874 -0.0655048 0.443507 -12.9793 
0.44888 -0.061686 0.89146 242.706 -0.0316598 0.99589 0.084854 -6.01222 -0.893031 -0.0663127 0.445082 -12.6215 
0.450667 -0.050281 0.891275 243.396 -0.0405224 0.996231 0.076692 -5.97175 -0.891772 -0.0706791 0.446931 -12.2552 
0.451388 -0.0368876 0.891565 244.086 -0.0420519 0.997156 0.0625467 -5.92932 -0.891336 -0.0657249 0.448553 -11.8961 
0.45227 -0.0293184 0.891399 244.785 -0.0419248 0.997656 0.0540847 -5.88488 -0.890895 -0.0618326 0.449981 -11.5378 
0.452019 -0.0317225 0.891444 245.495 -0.0415772 0.997532 0.05658 -5.84893 -0.891039 -0.062639 0.449585 -11.1742 
