1 0 -0 0 -0 1 0 0 0 -0 1 -0 
0.999997 -0.00222189 -0.0013594 -0.0046793 0.00222594 0.999993 0.00298051 -0.0206773 0.00135276 -0.00298353 0.999995 1.52024 
0.999993 -0.00258409 -0.00279135 -0.0149782 0.00259468 0.999989 0.00379656 -0.0390629 0.00278151 -0.00380378 0.999989 3.03284 
0.99999 -0.00133078 -0.00424417 -0.0301769 0.00134604 0.999993 0.00359417 -0.0558124 0.00423935 -0.00359984 0.999985 4.54039 
0.999984 -0.000780005 -0.00567075 -0.0474793 0.000799652 0.999994 0.00346313 -0.0726462 0.00566802 -0.0034676 0.999978 6.04183 
0.999975 -0.000831967 -0.00697668 -0.065594 0.000858267 0.999993 0.00376751 -0.0895096 0.00697349 -0.00377341 0.999969 7.5379 
0.999961 -0.000999459 -0.00873123 -0.0842862 0.00103583 0.999991 0.00416178 -0.106269 0.00872699 -0.00417067 0.999953 9.03006 
0.999942 -0.00286064 -0.0103925 -0.103678 0.00289582 0.99999 0.003371 -0.122591 0.0103828 -0.0034009 0.99994 10.5174 
0.999922 -0.00399 -0.0118496 -0.124802 0.00403414 0.999985 0.00370354 -0.139031 0.0118346 -0.00375106 0.999923 12.0002 
0.999906 -0.00370053 -0.0131695 -0.149508 0.00374945 0.999986 0.0036916 -0.155425 0.0131557 -0.00374063 0.999906 13.4711 
0.999893 -0.00312107 -0.0143192 -0.175942 0.00317473 0.999988 0.00372569 -0.170329 0.0143074 -0.00377074 0.999891 14.909 
0.999887 -0.00248509 -0.0148463 -0.234862 0.00254914 0.999988 0.00429683 -0.19741 0.0148354 -0.00433419 0.999881 17.3756 
0.999879 -0.00188997 -0.0154514 -0.285742 0.00196962 0.999985 0.00514147 -0.221256 0.0154414 -0.00517128 0.999867 19.6288 
0.99987 -0.00107739 -0.0161002 -0.321204 0.00117338 0.999982 0.00595368 -0.236098 0.0160935 -0.0059718 0.999853 21.254 
0.999862 -0.00120222 -0.0165411 -0.356667 0.00129967 0.999982 0.00588213 -0.250113 0.0165337 -0.00590282 0.999846 22.8681 
0.999855 -0.000481516 -0.0170057 -0.393081 0.000583769 0.999982 0.00600844 -0.264515 0.0170024 -0.0060175 0.999837 24.473 
0.999854 0.000159134 -0.0171105 -0.429606 -4.69313e-05 0.999978 0.00655774 -0.278242 0.0171112 -0.00655598 0.999832 26.0654 
0.999855 0.0011269 -0.0169717 -0.467704 -0.000993777 0.999969 0.00785019 -0.291171 0.01698 -0.00783219 0.999825 27.6446 
0.999856 0.00133656 -0.0169114 -0.504697 -0.00122627 0.999978 0.00653053 -0.304361 0.0169198 -0.00650885 0.999836 29.2077 
0.999856 0.00178803 -0.0168663 -0.540213 -0.00171185 0.999988 0.00453036 -0.318138 0.0168742 -0.00450083 0.999847 30.7531 
0.999864 -0.00013833 -0.016495 -0.572046 0.000209511 0.999991 0.00431369 -0.333161 0.0164943 -0.00431656 0.999855 32.2882 
0.999867 -0.0010558 -0.016253 -0.603725 0.00117 0.999975 0.00701873 -0.347956 0.0162452 -0.00703681 0.999843 33.8093 
0.999867 -0.00269258 -0.0161146 -0.633573 0.00282552 0.999962 0.00823245 -0.3617 0.0160918 -0.00827688 0.999836 35.3191 
0.999867 -0.00355356 -0.0158944 -0.6622 0.00367512 0.999964 0.00762506 -0.374609 0.0158668 -0.00768247 0.999845 36.8043 
0.999875 -0.00346329 -0.0154353 -0.692829 0.00355345 0.999977 0.00581748 -0.38833 0.0154147 -0.0058716 0.999864 38.2727 
0.999885 -0.00258978 -0.0149158 -0.723917 0.00266611 0.999983 0.00510018 -0.404058 0.0149023 -0.00513937 0.999876 39.7195 
0.9999 -0.00193056 -0.0140152 -0.753746 0.00198877 0.999989 0.00414074 -0.421812 0.0140071 -0.00416819 0.999893 41.1462 
0.999918 -0.00138638 -0.0127379 -0.781401 0.00145279 0.999985 0.00520548 -0.439551 0.0127305 -0.00522356 0.999905 42.5571 
0.999936 -0.000993333 -0.011234 -0.806472 0.00107562 0.999973 0.00732104 -0.457188 0.0112264 -0.00733266 0.99991 43.9479 
0.999953 -0.00160587 -0.00956181 -0.827389 0.00168615 0.999963 0.00839307 -0.473377 0.00954799 -0.0084088 0.999919 45.317 
0.999973 -0.00110578 -0.00726853 -0.845089 0.00117148 0.999958 0.00904 -0.487489 0.00725823 -0.00904827 0.999933 46.6653 
0.999991 -0.00141418 -0.0039154 -0.858189 0.00144729 0.999963 0.00846417 -0.501341 0.00390329 -0.00846976 0.999957 47.9898 
0.999998 -0.00213724 -0.000281028 -0.865562 0.00213908 0.999975 0.00672315 -0.515649 0.000266652 -0.00672373 0.999977 49.2902 
0.999993 -0.00224473 0.00315469 -0.868682 0.002229 0.999985 0.00498178 -0.530168 -0.00316583 -0.00497471 0.999983 50.5773 
0.999971 -0.00207353 0.00728636 -0.866491 0.0020326 0.999982 0.00562013 -0.545113 -0.00729789 -0.00560516 0.999958 51.8536 
0.999919 -0.00174109 0.0126387 -0.858996 0.00167146 0.999983 0.00551735 -0.561384 -0.0126481 -0.00549578 0.999905 53.1155 
0.999817 -0.000102312 0.0191342 -0.84547 1.39575e-05 0.999989 0.00461767 -0.575749 -0.0191345 -0.00461656 0.999806 54.3671 
0.999647 0.00126911 0.0265394 -0.823258 -0.00139331 0.999988 0.00466179 -0.589564 -0.0265332 -0.00469712 0.999637 55.6066 
0.999385 0.0023187 0.0349778 -0.791237 -0.00251992 0.999981 0.00570958 -0.60421 -0.0349639 -0.00579421 0.999372 56.8349 
0.998961 0.00461396 0.0453315 -0.747957 -0.00490963 0.999967 0.00641319 -0.619026 -0.0453004 -0.00662908 0.998951 58.0453 
0.998276 0.00687731 0.0582894 -0.692378 -0.00726328 0.999953 0.00641229 -0.632732 -0.0582426 -0.00682461 0.998279 59.2387 
0.99728 0.00893587 0.073163 -0.62003 -0.00946757 0.999931 0.00692382 -0.645292 -0.0730961 -0.00759767 0.997296 60.4169 
0.995936 0.0111942 0.0893615 -0.529399 -0.0119813 0.999894 0.00827619 -0.657249 -0.0892594 -0.00931323 0.995965 61.5797 
0.994193 0.0112951 0.107018 -0.415851 -0.0123393 0.999882 0.0091008 -0.668674 -0.106902 -0.0103685 0.994215 62.7282 
0.991963 0.0108854 0.126059 -0.280693 -0.0120158 0.999894 0.00820972 -0.679239 -0.125956 -0.00965843 0.991989 63.86 
0.989197 0.00993781 0.146255 -0.123713 -0.0111383 0.999911 0.00739151 -0.688162 -0.146169 -0.0089407 0.989219 64.9769 
0.985918 0.00716798 0.167074 0.0580298 -0.00848393 0.999938 0.00716403 -0.69651 -0.167012 -0.00848059 0.985918 66.0785 
0.982003 0.00217727 0.188855 0.266686 -0.00399099 0.999949 0.00922398 -0.703857 -0.188826 -0.00981169 0.981962 67.1657 
0.977283 -0.00319337 0.211912 0.498796 0.000942445 0.999942 0.0107221 -0.712791 -0.211934 -0.0102788 0.97723 68.2309 
0.971798 -0.00822455 0.23567 0.75406 0.00598159 0.99993 0.0102307 -0.72141 -0.235738 -0.00853251 0.971779 69.2732 
0.965322 -0.0142228 0.260675 1.03456 0.0124448 0.999887 0.00847004 -0.728859 -0.260766 -0.00493226 0.965389 70.2954 
0.957818 -0.0177975 0.286824 1.33679 0.015823 0.999832 0.00920046 -0.735723 -0.28694 -0.00427393 0.957939 71.2983 
0.94922 -0.0204509 0.313947 1.66158 0.0176856 0.999776 0.0116543 -0.743708 -0.314115 -0.00551019 0.949369 72.2837 
0.939536 -0.024854 0.341547 2.01493 0.0211462 0.99967 0.0145753 -0.748468 -0.341796 -0.00647163 0.939752 73.2481 
0.928631 -0.0279109 0.369953 2.39301 0.0243711 0.999602 0.0142397 -0.753008 -0.370203 -0.00420723 0.928941 74.1878 
0.916571 -0.0272778 0.39894 2.79137 0.0251901 0.999628 0.0104756 -0.757758 -0.399077 0.000447701 0.916917 75.1036 
0.903525 -0.0284227 0.427591 3.21681 0.0290151 0.999566 0.00513226 -0.762232 -0.427551 0.00776946 0.903958 75.9939 
0.889351 -0.0303761 0.456214 3.66982 0.032672 0.999462 0.00285578 -0.769631 -0.456056 0.0123656 0.889865 76.8649 
0.873706 -0.0310318 0.485463 4.14816 0.0320416 0.999467 0.00622138 -0.777911 -0.485398 0.0101194 0.874235 77.7245 
0.856062 -0.0299974 0.516002 4.64988 0.0277752 0.999542 0.0120278 -0.786165 -0.516127 0.00403549 0.856503 78.5671 
0.836457 -0.0302383 0.547198 5.17759 0.0257914 0.999542 0.0158097 -0.793911 -0.547426 0.00088891 0.836854 79.3834 
0.81536 -0.0240651 0.578454 5.72545 0.0217109 0.999704 0.0109875 -0.797128 -0.578548 0.00360001 0.815641 80.1703 
0.793439 -0.0172599 0.608405 6.29823 0.0187306 0.999817 0.00393668 -0.800761 -0.608361 0.00827228 0.793617 80.9299 
0.77102 -0.0150095 0.636634 6.90191 0.017854 0.999839 0.00194984 -0.806142 -0.63656 0.00986307 0.771164 81.6649 
0.747792 -0.0175342 0.663702 7.53612 0.0188299 0.999809 0.00519809 -0.815986 -0.663666 0.00861033 0.747979 82.3745 
0.723381 -0.017851 0.690218 8.18753 0.0189605 0.999802 0.00598626 -0.829576 -0.690188 0.0087565 0.723577 83.0559 
0.698085 -0.0159521 0.715837 8.85682 0.0194818 0.999805 0.00328143 -0.839777 -0.71575 0.0116551 0.69826 83.7056 
0.671921 -0.0135395 0.740499 9.54413 0.0192393 0.999815 0.000823326 -0.84713 -0.740372 0.0136935 0.672057 84.3293 
0.645004 -0.011258 0.764096 10.2543 0.0174645 0.999847 -1.10057e-05 -0.857807 -0.763979 0.0133517 0.645102 84.9311 
0.617096 -0.00990793 0.786825 10.9889 0.0173792 0.999848 -0.00103989 -0.871298 -0.786696 0.0143161 0.617175 85.5071 
0.58849 -0.00340897 0.808497 11.7421 0.0158381 0.999848 -0.00731245 -0.886668 -0.808349 0.0171083 0.588455 86.0573 
0.558561 0.00585644 0.829443 12.5145 0.0145606 0.999752 -0.0168643 -0.904853 -0.829336 0.021497 0.558337 86.5823 
0.52783 0.0142017 0.849232 13.3111 0.0133817 0.999597 -0.0250336 -0.927318 -0.849245 0.0245777 0.527427 87.0816 
0.496106 0.0190475 0.868053 14.1312 0.0107731 0.999547 -0.0280898 -0.955884 -0.868195 0.0232871 0.495676 87.5575 
0.463739 0.0185293 0.885778 14.9757 0.00869309 0.999638 -0.0254623 -0.989209 -0.885929 0.019508 0.46341 88.0059 
0.430608 0.0171491 0.902376 15.841 0.00390775 0.999775 -0.0208649 -1.02283 -0.902531 0.0125108 0.430444 88.4287 
0.396397 0.0183022 0.917897 16.7232 -0.000392363 0.999805 -0.0197659 -1.0559 -0.918079 0.00747499 0.396327 88.8192 
0.36123 0.0212435 0.932235 17.6212 -0.00777355 0.999774 -0.0197704 -1.08566 -0.932444 -0.000105096 0.361314 89.1839 
0.325364 0.0231793 0.945305 18.5383 -0.0128799 0.999715 -0.0200803 -1.11286 -0.945501 -0.005642 0.32557 89.5153 
0.289277 0.0225641 0.956979 19.4753 -0.0157113 0.999699 -0.0188221 -1.14104 -0.957116 -0.00959061 0.289545 89.8099 
0.253002 0.0220723 0.967214 20.4282 -0.0166398 0.999691 -0.0184608 -1.16965 -0.967323 -0.0114236 0.253291 90.0672 
0.217118 0.0215112 0.975908 21.3948 -0.0160736 0.9997 -0.0184596 -1.19754 -0.976013 -0.0116785 0.217398 90.2856 
0.181774 0.0202757 0.983131 22.3737 -0.0140115 0.999739 -0.0180276 -1.22197 -0.98324 -0.0104982 0.182011 90.4677 
0.147266 0.0193364 0.988908 23.3621 -0.00602522 0.999808 -0.0186522 -1.2514 -0.989079 -0.00321155 0.147354 90.6072 
0.113663 0.022775 0.993258 24.354 -0.00395475 0.99974 -0.022471 -1.28218 -0.993511 -0.00137396 0.113724 90.7172 
0.0811076 0.0277504 0.996319 25.3509 -0.00318113 0.999614 -0.0275832 -1.31308 -0.9967 -0.000932217 0.0811646 90.7996 
0.0520659 0.0316389 0.998142 26.3505 0.0035995 0.999486 -0.0318693 -1.34811 -0.998637 0.00525212 0.0519252 90.8458 
0.0265871 0.0298007 0.999202 27.3608 0.00536866 0.999537 -0.0299536 -1.38455 -0.999632 0.00616076 0.0264148 90.8697 
0.00431422 0.0267918 0.999632 28.3776 0.00698502 0.999616 -0.0268215 -1.42187 -0.999966 0.00709817 0.00412542 90.8748 
-0.0145257 0.024183 0.999602 29.3953 0.00735903 0.999683 -0.024078 -1.45946 -0.999867 0.00700635 -0.014699 90.8594 
-0.0309834 0.0273171 0.999147 30.4119 0.00894584 0.999594 -0.0270519 -1.49555 -0.99948 0.00810005 -0.0312152 90.8268 
-0.0455855 0.0316226 0.99846 31.4246 0.0118111 0.999446 -0.0311146 -1.53167 -0.998891 0.0103745 -0.0459338 90.7783 
-0.057476 0.0368873 0.997665 32.4372 0.0162254 0.99922 -0.0360101 -1.57088 -0.998215 0.0141178 -0.0580296 90.7158 
-0.0663297 0.0403779 0.99698 33.454 0.0216601 0.999004 -0.0390188 -1.61559 -0.997563 0.0190065 -0.0671382 90.6408 
-0.0720202 0.0457108 0.996355 34.4706 0.0255506 0.998706 -0.0439718 -1.66553 -0.997076 0.0222906 -0.0730949 90.5612 
-0.0755873 0.0504364 0.995863 35.488 0.0274257 0.998447 -0.0484857 -1.71885 -0.996762 0.0236473 -0.0768531 90.4829 
-0.0783116 0.0545249 0.995437 36.509 0.0295728 0.998191 -0.0523492 -1.77665 -0.99649 0.0253383 -0.0797824 90.3997 
-0.0809548 0.0574074 0.995063 37.5313 0.0299464 0.998029 -0.0551422 -1.83935 -0.996268 0.0253345 -0.0825144 90.3166 
-0.0833818 0.0608165 0.99466 38.5487 0.0309416 0.997813 -0.0584154 -1.90579 -0.996037 0.0259056 -0.0850812 90.2323 
-0.0853706 0.0645625 0.994255 39.5655 0.0322004 0.997556 -0.062012 -1.97322 -0.995829 0.0267214 -0.0872408 90.1433 
-0.0875455 0.0660068 0.993971 40.5884 0.0348349 0.997395 -0.063166 -2.04248 -0.995551 0.029095 -0.0896167 90.0515 
-0.0896384 0.0647112 0.99387 41.6169 0.0349581 0.997477 -0.0617931 -2.11401 -0.995361 0.0292047 -0.0916743 89.9588 
-0.0920404 0.0643522 0.993674 42.6468 0.0344299 0.997518 -0.0614121 -2.18552 -0.99516 0.0285597 -0.0940276 89.8671 
-0.0942707 0.0657754 0.993371 43.677 0.0343357 0.997436 -0.0627861 -2.25448 -0.994954 0.0281892 -0.0962874 89.7719 
-0.096723 0.0679418 0.99299 44.7125 0.0332582 0.997331 -0.0649993 -2.3262 -0.994756 0.0267382 -0.0987245 89.6756 
-0.0994173 0.0701109 0.992573 45.748 0.0317228 0.997231 -0.0672625 -2.40223 -0.99454 0.0248001 -0.101366 89.5761 
-0.101942 0.0736615 0.992059 46.7851 0.0294021 0.997042 -0.0710102 -2.48102 -0.994356 0.0219298 -0.103806 89.4752 
-0.104146 0.0777943 0.991515 47.8256 0.0260452 0.996808 -0.0754738 -2.56313 -0.994221 0.0179639 -0.10584 89.3716 
-0.106778 0.0801552 0.991047 48.8696 0.023827 0.996665 -0.0780424 -2.64748 -0.993997 0.0152805 -0.108331 89.2646 
-0.109579 0.0786628 0.990861 49.9217 0.0218799 0.996813 -0.0767157 -2.7335 -0.993737 0.0132735 -0.110951 89.1534 
-0.112553 0.0744318 0.990854 50.9788 0.0188576 0.997171 -0.0727642 -2.81984 -0.993467 0.0104953 -0.113638 89.0418 
-0.114902 0.072869 0.990701 52.0369 0.0190322 0.997284 -0.0711459 -2.903 -0.993195 0.0106805 -0.115977 88.9223 
-0.116808 0.0732719 0.990448 53.0933 0.0183791 0.997263 -0.0716086 -2.98657 -0.992984 0.00983915 -0.117835 88.8017 
-0.118065 0.0760858 0.990087 54.1491 0.0198085 0.997042 -0.0742582 -3.06928 -0.992808 0.0108448 -0.119223 88.6776 
-0.118817 0.0788446 0.989781 55.2055 0.0202558 0.996827 -0.0769743 -3.15429 -0.992709 0.0109029 -0.120038 88.5545 
-0.119139 0.0795472 0.989686 56.2613 0.0189672 0.996786 -0.0778346 -3.24103 -0.992696 0.00949839 -0.120265 88.4314 
-0.118894 0.0783188 0.989813 57.3244 0.0160335 0.996906 -0.0769541 -3.3292 -0.992778 0.00672088 -0.119781 88.3056 
-0.118975 0.0776298 0.989858 58.3862 0.0121664 0.996978 -0.0767259 -3.41887 -0.992823 0.00291455 -0.11956 88.1863 
-0.119062 0.0787446 0.989759 59.4507 0.00829975 0.996894 -0.0783139 -3.50829 -0.992852 -0.00110944 -0.119346 88.0681 
-0.11934 0.078919 0.989712 60.5183 0.00409213 0.996867 -0.078996 -3.59762 -0.992845 -0.00537738 -0.119289 87.9496 
-0.119717 0.0783784 0.989709 61.5926 0.000647561 0.996885 -0.0788683 -3.68837 -0.992808 -0.00880095 -0.119394 87.8305 
-0.12002 0.0732941 0.990062 62.6743 0.000957155 0.997279 -0.0737123 -3.77536 -0.992771 -0.00789929 -0.119763 87.705 
-0.120352 0.0646756 0.990622 63.7638 0.00409028 0.997899 -0.0646538 -3.85833 -0.992723 -0.00372928 -0.120364 87.5745 
-0.12017 0.0593222 0.990979 64.8525 0.00951424 0.998236 -0.0586029 -3.93672 -0.992708 0.00238612 -0.120522 87.4395 
-0.119378 0.0617561 0.990926 65.9368 0.0178097 0.998036 -0.0600537 -4.0076 -0.992689 0.010479 -0.120244 87.2991 
-0.118191 0.0674795 0.990695 67.0224 0.0233068 0.997602 -0.0651694 -4.0781 -0.992717 0.0153875 -0.119481 87.1616 
-0.117292 0.0732173 0.990395 68.1128 0.0269596 0.997146 -0.0705235 -4.15609 -0.992731 0.0184287 -0.118931 87.0287 
-0.116551 0.0776447 0.990145 69.2091 0.0277083 0.996806 -0.0749055 -4.24081 -0.992798 0.0187049 -0.11833 86.8982 
-0.116389 0.074812 0.990382 70.3178 0.024734 0.997068 -0.0724104 -4.32513 -0.992896 0.0160683 -0.117898 86.7719 
-0.116111 0.0702374 0.99075 71.4302 0.0239378 0.997405 -0.0679038 -4.41175 -0.992948 0.015832 -0.117491 86.6443 
-0.115945 0.0682077 0.990911 72.5452 0.0215145 0.997578 -0.0661493 -4.49324 -0.993023 0.0136493 -0.117131 86.5188 
-0.115758 0.06893 0.990883 73.6599 0.0196312 0.997553 -0.0671007 -4.57296 -0.993083 0.0116848 -0.116828 86.394 
-0.115453 0.0741783 0.990539 74.7754 0.0207026 0.997171 -0.0722619 -4.65635 -0.993097 0.0121638 -0.116662 86.2644 
-0.114822 0.0768276 0.990411 75.8953 0.0203808 0.996977 -0.0749741 -4.74184 -0.993177 0.0115767 -0.116041 86.1357 
-0.114449 0.0757759 0.990535 77.0255 0.02056 0.997054 -0.0738991 -4.8301 -0.993216 0.0119077 -0.11567 86.0076 
-0.113854 0.0689908 0.991099 78.1641 0.0222538 0.997513 -0.0668809 -4.91976 -0.993248 0.0144411 -0.115106 85.8756 
-0.114153 0.0674326 0.991172 79.3028 0.0216101 0.997626 -0.0653828 -5.00347 -0.993228 0.0139557 -0.115339 85.7477 
-0.113905 0.070531 0.990985 80.4396 0.0192081 0.997447 -0.0687831 -5.08492 -0.993306 0.0112002 -0.114969 85.6241 
-0.113577 0.0736836 0.990793 81.5837 0.018599 0.997229 -0.0720302 -5.16779 -0.993355 0.0102468 -0.114633 85.4961 
-0.11361 0.0731473 0.990829 82.7351 0.0177597 0.997276 -0.0715869 -5.256 -0.993367 0.0094639 -0.114599 85.3697 
-0.113347 0.0696472 0.991111 83.8965 0.0173741 0.997526 -0.068111 -5.34443 -0.993404 0.00949951 -0.114277 85.241 
-0.112552 0.0684795 0.991283 85.0588 0.0180713 0.997598 -0.0668639 -5.4328 -0.993481 0.0103881 -0.113519 85.1118 
-0.111351 0.0689698 0.991385 86.2251 0.0196468 0.997547 -0.0671917 -5.51798 -0.993587 0.0119957 -0.112433 84.981 
-0.110249 0.069244 0.991489 87.3972 0.0221814 0.997493 -0.0671969 -5.60262 -0.993656 0.0145842 -0.111508 84.8494 
-0.109176 0.0686238 0.991651 88.5737 0.0219169 0.997538 -0.0666182 -5.68974 -0.993781 0.0144608 -0.110411 84.7223 
-0.107799 0.0693503 0.991751 89.7544 0.0231629 0.997468 -0.0672324 -5.77521 -0.993903 0.0157242 -0.109132 84.5954 
-0.106565 0.0675469 0.992009 90.9418 0.0233853 0.997584 -0.0654144 -5.8619 -0.994031 0.0162275 -0.107887 84.4692 
-0.105517 0.0667317 0.992176 92.1331 0.0218544 0.99766 -0.0647764 -5.94769 -0.994177 0.0148484 -0.106728 84.3496 
-0.104119 0.0660345 0.99237 93.3296 0.0230385 0.997686 -0.0639711 -6.0301 -0.994298 0.0162021 -0.105399 84.2258 
-0.102464 0.0668999 0.992485 94.5282 0.0211917 0.997656 -0.0650607 -6.11539 -0.994511 0.0143661 -0.103641 84.106 
-0.100937 0.0696083 0.992455 95.7346 0.0216874 0.997466 -0.0677541 -6.20042 -0.994656 0.0146849 -0.102191 83.9878 
-0.0998296 0.0685335 0.992642 96.9477 0.0197317 0.997565 -0.0668891 -6.28613 -0.994809 0.012909 -0.100939 83.8707 
-0.0993473 0.0671633 0.992784 98.1654 0.0162428 0.997696 -0.0658702 -6.37707 -0.99492 0.00958158 -0.100209 83.7572 
-0.0992385 0.0682474 0.992721 99.3826 0.0136619 0.997645 -0.0672202 -6.46326 -0.99497 0.00689157 -0.0999371 83.6442 
-0.0996606 0.0676587 0.992719 100.612 0.0109698 0.9977 -0.0668969 -6.55108 -0.994961 0.00422291 -0.100174 83.5305 
-0.100794 0.0650256 0.99278 101.846 0.00837616 0.997882 -0.0645094 -6.64163 -0.994872 0.00181356 -0.101125 83.4161 
-0.102085 0.06353 0.992745 103.083 0.00619778 0.99798 -0.0632277 -6.73111 -0.994756 -0.000301787 -0.102273 83.2981 
-0.103443 0.0627664 0.992653 104.318 0.00435951 0.998026 -0.0626518 -6.81862 -0.994626 -0.0021534 -0.103512 83.1779 
-0.105103 0.0629724 0.992466 105.557 0.00440346 0.998013 -0.062858 -6.90605 -0.994452 -0.00223625 -0.105171 83.0532 
-0.107413 0.0616756 0.9923 106.799 0.00397876 0.998093 -0.0616049 -6.99161 -0.994206 -0.00266907 -0.107454 82.9246 
-0.110509 0.0568477 0.992248 108.04 0.00122115 0.99837 -0.0570624 -7.07715 -0.993874 -0.00509422 -0.110398 82.7953 
-0.114726 0.0568525 0.991769 109.275 0.000715339 0.998365 -0.0571478 -7.16054 -0.993397 -0.00584692 -0.11458 82.661 
-0.120336 0.0626159 0.990757 110.499 -0.00445062 0.997965 -0.063612 -7.24535 -0.992723 -0.0120643 -0.119812 82.5281 
-0.12756 0.065729 0.989651 111.723 -0.00368093 0.997763 -0.0667423 -7.33236 -0.991824 -0.0121565 -0.127033 82.3801 
-0.13659 0.0616313 0.988709 112.948 -0.00188843 0.998045 -0.0624742 -7.42404 -0.990626 -0.0104005 -0.136207 82.2173 
-0.147522 0.0593539 0.987276 114.169 9.03608e-05 0.998199 -0.059997 -7.51504 -0.989059 -0.00876167 -0.147262 82.0414 
-0.160441 0.0603274 0.9852 115.383 0.000401814 0.998134 -0.0610539 -7.60089 -0.987045 -0.00939967 -0.160166 81.8543 
-0.174602 0.0605623 0.982775 116.581 0.00237125 0.99813 -0.0610873 -7.6846 -0.984636 -0.00833558 -0.174419 81.6501 
-0.189001 0.0583156 0.980244 117.769 0.00293399 0.998264 -0.0588219 -7.77024 -0.981973 -0.00824135 -0.188844 81.4288 
-0.204215 0.0609594 0.977026 118.944 0.00719063 0.998126 -0.0607729 -7.85487 -0.9789 -0.00538531 -0.204271 81.1869 
-0.219255 0.0642027 0.973553 120.111 0.00778864 0.997916 -0.0640552 -7.94149 -0.975637 -0.00646177 -0.219298 80.931 
-0.234534 0.0680724 0.969722 121.27 0.0076978 0.997644 -0.0681707 -8.02989 -0.972078 -0.0085236 -0.234505 80.6611 
-0.250615 0.065899 0.965841 122.426 0.00410633 0.997744 -0.0670102 -8.12019 -0.968078 -0.0128277 -0.25032 80.3776 
-0.266689 0.060166 0.961903 123.581 -0.00158265 0.998021 -0.0628639 -8.20989 -0.963781 -0.0182874 -0.266066 80.0777 
-0.28234 0.0561608 0.957669 124.727 -0.00555802 0.998172 -0.0601746 -8.29524 -0.959298 -0.0223124 -0.281512 79.7583 
-0.297576 0.057567 0.952961 125.865 -0.0074679 0.998009 -0.0626203 -8.37911 -0.954669 -0.0257509 -0.296554 79.4193 
-0.312007 0.0594667 0.948217 126.991 -0.0077374 0.997847 -0.0651252 -8.46356 -0.950048 -0.0276562 -0.310875 79.0616 
-0.325944 0.0616998 0.943374 128.111 -0.00614912 0.997709 -0.067378 -8.55249 -0.945369 -0.0277624 -0.324818 78.6842 
-0.339953 0.061529 0.938428 129.225 -0.00410187 0.997751 -0.0669046 -8.64262 -0.940434 -0.0265937 -0.338936 78.2884 
-0.354076 0.0594623 0.933324 130.335 -0.00445606 0.997858 -0.0652643 -8.73331 -0.935206 -0.0272675 -0.353053 77.8785 
-0.368546 0.058045 0.927795 131.435 -0.00484001 0.997915 -0.0643545 -8.82297 -0.929597 -0.0282081 -0.367497 77.4521 
-0.383349 0.0593623 0.921694 132.527 -0.00632637 0.99774 -0.0668914 -8.91169 -0.923582 -0.0314737 -0.382107 77.0127 
-0.398236 0.061485 0.91522 133.608 -0.00552487 0.997572 -0.0694215 -8.99996 -0.917266 -0.0327026 -0.39693 76.5536 
-0.412929 0.0631194 0.908573 134.684 -0.00443983 0.997444 -0.0713112 -9.09203 -0.910752 -0.0334804 -0.411594 76.0747 
-0.427387 0.0656544 0.901682 135.754 -0.00170979 0.997299 -0.073427 -9.18742 -0.904067 -0.0329234 -0.42612 75.5748 
-0.442214 0.0690756 0.894246 136.822 -0.00192597 0.996954 -0.0779617 -9.28476 -0.896907 -0.0361981 -0.440734 75.0585 
-0.457272 0.0713756 0.886458 137.888 -0.000875418 0.996738 -0.0807066 -9.38361 -0.889326 -0.0376809 -0.455718 74.5199 
-0.472655 0.0686925 0.878566 138.954 -0.00222682 0.996861 -0.0791396 -9.48457 -0.881245 -0.0393621 -0.471018 73.9613 
-0.488697 0.0641909 0.870089 140.02 -0.00514814 0.99706 -0.0764498 -9.58726 -0.872439 -0.0418401 -0.48693 73.3837 
-0.50484 0.0643058 0.860814 141.075 -0.00566136 0.996953 -0.0777961 -9.68681 -0.863194 -0.044148 -0.502938 72.7839 
-0.520808 0.0633592 0.851319 142.123 -0.00707211 0.996887 -0.0785195 -9.78623 -0.853645 -0.0469142 -0.518739 72.1613 
-0.536687 0.0622249 0.841484 143.162 -0.00772798 0.996873 -0.0786442 -9.88915 -0.843746 -0.0487103 -0.534528 71.516 
-0.552341 0.0616589 0.831335 144.192 -0.00909045 0.996756 -0.0799677 -9.99478 -0.833569 -0.0517266 -0.549988 70.851 
-0.567775 0.060914 0.820927 145.215 -0.0095539 0.996704 -0.0805647 -10.1004 -0.823128 -0.0535857 -0.565322 70.1623 
-0.58302 0.0581131 0.810377 146.228 -0.01014 0.99684 -0.0787797 -10.2064 -0.812395 -0.0541473 -0.580588 69.4502 
-0.598036 0.0545719 0.799609 147.234 -0.0100843 0.997088 -0.0755916 -10.3118 -0.801406 -0.05327 -0.595744 68.7134 
-0.612912 0.0529244 0.788377 148.23 -0.00920995 0.997208 -0.0741036 -10.4147 -0.790097 -0.0526799 -0.610714 67.9553 
-0.627669 0.0510753 0.776803 149.213 -0.0102839 0.997214 -0.073877 -10.5154 -0.778413 -0.0543588 -0.625395 67.1782 
-0.642441 0.0520338 0.764566 150.181 -0.0116815 0.996911 -0.0776619 -10.6215 -0.766246 -0.0588245 -0.639849 66.384 
-0.657744 0.0513685 0.751488 151.14 -0.0138662 0.996677 -0.080265 -10.7277 -0.753114 -0.0632141 -0.654846 65.5698 
-0.673545 0.0480819 0.737581 152.09 -0.0157451 0.996722 -0.0793532 -10.8373 -0.738978 -0.0650613 -0.67058 64.7302 
-0.689777 0.040382 0.722895 153.032 -0.0194759 0.997047 -0.0742802 -10.9468 -0.72376 -0.0653158 -0.686953 63.865 
-0.706611 0.0378666 0.706588 153.952 -0.0203627 0.997065 -0.0737968 -11.0541 -0.707309 -0.0665337 -0.703766 62.9758 
-0.724048 0.0351475 0.688854 154.857 -0.0222066 0.996995 -0.074211 -11.1555 -0.689392 -0.0690294 -0.721092 62.0579 
-0.741457 0.0313028 0.67027 155.74 -0.0253901 0.996887 -0.0746432 -11.2625 -0.67052 -0.0723629 -0.738354 61.1204 
-0.758248 0.0292661 0.651309 156.606 -0.0252354 0.996926 -0.074175 -11.3654 -0.651477 -0.0726791 -0.755179 60.1512 
-0.774222 0.0312431 0.632143 157.428 -0.0230937 0.996721 -0.0775462 -11.4784 -0.632493 -0.0746365 -0.770962 59.1711 
-0.789421 0.0306346 0.613088 158.242 -0.019927 0.996949 -0.0754736 -11.5841 -0.613529 -0.0717974 -0.786402 58.1506 
-0.803983 0.0319352 0.593794 159.016 -0.0158714 0.997049 -0.0751125 -11.698 -0.59444 -0.0698135 -0.801104 57.1187 
-0.818426 0.0329293 0.573668 159.771 -0.0143599 0.996873 -0.0777084 -11.8071 -0.574433 -0.0718364 -0.815393 56.07 
-0.832243 0.0345718 0.553333 160.497 -0.0133167 0.996519 -0.0822909 -11.9192 -0.554252 -0.0758546 -0.828886 55.0058 
-0.845195 0.0351172 0.533303 161.2 -0.0105292 0.996551 -0.0823084 -12.0334 -0.534354 -0.0751819 -0.841911 53.9199 
-0.856975 0.0331086 0.514294 161.878 -0.0094177 0.996762 -0.0798611 -12.1499 -0.515272 -0.0732824 -0.853888 52.8179 
-0.867495 0.0346904 0.496235 162.528 -0.0067839 0.996648 -0.081532 -12.2658 -0.4974 -0.074095 -0.864351 51.7063 
-0.877056 0.0374581 0.478926 163.152 -0.00406739 0.996341 -0.0853751 -12.3788 -0.480371 -0.0768267 -0.873694 50.5855 
-0.886133 0.0352486 0.462088 163.761 -0.00566569 0.996205 -0.0868566 -12.4997 -0.463396 -0.0795846 -0.88257 49.4556 
-0.894371 0.0324108 0.446149 164.351 -0.00686289 0.99626 -0.0861315 -12.6221 -0.447272 -0.0800955 -0.890804 48.311 
-0.901652 0.0303219 0.431399 164.92 -0.00784911 0.996227 -0.0864274 -12.7458 -0.432392 -0.0813135 -0.898012 47.1587 
-0.908322 0.0282908 0.417314 165.47 -0.00839953 0.996275 -0.0858225 -12.869 -0.418187 -0.0814597 -0.904701 45.9979 
-0.914585 0.0256646 0.403579 166.004 -0.00957138 0.996331 -0.0850499 -12.9917 -0.40428 -0.0816482 -0.910983 44.8261 
-0.92028 0.0206622 0.390714 166.525 -0.0121445 0.996615 -0.0813091 -13.1113 -0.391071 -0.0795722 -0.916914 43.643 
-0.925388 0.0172818 0.378627 167.027 -0.0133125 0.996862 -0.0780365 -13.2278 -0.378787 -0.0772545 -0.922254 42.4526 
-0.929729 0.0174742 0.367829 167.509 -0.0108212 0.997146 -0.0747223 -13.3386 -0.368085 -0.0734519 -0.926886 41.2559 
-0.93294 0.0216148 0.359383 167.974 -0.00640133 0.997043 -0.0765837 -13.4472 -0.359976 -0.0737485 -0.930042 40.0605 
-0.935183 0.0267956 0.353149 168.424 -0.000940519 0.996942 -0.0781348 -13.5551 -0.354163 -0.0734025 -0.932299 38.8652 
-0.937025 0.0301388 0.347959 168.869 0.00214316 0.996747 -0.0805628 -13.6648 -0.349256 -0.0747436 -0.934042 37.6665 
-0.938853 0.0272928 0.343236 169.317 -7.11046e-05 0.996838 -0.079459 -13.7763 -0.34432 -0.0746247 -0.935882 36.4669 
-0.940698 0.0199533 0.338658 169.766 -0.00613863 0.997104 -0.0757996 -13.8863 -0.339189 -0.0733834 -0.937852 35.2628 
-0.942532 0.0137299 0.333833 170.212 -0.0116794 0.997191 -0.0739877 -13.9935 -0.333911 -0.0736348 -0.939724 34.0581 
-0.944169 0.00728325 0.329382 170.652 -0.0186318 0.996975 -0.0754527 -14.0973 -0.328935 -0.0773771 -0.941177 32.8549 
-0.945416 0.00489295 0.325828 171.081 -0.0217793 0.996703 -0.0781619 -14.2042 -0.325136 -0.0809919 -0.942192 31.652 
-0.946145 0.0052832 0.3237 171.503 -0.0219932 0.996508 -0.0805484 -14.3148 -0.322995 -0.0833297 -0.942725 30.4462 
-0.946392 0.00593351 0.322965 171.922 -0.0218944 0.996354 -0.0824626 -14.4283 -0.322277 -0.085113 -0.942811 29.2396 
-0.946289 0.00874554 0.323205 172.337 -0.0195298 0.996263 -0.0841375 -14.5444 -0.322733 -0.0859305 -0.942581 28.0356 
-0.94588 0.00970436 0.324371 172.755 -0.0191453 0.996143 -0.0856306 -14.6621 -0.323951 -0.0872065 -0.942046 26.8339 
-0.945403 0.0107677 0.325725 173.175 -0.018768 0.995997 -0.0873988 -14.7819 -0.325362 -0.0887403 -0.941416 25.6342 
-0.944728 0.0122119 0.327629 173.595 -0.0172993 0.996057 -0.0870096 -14.9027 -0.3274 -0.0878681 -0.940791 24.4362 
-0.943848 0.0117663 0.33017 174.02 -0.0180841 0.996027 -0.0871923 -15.0246 -0.329884 -0.0882671 -0.939886 23.242 
-0.942542 0.0106109 0.33392 174.45 -0.0196699 0.995999 -0.0871711 -15.1446 -0.333509 -0.0887306 -0.938562 22.0551 
-0.940888 0.0092039 0.338592 174.884 -0.0207867 0.996178 -0.0848416 -15.2632 -0.338079 -0.0868646 -0.9371 20.8736 
-0.938813 0.00704645 0.344355 175.325 -0.0225458 0.996389 -0.0818552 -15.3805 -0.343689 -0.0846104 -0.935264 19.6986 
-0.936257 0.00475845 0.351284 175.772 -0.024538 0.996581 -0.0788993 -15.4924 -0.350458 -0.0824898 -0.932939 18.5296 
-0.933487 0.00713869 0.358541 176.22 -0.0225898 0.996646 -0.0786577 -15.6033 -0.3579 -0.0815253 -0.930194 17.3666 
-0.930195 0.00754383 0.366989 176.681 -0.0229277 0.996642 -0.0786009 -15.711 -0.36635 -0.0815283 -0.926898 16.2137 
-0.926369 0.0108412 0.37646 177.148 -0.0212141 0.996497 -0.0808991 -15.8209 -0.376019 -0.0829287 -0.922894 15.0659 
-0.922149 0.0121269 0.386645 177.632 -0.0203441 0.996605 -0.0797789 -15.9288 -0.3863 -0.081434 -0.918771 13.9217 
-0.917158 0.0141109 0.398273 178.131 -0.0198468 0.996516 -0.0810108 -16.0397 -0.398029 -0.0822041 -0.913682 12.7836 
-0.911369 0.0163088 0.411268 178.644 -0.0191424 0.996454 -0.0819337 -16.1502 -0.411146 -0.0825444 -0.907825 11.6513 
-0.905267 0.0187844 0.424428 179.176 -0.0176937 0.996488 -0.0818417 -16.2613 -0.424475 -0.0815983 -0.901755 10.5229 
-0.899 0.0180669 0.437575 179.726 -0.0183664 0.996714 -0.0788869 -16.3736 -0.437563 -0.078956 -0.895715 9.40303 
-0.892389 0.020987 0.45078 180.289 -0.0164777 0.996736 -0.0790253 -16.4854 -0.450967 -0.0779491 -0.88913 8.2901 
-0.885479 0.0233558 0.464093 180.866 -0.01455 0.996853 -0.0779282 -16.5931 -0.464452 -0.0757563 -0.882352 7.18886 
-0.878058 0.0251835 0.477891 181.46 -0.0125596 0.997058 -0.0756186 -16.7008 -0.478389 -0.0723996 -0.875158 6.09431 
-0.870224 0.0272333 0.491904 182.067 -0.0097533 0.997323 -0.0724694 -16.8081 -0.49256 -0.0678623 -0.867628 5.01465 
-0.86203 0.0301874 0.505958 182.69 -0.00655925 0.997477 -0.0706887 -16.9117 -0.506815 -0.0642545 -0.859657 3.95035 
-0.852816 0.0337226 0.521121 183.328 -0.00280343 0.997603 -0.0691443 -17.0124 -0.522204 -0.0604283 -0.850677 2.90071 
-0.842433 0.0364876 0.537565 183.983 -4.04567e-05 0.9977 -0.067783 -17.111 -0.538802 -0.0571244 -0.840494 1.86759 
-0.8314 0.0396406 0.554259 184.654 0.00311057 0.997769 -0.0666945 -17.2064 -0.555666 -0.0537257 -0.829668 0.850863 
-0.820031 0.0414325 0.570818 185.346 0.00452511 0.997814 -0.065925 -17.3016 -0.572301 -0.0514776 -0.818426 -0.150149 
-0.808127 0.0435036 0.587399 186.054 0.00601665 0.997826 -0.0656229 -17.3951 -0.588977 -0.0494975 -0.806633 -1.13098 
-0.795171 0.0458252 0.604651 186.785 0.00790791 0.997839 -0.0652245 -17.4878 -0.606334 -0.0470831 -0.793815 -2.10206 
-0.781385 0.046847 0.622289 187.538 0.00954848 0.997959 -0.0631385 -17.5738 -0.623977 -0.0433936 -0.780237 -3.05156 
-0.766125 0.0483906 0.640868 188.306 0.0115444 0.998037 -0.061559 -17.6628 -0.642588 -0.0397635 -0.765179 -3.97814 
-0.749613 0.0510961 0.659901 189.091 0.0129787 0.997959 -0.0625289 -17.7505 -0.661749 -0.0383078 -0.748746 -4.87642 
-0.732417 0.054027 0.67871 189.886 0.0137586 0.997818 -0.0645815 -17.8379 -0.680718 -0.0379624 -0.731562 -5.73786 
-0.714437 0.054769 0.697553 190.7 0.0134218 0.997821 -0.0645982 -17.9288 -0.699571 -0.036789 -0.713616 -6.58015 
-0.695362 0.0549483 0.716556 191.535 0.0129179 0.997867 -0.0639846 -18.0184 -0.718544 -0.035236 -0.694588 -7.39235 
-0.675234 0.0543566 0.735598 192.388 0.0113923 0.997931 -0.063284 -18.1085 -0.737516 -0.0343514 -0.674456 -8.17978 
-0.654798 0.0547428 0.753819 193.262 0.00953038 0.997892 -0.064189 -18.1964 -0.755744 -0.0348466 -0.653939 -8.93967 
-0.634056 0.0543343 0.771376 194.158 0.00710242 0.997896 -0.0644519 -18.2829 -0.773254 -0.0353875 -0.633108 -9.67482 
-0.612675 0.0543311 0.788465 195.073 0.00615351 0.997932 -0.0639833 -18.3697 -0.790311 -0.0343492 -0.611742 -10.3857 
-0.590091 0.054129 0.80552 196.006 0.00611725 0.998021 -0.0625833 -18.4557 -0.807313 -0.0320023 -0.589255 -11.0717 
-0.566074 0.0547275 0.822536 196.958 0.0059531 0.998039 -0.0623077 -18.5416 -0.824333 -0.0303741 -0.565289 -11.7293 
-0.540524 0.0578626 0.839337 197.926 0.00804943 0.997942 -0.0636129 -18.6258 -0.84129 -0.0276281 -0.539877 -12.3602 
-0.51397 0.0584545 0.855814 198.915 0.00792061 0.997956 -0.0634064 -18.7091 -0.857772 -0.0258104 -0.513382 -12.9576 
-0.486765 0.0573481 0.871648 199.927 0.00637157 0.998049 -0.0621062 -18.7925 -0.873509 -0.0246774 -0.486181 -13.5232 
-0.458742 0.0554065 0.886841 200.956 0.00521809 0.998205 -0.059665 -18.8729 -0.888554 -0.0227432 -0.458207 -14.0576 
-0.42894 0.0563868 0.901571 201.995 0.00620154 0.99821 -0.0594803 -18.959 -0.903312 -0.0199224 -0.428522 -14.5582 
-0.398525 0.0592077 0.915244 203.046 0.00622556 0.998066 -0.0618547 -19.0279 -0.917136 -0.0189527 -0.398123 -14.9973 
-0.366939 0.0608295 0.928254 204.124 0.00768975 0.998024 -0.0623619 -19.109 -0.930213 -0.015745 -0.366682 -15.426 
-0.334607 0.0611775 0.94037 205.23 0.00956295 0.99806 -0.0615279 -19.1952 -0.942309 -0.011595 -0.334543 -15.836 
-0.301791 0.0611225 0.951413 206.336 0.00941417 0.998085 -0.0611347 -19.2748 -0.953328 -0.00949315 -0.301789 -16.1946 
-0.267978 0.0600145 0.961554 207.455 0.0108743 0.998183 -0.0592701 -19.3542 -0.963364 -0.00542681 -0.268143 -16.5171 
-0.233574 0.0580836 0.970603 208.586 0.010601 0.998307 -0.0571903 -19.4333 -0.972281 -0.00306877 -0.233794 -16.7967 
-0.198783 0.0568558 0.978393 209.723 0.0116323 0.998382 -0.055654 -19.512 -0.979974 0.000317853 -0.199123 -17.0361 
-0.163573 0.056433 0.984916 210.867 0.0124754 0.998401 -0.0551338 -19.5889 -0.986452 0.00326885 -0.164016 -17.2349 
-0.128088 0.0558561 0.990189 212.017 0.0129697 0.998422 -0.0546428 -19.6639 -0.991678 0.00584338 -0.12861 -17.3923 
-0.0924159 0.055766 0.994158 213.17 0.0135625 0.998408 -0.0547437 -19.7386 -0.995628 0.00842411 -0.0930251 -17.5083 
-0.0571518 0.056214 0.996782 214.324 0.0123048 0.998377 -0.0555985 -19.8139 -0.99829 0.00908762 -0.0577508 -17.5801 
-0.022728 0.0556919 0.998189 215.48 0.0117068 0.998394 -0.0554367 -19.8872 -0.999673 0.0104256 -0.0233434 -17.6114 
0.0107938 0.0547929 0.998439 216.636 0.0103696 0.998438 -0.0549049 -19.9628 -0.999888 0.0109461 0.0102088 -17.6014 
0.0438578 0.0551712 0.997513 217.789 0.00926471 0.998409 -0.0556281 -20.0369 -0.998995 0.0116814 0.0432769 -17.5548 
0.0765903 0.0549597 0.995547 218.94 0.0100825 0.998386 -0.0558921 -20.11 -0.997012 0.0143184 0.0759126 -17.4726 
0.108514 0.0527588 0.992694 220.091 0.0111815 0.998463 -0.0542877 -20.1831 -0.994032 0.0169908 0.107757 -17.3527 
0.139669 0.051517 0.988857 221.238 0.012494 0.998474 -0.0537827 -20.257 -0.990119 0.0198666 0.138812 -17.1975 
0.169871 0.0513809 0.984126 222.381 0.0137656 0.998419 -0.0545032 -20.3301 -0.98537 0.0228056 0.168895 -17.0069 
0.199864 0.0509259 0.978499 223.521 0.0156946 0.998354 -0.055165 -20.4031 -0.979698 0.0263827 0.198736 -16.7815 
0.230059 0.0499016 0.971896 224.656 0.0181575 0.998291 -0.0555549 -20.4778 -0.973007 0.0304281 0.22876 -16.522 
0.260149 0.0481151 0.964369 225.787 0.0206703 0.998251 -0.0553816 -20.5521 -0.965347 0.0343412 0.258699 -16.2268 
0.290132 0.0465764 0.955852 226.913 0.0227853 0.998196 -0.0555557 -20.628 -0.956715 0.0378979 0.288547 -15.8955 
0.31977 0.0457858 0.946388 228.031 0.0256554 0.998047 -0.0569536 -20.7042 -0.947148 0.0424921 0.317971 -15.5306 
0.348439 0.0448358 0.936258 229.138 0.0265439 0.997983 -0.0576702 -20.7812 -0.936955 0.0449465 0.346546 -15.1286 
0.376615 0.0428508 0.925378 230.238 0.027355 0.99798 -0.0573458 -20.8593 -0.925966 0.046911 0.374682 -14.691 
0.404724 0.0417285 0.913486 231.325 0.0274361 0.997954 -0.0577427 -20.9381 -0.914027 0.0484323 0.402751 -14.2188 
0.433079 0.0425829 0.90035 232.395 0.0287677 0.997722 -0.0610258 -21.019 -0.900897 0.05233 0.430867 -13.715 
0.461142 0.0433775 0.886266 233.45 0.0303055 0.997452 -0.0645879 -21.1014 -0.886809 0.0566429 0.458652 -13.1794 
0.488425 0.0415721 0.871615 234.493 0.0314732 0.997375 -0.0652068 -21.1869 -0.872038 0.0592811 0.485834 -12.6079 
0.514969 0.038792 0.85633 235.524 0.0322659 0.99739 -0.0645858 -21.2759 -0.856601 0.0608899 0.512374 -12.0002 
0.540228 0.0364163 0.84073 236.536 0.0318529 0.997462 -0.0636729 -21.366 -0.840915 0.0611776 0.537697 -11.3611 
0.563388 0.0363695 0.825392 237.53 0.0303863 0.997443 -0.0646914 -21.4554 -0.825634 0.061527 0.560842 -10.6932 
0.584343 0.0360823 0.810704 238.505 0.0291495 0.997433 -0.0654037 -21.5432 -0.810983 0.0618498 0.581791 -9.99793 
0.603901 0.0345718 0.796309 239.467 0.028406 0.997491 -0.0648485 -21.6312 -0.796553 0.0617821 0.601404 -9.27618 
0.622263 0.0318395 0.78216 240.413 0.0282006 0.997612 -0.0630455 -21.7192 -0.7823 0.0612882 0.619879 -8.53076 
0.639353 0.0285161 0.768384 241.347 0.0294162 0.997673 -0.0615019 -21.8054 -0.768351 0.0619244 0.637027 -7.7614 
0.655477 0.0258846 0.754772 242.265 0.0302701 0.997709 -0.060504 -21.8901 -0.754609 0.062506 0.653191 -6.97193 
0.670862 0.0236024 0.741206 243.17 0.0319285 0.997647 -0.0606668 -21.9733 -0.740894 0.0643647 0.66853 -6.16115 
0.686062 0.0230541 0.727177 244.059 0.0315396 0.997616 -0.0613843 -22.0565 -0.726859 0.0650483 0.6837 -5.32767 
0.701065 0.0214645 0.712774 244.934 0.0322104 0.997573 -0.0617222 -22.1404 -0.712369 0.06623 0.698673 -4.47581 
0.715657 0.0189422 0.698195 245.793 0.0318075 0.997711 -0.0596712 -22.2237 -0.697727 0.0649119 0.713417 -3.59974 
0.729939 0.0158962 0.683327 246.636 0.0324834 0.997793 -0.0579108 -22.3074 -0.68274 0.0644682 0.727812 -2.7063 
0.743966 0.0139808 0.668071 247.463 0.0328511 0.997807 -0.0574644 -22.3889 -0.667409 0.0646984 0.741876 -1.79286 
0.757431 0.0133784 0.652779 248.273 0.0337871 0.997647 -0.0596501 -22.4697 -0.652041 0.0672363 0.755197 -0.862376 
0.769831 0.0124049 0.638127 249.067 0.0341885 0.997574 -0.0606372 -22.5506 -0.637331 0.068497 0.76754 0.087871 
0.781439 0.0116029 0.623873 249.844 0.0335748 0.997597 -0.0606081 -22.6351 -0.623077 0.068308 0.779172 1.05754 
0.792408 0.00884913 0.609927 250.606 0.0340432 0.997695 -0.0587035 -22.718 -0.609041 0.067281 0.79028 2.04357 
0.802932 0.00613201 0.596039 251.355 0.0354757 0.997683 -0.058054 -22.8018 -0.595013 0.0677583 0.800854 3.04705 
0.812846 0.00550534 0.582453 252.089 0.0353819 0.997642 -0.0588071 -22.8843 -0.581404 0.0684094 0.810734 4.06686 
0.821858 0.00255526 0.569686 252.812 0.0393295 0.99735 -0.0612122 -22.9673 -0.568333 0.0727132 0.81958 5.09929 
0.830325 0.000108475 0.557279 253.523 0.0404628 0.997349 -0.0604821 -23.0505 -0.555809 0.0727689 0.828119 6.14956 
0.838061 -0.0032644 0.545567 254.225 0.0430893 0.997254 -0.0602236 -23.1363 -0.543873 0.0739792 0.8359 7.21481 
0.844986 -0.00493959 0.534765 254.912 0.044267 0.997172 -0.0607358 -23.2186 -0.532953 0.0749934 0.842815 8.29491 
0.850459 -0.0064278 0.526002 255.59 0.0448109 0.997176 -0.0602662 -23.3047 -0.524129 0.0748246 0.848345 9.38806 
0.854422 -0.00752334 0.519525 256.261 0.0443961 0.997295 -0.0585729 -23.391 -0.517679 0.0731109 0.852446 10.4931 
0.857304 -0.0087618 0.514735 256.93 0.0446271 0.997356 -0.0573507 -23.4758 -0.512872 0.0721381 0.855429 11.6105 
0.859959 -0.00985763 0.510268 257.596 0.0452865 0.997343 -0.0570546 -23.5608 -0.50835 0.0721729 0.858121 12.7336 
0.862402 -0.0111532 0.506101 258.259 0.0461132 0.997332 -0.0565986 -23.6421 -0.50412 0.0721487 0.860615 13.8639 
0.864581 -0.0133838 0.502316 258.921 0.047173 0.997392 -0.0546189 -23.724 -0.500275 0.0709182 0.862957 15.0033 
0.866735 -0.0152636 0.498535 259.583 0.0486464 0.997353 -0.0540389 -23.8056 -0.496391 0.0710893 0.865183 16.1493 
0.86899 -0.0165875 0.494552 260.238 0.0499955 0.997267 -0.0543995 -23.8867 -0.492298 0.071998 0.867444 17.297 
0.871139 -0.0177246 0.490716 260.888 0.0506827 0.997256 -0.0539531 -23.9673 -0.488414 0.0718715 0.869647 18.4531 
0.87323 -0.0175689 0.486991 261.531 0.0500847 0.997293 -0.0538287 -24.0496 -0.484727 0.0713956 0.871747 19.6145 
0.875297 -0.0180949 0.483247 262.172 0.0501403 0.99731 -0.0534745 -24.1321 -0.48098 0.0710363 0.873849 20.7792 
0.877215 -0.0176951 0.479772 262.808 0.0492744 0.997362 -0.0533084 -24.2157 -0.477563 0.0704034 0.875772 21.9503 
0.878496 -0.016644 0.47746 263.44 0.0478845 0.997428 -0.0533347 -24.2984 -0.475344 0.0697173 0.877033 23.123 
