1 0 -0 0 -0 1 0 0 0 -0 1 -0 
0.999979 0.000490928 -0.0064249 -0.00810903 -0.000488656 1 0.000355241 -0.00139921 0.00642507 -0.000352095 0.999979 0.0897224 
0.999909 0.00104385 -0.0134547 -0.0167609 -0.0010401 0.999999 0.000285374 -0.00242983 0.013455 -0.000271353 0.999909 0.182123 
0.999779 0.00130294 -0.0209853 -0.0271018 -0.00131184 0.999999 -0.000410172 -0.00334089 0.0209847 0.000437611 0.99978 0.277563 
0.999541 0.00182024 -0.0302262 -0.0396998 -0.0018754 0.999997 -0.00179686 -0.00389778 0.0302228 0.00185272 0.999541 0.378698 
0.999128 0.00192139 -0.0417004 -0.0557317 -0.00206392 0.999992 -0.00337517 -0.00440057 0.0416936 0.0034583 0.999124 0.489943 
0.998469 0.0017647 -0.0552946 -0.0753135 -0.00200238 0.999989 -0.00424337 -0.00532054 0.0552865 0.0043476 0.998461 0.612353 
0.997437 0.00173339 -0.0715303 -0.10016 -0.00204283 0.999989 -0.00425315 -0.00593797 0.0715221 0.00438837 0.997429 0.746112 
0.995927 0.000181832 -0.0901599 -0.127812 -0.00056985 0.999991 -0.00427794 -0.00762532 0.0901583 0.0043119 0.995918 0.890447 
0.993919 -0.0010317 -0.11011 -0.160471 0.00054298 0.99999 -0.00446832 -0.00985919 0.110114 0.00438136 0.993909 1.0434 
0.991194 -0.00122337 -0.132409 -0.201207 0.000591865 0.999988 -0.00480858 -0.0137656 0.132413 0.00468787 0.991184 1.20261 
0.987679 0.00235101 -0.156478 -0.254438 -0.00336799 0.999975 -0.0062343 -0.0184705 0.15646 0.0066845 0.987662 1.36577 
0.983313 0.00658765 -0.181804 -0.316121 -0.0081294 0.999937 -0.00773638 -0.0244656 0.181742 0.00908524 0.983304 1.53279 
0.977916 0.00938444 -0.208787 -0.382514 -0.0114308 0.999898 -0.00859683 -0.0312071 0.208685 0.0107936 0.977923 1.70571 
0.971191 0.010077 -0.238089 -0.454912 -0.0125255 0.999883 -0.00877327 -0.0350972 0.237973 0.0115027 0.971204 1.88583 
0.963133 0.0119745 -0.268758 -0.5366 -0.0147241 0.999858 -0.00821758 -0.0391196 0.268621 0.0118718 0.963173 2.06859 
0.953692 0.0137876 -0.300469 -0.628841 -0.0167188 0.999834 -0.00718615 -0.0424673 0.30032 0.0118768 0.953764 2.25365 
0.942396 0.0158947 -0.334122 -0.727415 -0.0190205 0.999801 -0.00608541 -0.045021 0.333958 0.01209 0.94251 2.4394 
0.929936 0.0182549 -0.367268 -0.837243 -0.021845 0.999746 -0.00562026 -0.0478373 0.367072 0.0132494 0.930098 2.62283 
0.916098 0.0210125 -0.400404 -0.955586 -0.0250807 0.999673 -0.00492202 -0.0490531 0.400169 0.0145515 0.916326 2.80393 
0.900069 0.0216569 -0.435208 -1.07966 -0.026098 0.99965 -0.00422954 -0.0492893 0.434964 0.0151649 0.90032 2.98654 
0.881613 0.0171422 -0.471661 -1.20765 -0.0220759 0.999744 -0.00492841 -0.0497866 0.471456 0.0147573 0.881766 3.17017 
0.86042 0.0123126 -0.509437 -1.34696 -0.0174341 0.999834 -0.00528047 -0.0535062 0.509288 0.013425 0.860492 3.35295 
0.835451 0.0140225 -0.549386 -1.50816 -0.0180911 0.999834 -0.00199151 -0.0592869 0.549267 0.0116028 0.835567 3.53119 
0.806457 0.0199991 -0.590954 -1.6922 -0.0232557 0.999727 0.00209645 -0.0670576 0.590835 0.0120524 0.806703 3.70111 
0.773815 0.0230272 -0.632993 -1.88798 -0.0263962 0.999643 0.00409682 -0.0718225 0.632861 0.0135384 0.774147 3.86816 
0.737721 0.0223208 -0.674737 -2.09581 -0.0257826 0.999656 0.00488005 -0.0741444 0.674614 0.0137964 0.738042 4.03592 
0.697791 0.0181033 -0.716072 -2.31544 -0.0197665 0.999787 0.00601407 -0.0744734 0.716028 0.0099577 0.698 4.20531 
0.654954 0.0144567 -0.75553 -2.5566 -0.0144914 0.999873 0.00656975 -0.0734671 0.75553 0.00664581 0.655081 4.37043 
0.610151 0.013963 -0.792162 -2.82146 -0.0118246 0.999894 0.00851681 -0.0731193 0.792197 0.00417049 0.610251 4.52316 
0.562046 0.0145807 -0.826977 -3.10589 -0.00937898 0.999893 0.0112551 -0.0708411 0.827052 0.0014303 0.562123 4.66637 
0.51097 0.0152714 -0.859463 -3.40847 -0.00782647 0.999883 0.0131134 -0.0677147 0.859563 2.59846e-05 0.51103 4.79609 
0.458238 0.0167499 -0.888672 -3.73206 -0.0068343 0.999859 0.0153215 -0.0641067 0.888803 -0.000947438 0.458288 4.91058 
0.403715 0.0189139 -0.914689 -4.07704 -0.00559199 0.999819 0.0182061 -0.0601999 0.914868 -0.00223514 0.403748 5.01335 
0.348373 0.020903 -0.937123 -4.44397 -0.00501164 0.999779 0.0204375 -0.0552813 0.937343 -0.00242333 0.3484 5.102 
0.293325 0.0240114 -0.955711 -4.83076 -0.00262462 0.999701 0.0243111 -0.0532611 0.956009 -0.00462267 0.2933 5.17741 
0.239625 0.0259161 -0.97052 -5.23261 0.00191629 0.999629 0.0271666 -0.0521497 0.970864 -0.0083696 0.239487 5.24103 
0.188682 0.0263391 -0.981685 -5.65198 0.00471253 0.999604 0.0277256 -0.0484444 0.982027 -0.00985753 0.188483 5.28643 
0.141218 0.0274026 -0.989599 -6.08454 0.00272134 0.999602 0.028068 -0.0421943 0.989975 -0.00665674 0.141087 5.30675 
0.0988049 0.0277002 -0.994721 -6.53365 0.000768997 0.99961 0.0279127 -0.0323552 0.995107 -0.00352285 0.0987451 5.31206 
0.0609326 0.0262472 -0.997797 -6.99838 -0.000517904 0.999655 0.0262645 -0.0220561 0.998142 -0.0010836 0.0609252 5.30699 
0.0264736 0.0236199 -0.99937 -7.47893 0.000537895 0.99972 0.0236424 -0.0151309 0.999649 -0.00116346 0.0264535 5.29281 
-0.00491118 0.0209324 -0.999769 -7.97667 0.00110479 0.99978 0.0209272 -0.0103468 0.999987 -0.00100176 -0.00493322 5.26602 
-0.0314463 0.0191229 -0.999322 -8.49109 0.000606586 0.999817 0.0191133 -0.00554131 0.999505 -5.13282e-06 -0.0314521 5.22689 
-0.0522095 0.0167361 -0.998496 -9.02148 0.000117351 0.99986 0.0167528 0.00341817 0.998636 0.000757481 -0.0522042 5.17922 
-0.0684532 0.0158902 -0.997528 -9.56856 0.000639167 0.999874 0.0158837 0.0140954 0.997654 0.000449706 -0.0684547 5.12756 
-0.0815046 0.0163811 -0.996538 -10.1328 0.00151499 0.999866 0.0163119 0.0205221 0.996672 -0.000180259 -0.0815185 5.07131 
-0.0910907 0.0175463 -0.995688 -10.7125 0.000337292 0.999845 0.0175887 0.0217314 0.995843 0.00126633 -0.0910825 5.00715 
-0.0977947 0.0189868 -0.995025 -11.3064 -0.00150348 0.999814 0.019226 0.0218673 0.995205 0.00337619 -0.097748 4.93734 
-0.102245 0.0199856 -0.994558 -11.9165 -0.00135513 0.999794 0.0202302 0.0289477 0.994758 0.00341618 -0.102197 4.86869 
-0.103663 0.0206472 -0.994398 -12.541 0.000866961 0.999786 0.0206687 0.0393475 0.994612 0.00128048 -0.103659 4.80317 
-0.102707 0.0228278 -0.99445 -13.1842 0.00291497 0.999739 0.0226482 0.0484605 0.994707 -0.000572651 -0.102747 4.73681 
-0.101134 0.0253181 -0.994551 -13.8439 0.00213807 0.999679 0.0252312 0.0538593 0.994871 0.000425307 -0.101155 4.66564 
-0.0993878 0.025272 -0.994728 -14.5161 -0.000192279 0.999677 0.025417 0.0602261 0.995049 0.0027174 -0.0993508 4.59127 
-0.0977687 0.0226967 -0.99495 -15.2005 -0.00203281 0.999733 0.0230056 0.0696137 0.995207 0.00427177 -0.0976965 4.51805 
-0.0964173 0.0225706 -0.995085 -15.9042 -0.0023305 0.999735 0.0229019 0.0828599 0.995338 0.00452718 -0.0963391 4.44657 
-0.0946652 0.0252188 -0.99519 -16.627 -0.00202574 0.999672 0.0255251 0.0977357 0.995507 0.00443233 -0.094583 4.37527 
-0.0927772 0.0287234 -0.995273 -17.3648 -0.00311966 0.999571 0.0291382 0.10924 0.995682 0.00580828 -0.0926477 4.30139 
-0.0909776 0.0308736 -0.995374 -18.1168 -0.00356792 0.999503 0.0313278 0.118206 0.995847 0.00640155 -0.0908223 4.22802 
-0.089189 0.0302126 -0.995556 -18.8799 -0.00535655 0.999511 0.0308125 0.132685 0.996 0.00808088 -0.0889835 4.1539 
-0.0874869 0.0271546 -0.995796 -19.6555 -0.0077627 0.999579 0.0279397 0.148317 0.996135 0.0101744 -0.0872393 4.07899 
-0.0859461 0.0265417 -0.995946 -20.4487 -0.00870473 0.999587 0.0273899 0.163468 0.996262 0.0110235 -0.0856796 4.00426 
-0.0844307 0.0288975 -0.99601 -21.2568 -0.00608557 0.999546 0.029516 0.178368 0.996411 0.00855334 -0.0842165 3.93561 
-0.0833474 0.0310477 -0.996037 -22.0729 -0.00395168 0.999496 0.0314862 0.191192 0.996513 0.00656032 -0.0831827 3.86718 
-0.0821011 0.0327982 -0.996084 -22.8947 -0.00301531 0.999446 0.0331574 0.2042 0.996619 0.00572576 -0.0819566 3.79631 
-0.0814246 0.0281752 -0.996281 -23.7173 -0.00288517 0.999589 0.0285045 0.215342 0.996675 0.00519541 -0.0813099 3.7242 
-0.0811895 0.0212345 -0.996472 -24.5442 -0.00140048 0.99977 0.0214189 0.22433 0.996698 0.00313452 -0.081141 3.65526 
-0.0812564 0.0167214 -0.996553 -25.3814 0.00162188 0.99986 0.0166446 0.235434 0.996692 -0.000263803 -0.0812722 3.58724 
-0.0817956 0.0175279 -0.996495 -26.2302 0.0026785 0.999846 0.0173669 0.244119 0.996646 -0.00124857 -0.0818299 3.51578 
-0.0817415 0.024994 -0.99634 -27.0927 0.00212482 0.999688 0.0249037 0.249342 0.996651 -8.13823e-05 -0.081769 3.43831 
-0.081988 0.032087 -0.996117 -27.9586 0.000674617 0.999483 0.0321399 0.261081 0.996633 0.00196309 -0.0819673 3.35946 
-0.0822919 0.0374281 -0.995905 -28.8224 -0.00140566 0.999289 0.0376714 0.273235 0.996607 0.00449996 -0.0821808 3.27935 
-0.0826278 0.0377562 -0.995865 -29.683 -0.00310994 0.999267 0.0381433 0.28658 0.996576 0.00624877 -0.0824499 3.19925 
-0.0829781 0.0342936 -0.995961 -30.5382 -0.0031709 0.999394 0.034676 0.30129 0.996546 0.00603544 -0.082819 3.12212 
-0.0833441 0.0315458 -0.996021 -31.3946 -0.00335202 0.999484 0.0319359 0.318106 0.996515 0.00600036 -0.0831954 3.04458 
-0.083454 0.0327829 -0.995972 -32.2542 -0.00491563 0.999433 0.0333087 0.33287 0.9965 0.00767557 -0.0832455 2.9648 
-0.0833281 0.035177 -0.995901 -33.1144 -0.00577396 0.999343 0.0357817 0.344695 0.996505 0.00873192 -0.0830703 2.88567 
-0.0832172 0.0335464 -0.995967 -33.9695 -0.00660604 0.999393 0.0342138 0.355756 0.99651 0.00942657 -0.082945 2.80737 
-0.0828064 0.0283733 -0.996162 -34.8194 -0.0074448 0.999549 0.0290886 0.368578 0.996538 0.00982494 -0.0825578 2.72911 
-0.0826166 0.0241989 -0.996288 -35.6696 -0.00878268 0.999649 0.0250088 0.380829 0.996543 0.0108162 -0.082375 2.65153 
-0.0820788 0.0249685 -0.996313 -36.5237 -0.00827748 0.999635 0.0257337 0.390289 0.996591 0.0103592 -0.0818422 2.57559 
-0.0814496 0.0274673 -0.996299 -37.3783 -0.00726255 0.999577 0.0281514 0.397155 0.996651 0.0095286 -0.0812157 2.50118 
-0.0809975 0.0323568 -0.996189 -38.2354 -0.00701223 0.99943 0.0330322 0.409382 0.99669 0.00966103 -0.0807244 2.42642 
-0.0803855 0.0379234 -0.996042 -39.0925 -0.00613701 0.999238 0.0385403 0.425719 0.996745 0.0092108 -0.0800916 2.3538 
-0.080541 0.0411054 -0.995903 -39.9468 -0.00632836 0.999108 0.0417495 0.440874 0.996731 0.00966498 -0.080209 2.27962 
-0.0802486 0.0409878 -0.995932 -40.7966 -0.00597767 0.999116 0.0416006 0.459586 0.996757 0.00929174 -0.0799327 2.20676 
-0.0801231 0.0365546 -0.996114 -41.6405 -0.00577544 0.999294 0.0371358 0.479458 0.996768 0.00872844 -0.0798554 2.1344 
-0.0797472 0.0322407 -0.996294 -42.4848 -0.00685287 0.999435 0.0328909 0.493688 0.996792 0.00945043 -0.0794813 2.06028 
-0.0795885 0.0294615 -0.996392 -43.3281 -0.0107825 0.999479 0.030414 0.506857 0.996769 0.0131642 -0.0792294 1.98126 
-0.0801055 0.0276651 -0.996402 -44.172 -0.0140072 0.999485 0.0288768 0.519302 0.996688 0.01627 -0.0796768 1.90247 
-0.0807562 0.0258081 -0.9964 -45.0153 -0.0117907 0.99957 0.0268458 0.525465 0.996664 0.0139162 -0.0804172 1.83043 
-0.0819693 0.0221338 -0.996389 -45.8544 -0.00831309 0.999703 0.0228914 0.532231 0.9966 0.0101595 -0.081761 1.76265 
-0.0826619 0.0206388 -0.996364 -46.693 -0.00401785 0.999771 0.0210427 0.540844 0.99657 0.00574268 -0.08256 1.6922 
-0.084508 0.0241346 -0.99613 -47.5348 -0.00366801 0.999692 0.0245321 0.546809 0.996416 0.00572698 -0.0843935 1.61648 
-0.0862348 0.0304207 -0.99581 -48.3749 -0.00119488 0.99953 0.0306378 0.552277 0.996274 0.00383192 -0.0861579 1.54189 
-0.0880829 0.0341959 -0.995526 -49.2099 0.000617812 0.999412 0.0342747 0.560487 0.996113 0.00240397 -0.0880523 1.46682 
-0.0896329 0.0332788 -0.995419 -50.0358 0.00069071 0.999443 0.0333512 0.570867 0.995975 0.00230182 -0.089606 1.38984 
-0.0906613 0.0294281 -0.995447 -50.8533 -0.00264345 0.999553 0.0297902 0.578254 0.995878 0.00533223 -0.0905429 1.3043 
-0.0919074 0.025758 -0.995434 -51.6685 -0.00735732 0.999621 0.0265456 0.58806 0.99574 0.00976346 -0.091683 1.21531 
-0.0931972 0.0242309 -0.995353 -52.4826 -0.0115576 0.99961 0.0254167 0.596467 0.995581 0.0138727 -0.0928808 1.12528 
-0.0941894 0.0253685 -0.995231 -53.2962 -0.0131674 0.999556 0.0267249 0.601265 0.995467 0.0156218 -0.0938136 1.03804 
-0.0951504 0.0268911 -0.9951 -54.1056 -0.0129789 0.999517 0.0282514 0.607717 0.995378 0.0156035 -0.0947554 0.954755 
-0.0960864 0.0263823 -0.995023 -54.9089 -0.0149137 0.999498 0.0279411 0.61437 0.995261 0.0175242 -0.0956447 0.868606 
-0.0965841 0.0262013 -0.99498 -55.7098 -0.0156591 0.99949 0.0278401 0.620942 0.995202 0.0182694 -0.0961246 0.781675 
-0.0970883 0.0279814 -0.994882 -56.5057 -0.0140574 0.999466 0.0294821 0.629615 0.995176 0.0168478 -0.0966432 0.699549 
-0.0973376 0.0308601 -0.994773 -57.2984 -0.0131526 0.999392 0.0322903 0.639818 0.995165 0.0162269 -0.0968725 0.618079 
-0.0975022 0.0350421 -0.994618 -58.0855 -0.0133802 0.999243 0.0365167 0.650086 0.995145 0.0168687 -0.0969596 0.534594 
-0.0980334 0.0371642 -0.994489 -58.8648 -0.0133204 0.999164 0.038652 0.661216 0.995094 0.0170362 -0.0974564 0.451777 
-0.098707 0.0371369 -0.994423 -59.6336 -0.0129577 0.999171 0.0386003 0.674196 0.995032 0.0166955 -0.098144 0.371396 
-0.0989728 0.0351623 -0.994469 -60.3916 -0.0121857 0.999258 0.0365444 0.686372 0.995016 0.0157352 -0.0984708 0.291389 
-0.0991565 0.0316512 -0.994568 -61.1379 -0.0118603 0.999385 0.032987 0.696497 0.995001 0.0150667 -0.0987202 0.211893 
-0.0988992 0.0288121 -0.99468 -61.8714 -0.0121772 0.999471 0.0301616 0.705235 0.995023 0.0150954 -0.098496 0.133273 
-0.0976428 0.0264726 -0.994869 -62.5911 -0.0127602 0.999531 0.027849 0.712981 0.99514 0.015414 -0.0972592 0.056707 
-0.0953028 0.0257627 -0.995115 -63.2968 -0.0150819 0.999513 0.027321 0.71761 0.995334 0.017612 -0.0948678 -0.0182705 
-0.0912347 0.0267133 -0.995471 -63.9882 -0.0155053 0.999481 0.028242 0.72141 0.995709 0.0180117 -0.0907731 -0.0856552 
-0.0853909 0.0282775 -0.995946 -64.6644 -0.0147896 0.999451 0.0296451 0.726506 0.996238 0.017261 -0.0849258 -0.144045 
-0.0782038 0.0298245 -0.996491 -65.3265 -0.0140449 0.99942 0.0310144 0.73091 0.996838 0.0164211 -0.0777396 -0.195659 
-0.0694762 0.0312249 -0.997095 -65.9742 -0.0150832 0.999363 0.0323469 0.734905 0.99747 0.0172868 -0.068961 -0.242186 
-0.0576143 0.0329245 -0.997796 -66.6073 -0.0173282 0.999272 0.0339738 0.740063 0.998189 0.0192474 -0.0570019 -0.282124 
-0.0428033 0.0344355 -0.99849 -67.2237 -0.0204807 0.999166 0.0353368 0.747534 0.998874 0.0219623 -0.0420623 -0.30986 
-0.0244164 0.0356794 -0.999065 -67.8222 -0.0221201 0.999099 0.0362212 0.75533 0.999457 0.0229838 -0.0236051 -0.322071 
-0.00225041 0.0365471 -0.999329 -68.3993 -0.0231275 0.999063 0.0365894 0.761466 0.99973 0.0231944 -0.00140306 -0.316935 
0.0232662 0.0369487 -0.999046 -68.954 -0.0226201 0.99908 0.0364231 0.76667 0.999473 0.0217511 0.0240806 -0.292338 
0.0525268 0.0365237 -0.997951 -69.4847 -0.0212365 0.999146 0.0354497 0.7729 0.998394 0.0193309 0.0532575 -0.247117 
0.0865724 0.0365249 -0.995576 -69.9939 -0.0200943 0.999188 0.0349101 0.778703 0.996043 0.0169831 0.0872361 -0.183369 
0.124178 0.0368304 -0.991576 -70.4832 -0.019514 0.999208 0.0346701 0.784106 0.992068 0.0150443 0.124798 -0.100352 
0.164811 0.0365998 -0.985646 -70.9584 -0.0194123 0.999238 0.0338586 0.787425 0.986134 0.0135533 0.165396 0.0052112 
0.209758 0.0375826 -0.977031 -71.424 -0.0184408 0.999235 0.0344777 0.790635 0.977579 0.0107852 0.210291 0.134893 
0.2579 0.0362944 -0.96549 -71.8769 -0.0151958 0.999323 0.0335071 0.791564 0.966052 0.00602987 0.258277 0.292114 
0.307897 0.0314357 -0.9509 -72.3132 -0.00756777 0.999503 0.030592 0.791369 0.95139 -0.00222299 0.307981 0.477835 
0.359147 0.0261704 -0.932914 -72.7352 -0.00239071 0.999629 0.0271215 0.792548 0.933278 -0.00751029 0.359076 0.686136 
0.411404 0.0213364 -0.911203 -73.1471 0.00275113 0.999692 0.0246505 0.798365 0.911449 -0.0126482 0.411219 0.915745 
0.462562 0.020841 -0.886342 -73.5494 0.00238592 0.999691 0.0247514 0.806003 0.886584 -0.0135638 0.46237 1.16298 
0.510678 0.0196189 -0.859548 -73.9332 0.00391739 0.999676 0.0251447 0.811727 0.859763 -0.016208 0.510436 1.43144 
0.555587 0.0154419 -0.831315 -74.295 0.0115308 0.999588 0.026274 0.814615 0.831379 -0.0241832 0.55518 1.72995 
0.599166 0.00901332 -0.800574 -74.6305 0.0219517 0.999376 0.0276807 0.814648 0.800323 -0.0341592 0.598595 2.05225 
0.641468 0.00421431 -0.767138 -74.9544 0.0232753 0.999418 0.0249528 0.813842 0.766796 -0.0338618 0.640997 2.37801 
0.682558 -0.000455027 -0.730831 -75.2697 0.0201456 0.999632 0.0181926 0.816061 0.730554 -0.0271405 0.682316 2.71724 
0.723 -0.00723415 -0.69081 -75.5695 0.0166269 0.999838 0.00693137 0.820267 0.690648 -0.0164974 0.723003 3.07828 
0.762257 -0.00997864 -0.647197 -75.8637 0.0120554 0.999927 -0.00121849 0.822973 0.647162 -0.0068734 0.762322 3.47145 
0.799261 -0.0110454 -0.600883 -76.1449 0.010798 0.999934 -0.00401784 0.821139 0.600887 -0.00327701 0.799327 3.9034 
0.833269 -0.0125428 -0.552726 -76.4103 0.0111874 0.99992 -0.00582514 0.819663 0.552755 -0.00132964 0.833343 4.37082 
0.863955 -0.0111277 -0.503447 -76.6662 0.00820671 0.999934 -0.0080182 0.814852 0.503503 0.00279572 0.863989 4.86651 
0.890051 -0.00949289 -0.455762 -76.906 0.00737508 0.999952 -0.00642493 0.801385 0.455801 0.00235723 0.890078 5.39853 
0.911379 -0.0031478 -0.411557 -77.1388 0.00102061 0.999985 -0.00538829 0.79164 0.411567 0.00449074 0.911368 5.95588 
0.928973 0.00102661 -0.370145 -77.3522 -0.003877 0.999968 -0.00695689 0.784597 0.370126 0.00789782 0.928948 6.53213 
0.942639 0.00615884 -0.333758 -77.5583 -0.00848448 0.999949 -0.00551081 0.777399 0.333707 0.00802646 0.942643 7.1366 
0.952766 0.00701828 -0.303625 -77.745 -0.00847827 0.999958 -0.00349055 0.76429 0.303588 0.00589989 0.952785 7.76219 
0.960188 0.006358 -0.279281 -77.9178 -0.00722569 0.999972 -0.00207748 0.75486 0.27926 0.00401277 0.960207 8.40421 
0.966055 0.0065815 -0.258253 -78.0859 -0.00683193 0.999977 -7.22985e-05 0.747889 0.258246 0.00183421 0.966077 9.06292 
0.970747 0.00916317 -0.239931 -78.2509 -0.0088215 0.999958 0.00249802 0.741779 0.239944 -0.000308389 0.970787 9.73619 
0.974356 0.0139979 -0.224577 -78.4131 -0.0134368 0.999902 0.0040263 0.73689 0.224611 -0.00090544 0.974448 10.4212 
0.977266 0.017791 -0.21127 -78.5688 -0.0170639 0.999841 0.00526404 0.730427 0.21133 -0.00153927 0.977414 11.121 
0.980013 0.0163762 -0.198258 -78.7092 -0.0157008 0.999864 0.00497859 0.725708 0.198312 -0.00176628 0.980137 11.8376 
0.982678 0.0164026 -0.184592 -78.8425 -0.0158304 0.999864 0.00457309 0.721342 0.184642 -0.0015717 0.982805 12.5706 
0.985301 0.0168302 -0.169998 -78.9717 -0.0162012 0.999856 0.00508649 0.719905 0.170059 -0.00225754 0.985431 13.3206 
0.987615 0.0183871 -0.155814 -79.0938 -0.0177344 0.999827 0.00557772 0.715586 0.15589 -0.00274536 0.987771 14.0835 
0.989514 0.0185025 -0.143245 -79.2058 -0.0182965 0.999829 0.00275564 0.706735 0.143271 -0.000105872 0.989683 14.8562 
0.991029 0.019083 -0.132275 -79.3117 -0.0195838 0.999805 -0.00248577 0.695032 0.132202 0.00505392 0.99121 15.6385 
0.992292 0.0170947 -0.122739 -79.4084 -0.0183046 0.999794 -0.00873719 0.687697 0.122565 0.0109165 0.992401 16.4308 
0.993253 0.0169314 -0.114721 -79.5022 -0.0180848 0.999796 -0.00902058 0.678987 0.114545 0.0110344 0.993357 17.2398 
0.993971 0.018927 -0.107998 -79.5968 -0.01935 0.999809 -0.00287065 0.665406 0.107923 0.00494311 0.994147 18.0605 
0.994424 0.0234014 -0.102829 -79.6931 -0.0229713 0.999722 0.00536531 0.649106 0.102926 -0.00297328 0.994685 18.8829 
0.994842 0.024117 -0.0985312 -79.7818 -0.0233415 0.999687 0.00901614 0.638249 0.0987178 -0.00666976 0.995093 19.7019 
0.995206 0.0228381 -0.0950933 -79.8628 -0.0221878 0.999723 0.00789099 0.631162 0.0952471 -0.00574325 0.995437 20.512 
0.995502 0.0226076 -0.0920088 -79.9421 -0.0220585 0.999732 0.00698103 0.623601 0.092142 -0.00492005 0.995734 21.3207 
0.995798 0.0211885 -0.0890908 -80.017 -0.020453 0.999749 0.00916124 0.61698 0.0892626 -0.00730058 0.995981 22.1303 
0.996051 0.0192728 -0.0866688 -80.088 -0.0183334 0.999764 0.0116213 0.609164 0.0868723 -0.00998648 0.996169 22.9395 
0.996343 0.0171701 -0.0837034 -80.1574 -0.0161152 0.999782 0.0132622 0.60131 0.0839128 -0.0118648 0.996402 23.7486 
0.996572 0.0164768 -0.0810767 -80.2247 -0.0157396 0.999829 0.00972382 0.592244 0.0812231 -0.00841437 0.99666 24.5433 
0.996657 0.0191742 -0.079414 -80.2966 -0.0190433 0.999816 0.00240492 0.583503 0.0794455 -0.000884576 0.996839 25.3333 
0.996782 0.0196964 -0.0777048 -80.3666 -0.0201578 0.999784 -0.00515755 0.570433 0.0775864 0.00670731 0.996963 26.1236 
0.996864 0.0205136 -0.0764317 -80.4333 -0.0212825 0.999731 -0.00925882 0.556003 0.0762212 0.0108564 0.997032 26.9154 
0.996995 0.0219994 -0.0742705 -80.5007 -0.0226215 0.999716 -0.00754598 0.537873 0.0740833 0.00920342 0.99721 27.7115 
0.997102 0.0254187 -0.0717079 -80.5702 -0.0257365 0.999663 -0.00351151 0.517838 0.0715945 0.00534685 0.997419 28.5058 
0.997173 0.0289023 -0.0693568 -80.637 -0.0288567 0.999582 0.00165963 0.499619 0.0693757 0.000346465 0.997591 29.3001 
0.997412 0.0265022 -0.0668378 -80.6954 -0.026329 0.999647 0.00347123 0.487829 0.0669063 -0.00170248 0.997758 30.0869 
0.99756 0.0237003 -0.0656673 -80.7467 -0.0235346 0.999718 0.00329466 0.474838 0.0657269 -0.00174117 0.997836 30.8641 
0.997674 0.0218842 -0.0645639 -80.7991 -0.0217119 0.999759 0.00336919 0.460735 0.064622 -0.00195955 0.997908 31.6404 
0.997757 0.0213301 -0.0634489 -80.8539 -0.0212765 0.999772 0.00152055 0.45052 0.0634669 -0.000167165 0.997984 32.4155 
0.99784 0.0193191 -0.0627806 -80.9039 -0.0193422 0.999813 0.000239991 0.440201 0.0627734 0.000974844 0.998027 33.1943 
0.997904 0.0184469 -0.0620313 -80.9552 -0.0184604 0.99983 0.000355548 0.427551 0.0620273 0.000790321 0.998074 33.9808 
0.997894 0.0215 -0.0611919 -81.0128 -0.021456 0.999769 0.00137646 0.417187 0.0612073 -6.06303e-05 0.998125 34.7718 
0.997899 0.0211816 -0.0612266 -81.0673 -0.021193 0.999775 0.000464418 0.406039 0.0612227 0.000834132 0.998124 35.5668 
0.997799 0.0206829 -0.0630023 -81.1218 -0.0206958 0.999786 0.000448285 0.393652 0.0629981 0.000856583 0.998013 36.3675 
0.997712 0.0184078 -0.0650508 -81.1772 -0.0183826 0.999831 0.000985618 0.383113 0.0650579 0.000212441 0.997881 37.1737 
0.997475 0.0202062 -0.0680808 -81.2413 -0.020197 0.999796 0.000823731 0.372288 0.0680836 0.000553379 0.997679 37.9832 
0.997195 0.0237049 -0.0709922 -81.3106 -0.0237209 0.999718 0.000616981 0.358708 0.0709868 0.00106875 0.997477 38.7936 
0.996998 0.0242183 -0.0735373 -81.3817 -0.0246078 0.999688 -0.00439526 0.345931 0.0734079 0.00619166 0.997283 39.6059 
0.996791 0.0249825 -0.0760452 -81.4513 -0.0256621 0.999639 -0.00797241 0.334851 0.0758185 0.00989831 0.997073 40.4252 
0.996664 0.0240107 -0.078006 -81.5224 -0.0248433 0.999644 -0.00972037 0.321325 0.0777448 0.0116259 0.996906 41.2533 
0.996479 0.0242813 -0.0802529 -81.5963 -0.0250296 0.999652 -0.00833153 0.30371 0.0800227 0.0103109 0.99674 42.0877 
0.996339 0.0227798 -0.0824007 -81.6706 -0.0234843 0.999695 -0.00759109 0.284956 0.0822027 0.00949842 0.99657 42.9274 
0.9962 0.0221495 -0.0842365 -81.7462 -0.0227264 0.999724 -0.00589613 0.26993 0.0840827 0.00778812 0.996428 43.775 
0.996119 0.0218064 -0.0852768 -81.8261 -0.0220787 0.999754 -0.00225012 0.255282 0.0852067 0.00412419 0.996355 44.6289 
0.996044 0.0216396 -0.0861915 -81.9059 -0.021508 0.999766 0.00245514 0.242004 0.0862244 -0.000591627 0.996276 45.4897 
0.996097 0.0216482 -0.0855636 -81.9853 -0.0213397 0.999762 0.00451761 0.230343 0.0856411 -0.00267407 0.996322 46.3529 
0.9962 0.0247104 -0.0835179 -82.0683 -0.0244119 0.999691 0.00459305 0.220684 0.0836056 -0.00253676 0.996496 47.2193 
0.996354 0.0247955 -0.0816282 -82.1466 -0.0246094 0.999692 0.00328578 0.21154 0.0816845 -0.00126498 0.996657 48.0899 
0.996543 0.0222966 -0.0800353 -82.2202 -0.022285 0.999751 0.00103814 0.200124 0.0800385 0.000749043 0.996791 48.9631 
0.996754 0.0185151 -0.0783476 -82.2885 -0.0186167 0.999827 -0.000566689 0.187158 0.0783235 0.00202343 0.996926 49.8387 
0.99692 0.0173201 -0.0764828 -82.3591 -0.0174419 0.999847 -0.000925165 0.175589 0.0764551 0.00225632 0.99707 50.7184 
0.997031 0.0149914 -0.0755288 -82.4277 -0.0149097 0.999887 0.0016457 0.160583 0.075545 -0.000514704 0.997142 51.6003 
0.997125 0.0122504 -0.0747763 -82.4931 -0.011972 0.99992 0.00416987 0.146379 0.0748214 -0.00326266 0.997192 52.4819 
0.997199 0.0118529 -0.0738536 -82.5622 -0.0115566 0.999923 0.00443808 0.132444 0.0739006 -0.00357215 0.997259 53.3577 
0.997257 0.0132319 -0.072831 -82.635 -0.0131798 0.999912 0.0011966 0.117275 0.0728405 -0.000233421 0.997344 54.2287 
0.997264 0.015748 -0.072231 -82.707 -0.0161195 0.99986 -0.00456238 0.100888 0.072149 0.00571422 0.997377 55.0943 
0.997309 0.0174279 -0.0712139 -82.7775 -0.0181856 0.999785 -0.0100045 0.0813141 0.0710242 0.0112726 0.997411 55.9553 
0.997266 0.022026 -0.0705369 -82.8502 -0.0231872 0.999608 -0.0156857 0.055856 0.0701638 0.0172784 0.997386 56.8103 
0.997342 0.0218828 -0.0695017 -82.9176 -0.0230796 0.999598 -0.0164637 0.0287181 0.0691135 0.018024 0.997446 57.6674 
0.997419 0.0187595 -0.0693107 -82.9778 -0.0195388 0.999753 -0.010583 0.0078639 0.0690951 0.01191 0.997539 58.5295 
0.997392 0.0181683 -0.0698469 -83.0416 -0.0183183 0.999831 -0.0015075 -0.016382 0.0698078 0.00278305 0.997557 59.3894 
0.997324 0.0171021 -0.0710848 -83.1066 -0.0166973 0.999841 0.00628418 -0.0374455 0.071181 -0.00508043 0.99745 60.2445 
0.997174 0.0151372 -0.0735925 -83.1701 -0.014887 0.999881 0.00394658 -0.0497281 0.0736435 -0.00283985 0.997281 61.0879 
0.997083 0.00998942 -0.0756712 -83.2322 -0.00997493 0.99995 0.000569385 -0.064956 0.0756731 0.000187092 0.997133 61.9211 
0.996895 0.00862307 -0.078267 -83.3012 -0.00872597 0.999961 -0.000972836 -0.0810923 0.0782556 0.00165277 0.996932 62.7555 
0.996661 0.0108191 -0.080925 -83.3771 -0.0111259 0.999933 -0.00334195 -0.100195 0.0808833 0.00423116 0.996715 63.5828 
0.996361 0.0124021 -0.0843269 -83.4563 -0.0130133 0.999893 -0.00670158 -0.119642 0.0842347 0.00777456 0.996416 64.4051 
0.996003 0.0129583 -0.0883774 -83.5361 -0.0139016 0.999853 -0.0100658 -0.139703 0.088234 0.0112542 0.996036 65.2212 
0.995692 0.0149099 -0.0915184 -83.6204 -0.0162508 0.999771 -0.0139231 -0.164068 0.0912899 0.0153504 0.995706 66.0319 
0.995319 0.019649 -0.0946292 -83.7121 -0.0210641 0.99968 -0.0139779 -0.18931 0.0943243 0.0159057 0.995414 66.8408 
0.994908 0.023191 -0.0980863 -83.806 -0.024507 0.999625 -0.012233 -0.210233 0.0977658 0.0145745 0.995103 67.6457 
0.994449 0.0262026 -0.101904 -83.9013 -0.0269738 0.999617 -0.0061977 -0.233855 0.101703 0.00891204 0.994775 68.4503 
0.994009 0.0268049 -0.105957 -83.9953 -0.0270231 0.999635 -0.000623826 -0.254539 0.105902 0.00348339 0.99437 69.2533 
0.993483 0.0261024 -0.110954 -84.0904 -0.0259269 0.999659 0.00302394 -0.27051 0.110995 -0.000127531 0.993821 70.0443 
0.992756 0.0255605 -0.117398 -84.1911 -0.0252601 0.999673 0.00404619 -0.283255 0.117463 -0.0010514 0.993077 70.8307 
0.992089 0.0234242 -0.123332 -84.2927 -0.0226282 0.999713 0.00785106 -0.295145 0.123481 -0.00499817 0.992334 71.6145 
0.991251 0.0239742 -0.129794 -84.402 -0.0231994 0.999703 0.00747868 -0.306472 0.129934 -0.00440212 0.991513 72.3908 
0.990329 0.0287529 -0.135725 -84.5232 -0.0280977 0.999582 0.00674098 -0.318235 0.135863 -0.00286222 0.990724 73.1602 
0.989428 0.0307547 -0.141729 -84.6449 -0.0306387 0.999526 0.00300099 -0.327876 0.141755 0.00137314 0.989901 73.925 
0.988579 0.0294112 -0.147805 -84.7646 -0.0296991 0.999559 0.000259488 -0.339032 0.147748 0.00413316 0.989016 74.6871 
0.987734 0.0306633 -0.153104 -84.8929 -0.0311861 0.999513 -0.00101419 -0.352264 0.152998 0.00577646 0.98821 75.4487 
0.986949 0.0327016 -0.157679 -85.0271 -0.0324737 0.999464 0.00402222 -0.360785 0.157726 0.00115068 0.987482 76.2117 
0.985935 0.0335403 -0.163726 -85.1622 -0.0326226 0.999433 0.00829183 -0.371623 0.163912 -0.00283404 0.986471 76.9701 
0.984906 0.0328213 -0.169948 -85.2979 -0.0314731 0.999448 0.0106219 -0.387076 0.170202 -0.00511277 0.985396 77.721 
0.983735 0.0302787 -0.177058 -85.4379 -0.0295411 0.99954 0.00680132 -0.394863 0.177182 -0.00146022 0.984177 78.4631 
0.982228 0.0283083 -0.185543 -85.583 -0.0288705 0.999583 -0.000327924 -0.401616 0.185457 0.00567882 0.982636 79.1972 
0.980525 0.025757 -0.1947 -85.7351 -0.0266648 0.999642 -0.00204305 -0.413493 0.194577 0.00719489 0.980861 79.932 
0.978361 0.0254947 -0.205328 -85.8978 -0.0258565 0.999665 0.000921109 -0.427416 0.205283 0.00440789 0.978693 80.6668 
0.975959 0.0253066 -0.21648 -86.0693 -0.0243652 0.999678 0.00701712 -0.433216 0.216588 -0.00157383 0.976262 81.3998 
0.973251 0.0271715 -0.228133 -86.2512 -0.024421 0.999591 0.0148713 -0.441301 0.228444 -0.00890224 0.973516 82.1292 
0.970541 0.0277998 -0.239328 -86.4392 -0.0240739 0.999539 0.0184778 -0.449389 0.239732 -0.0121718 0.970763 82.8509 
0.967554 0.0310411 -0.250751 -86.637 -0.0284264 0.999497 0.0140432 -0.456929 0.251061 -0.00645962 0.96795 83.5549 
0.96438 0.0304659 -0.262759 -86.841 -0.0302236 0.999531 0.00496498 -0.462671 0.262787 0.0031534 0.964849 84.2513 
0.960985 0.0279652 -0.275184 -87.0503 -0.0290768 0.999577 4.00142e-05 -0.464234 0.275069 0.00796301 0.961392 84.9522 
0.957497 0.0267926 -0.287197 -87.27 -0.0265001 0.999637 0.00490652 -0.4669 0.287224 0.00291277 0.957859 85.6618 
0.954012 0.0281244 -0.298445 -87.5038 -0.0255979 0.999596 0.012372 -0.476192 0.298672 -0.00416346 0.954347 86.3731 
0.950235 0.028042 -0.31027 -87.7455 -0.0237055 0.999562 0.017739 -0.481564 0.310631 -0.00950115 0.950483 87.081 
0.946114 0.0255831 -0.322821 -87.9921 -0.0216544 0.999641 0.0157562 -0.482597 0.323108 -0.00791669 0.946329 87.7811 
0.942204 0.0236817 -0.334203 -88.2471 -0.0211103 0.999713 0.0113244 -0.485341 0.334375 -0.00361478 0.942433 88.4754 
0.939057 0.0195369 -0.343205 -88.5079 -0.0191447 0.999806 0.00453113 -0.493771 0.343227 0.00231557 0.939249 89.1672 
0.936281 0.0154635 -0.35091 -88.7727 -0.017015 0.999854 -0.00133811 -0.500431 0.350838 0.00722357 0.936408 89.8603 
0.933511 0.0152739 -0.358224 -89.048 -0.0176379 0.999839 -0.0033323 -0.509107 0.358116 0.00942905 0.93363 90.555 
0.930438 0.0204405 -0.365879 -89.3372 -0.0232559 0.999724 -0.00328875 -0.523099 0.365711 0.0115688 0.930657 91.2464 
0.927307 0.0203531 -0.373747 -89.6266 -0.0223492 0.99975 -0.0010075 -0.536216 0.373633 0.00928721 0.92753 91.942 
0.924088 0.0210605 -0.381598 -89.9207 -0.0205138 0.999774 0.00550099 -0.540765 0.381628 0.00274464 0.924312 92.6435 
0.921276 0.0229133 -0.388235 -90.2222 -0.0191138 0.999724 0.013646 -0.545463 0.38844 -0.00515112 0.921459 93.3463 
0.91855 0.0328039 -0.39394 -90.5417 -0.0268753 0.999427 0.0205583 -0.554802 0.394389 -0.00829659 0.918906 94.0419 
0.915847 0.0396521 -0.399566 -90.8662 -0.0355273 0.999211 0.0177274 -0.558399 0.399954 -0.00204007 0.916533 94.7271 
0.913497 0.0360156 -0.405248 -91.1791 -0.0349763 0.999338 0.00997172 -0.558591 0.405339 0.00506497 0.914152 95.4122 
0.91147 0.0281822 -0.4104 -91.4889 -0.029805 0.999553 0.00244466 -0.561127 0.410286 0.0100037 0.911902 96.1032 
0.909747 0.0288978 -0.414157 -91.8137 -0.0308973 0.999521 0.00187183 -0.566001 0.414012 0.0110934 0.910204 96.7956 
0.907572 0.0349317 -0.418442 -92.1526 -0.0352327 0.999355 0.00700907 -0.573553 0.418417 0.00838161 0.908217 97.4902 
0.905008 0.0373074 -0.423755 -92.4871 -0.0358631 0.999292 0.0113852 -0.582302 0.42388 0.00489346 0.905705 98.1869 
0.902733 0.03364 -0.428884 -92.8202 -0.0327413 0.999419 0.00947528 -0.593334 0.428954 0.00548858 0.90331 98.8801 
0.900492 0.0318931 -0.433702 -93.1604 -0.0338504 0.999422 0.00321116 -0.601546 0.433554 0.0117894 0.901051 99.5637 
0.898254 0.0291547 -0.438509 -93.5042 -0.0341126 0.999412 -0.0034302 -0.608038 0.438151 0.0180398 0.89872 100.247 
0.895918 0.0298592 -0.443215 -93.8539 -0.035648 0.999353 -0.00473318 -0.61947 0.442787 0.0200403 0.896403 100.931 
0.893914 0.0328253 -0.447035 -94.2092 -0.0368763 0.99932 -0.000360801 -0.634562 0.446719 0.0168075 0.894516 101.617 
0.891804 0.0344416 -0.451109 -94.5652 -0.0376694 0.999289 0.00182527 -0.648395 0.450851 0.0153652 0.892467 102.299 
0.889433 0.0354543 -0.455689 -94.9206 -0.0385441 0.999254 0.00251373 -0.661059 0.455438 0.0153283 0.890136 102.975 
0.887217 0.0335486 -0.46013 -95.2771 -0.0368534 0.999319 0.00180115 -0.674417 0.459877 0.0153593 0.88785 103.648 
0.885122 0.0316365 -0.464283 -95.6343 -0.0350898 0.999383 0.0012023 -0.686595 0.464035 0.0152274 0.885686 104.317 
0.882979 0.0311165 -0.46838 -95.9952 -0.0342637 0.999411 0.00180207 -0.698873 0.46816 0.0144572 0.883525 104.983 
0.880743 0.0324986 -0.472479 -96.361 -0.0355894 0.999364 0.00239756 -0.711259 0.472256 0.0147036 0.881339 105.642 
0.878443 0.0328453 -0.476717 -96.7264 -0.0359966 0.999349 0.00252344 -0.725285 0.476489 0.0149435 0.879053 106.297 
0.876102 0.029915 -0.481197 -97.0886 -0.0349516 0.999388 -0.00150559 -0.739623 0.480857 0.0181377 0.876611 106.944 
0.873853 0.0265115 -0.485467 -97.4507 -0.033618 0.999417 -0.00593493 -0.756164 0.485026 0.0215067 0.874235 107.584 
0.871778 0.0249329 -0.489266 -97.8174 -0.0333763 0.999406 -0.00854062 -0.771227 0.488762 0.0237754 0.872093 108.22 
0.86987 0.0266474 -0.492561 -98.1867 -0.03331 0.999434 -0.00475697 -0.784384 0.492155 0.0205452 0.870265 108.856 
0.868069 0.0306649 -0.495495 -98.5572 -0.0330159 0.999447 0.00401179 -0.797818 0.495344 0.0128767 0.868602 109.489 
0.866631 0.0326574 -0.49788 -98.9215 -0.0299237 0.999461 0.0134713 -0.810629 0.498051 0.00322378 0.867142 110.115 
0.865098 0.0323032 -0.500562 -99.278 -0.026737 0.999475 0.0182918 -0.820881 0.50089 -0.00244068 0.865508 110.728 
0.863523 0.0291013 -0.50347 -99.6271 -0.023375 0.99957 0.0176851 -0.824756 0.503768 -0.0035029 0.863832 111.323 
0.861748 0.0272647 -0.506603 -99.9728 -0.0232805 0.999628 0.0141977 -0.829747 0.506802 -0.00044083 0.862062 111.9 
0.860136 0.0252695 -0.509438 -100.313 -0.0226607 0.999679 0.0113265 -0.834145 0.509561 0.00180191 0.860433 112.464 
0.858663 0.0235668 -0.511999 -100.647 -0.0213519 0.99972 0.0102073 -0.840386 0.512096 0.00216749 0.858925 113.014 
0.857416 0.0219494 -0.514155 -100.972 -0.0196906 0.999758 0.00984347 -0.846295 0.514247 0.00168407 0.857641 113.548 
0.856079 0.0224201 -0.516358 -101.291 -0.0196128 0.999748 0.0108923 -0.855015 0.516473 0.000802553 0.856303 114.065 
0.854891 0.0222887 -0.518328 -101.599 -0.018504 0.999751 0.0124713 -0.863023 0.518477 -0.00107046 0.855091 114.563 
0.853518 0.0208206 -0.520646 -101.895 -0.0164568 0.99978 0.0130028 -0.869792 0.520803 -0.00252994 0.853673 115.042 
0.852223 0.0193363 -0.522821 -102.177 -0.0145522 0.999806 0.0132567 -0.876404 0.522976 -0.00368948 0.852339 115.5 
0.851052 0.0183283 -0.524761 -102.45 -0.0139592 0.999827 0.012282 -0.883647 0.524895 -0.00312741 0.851161 115.935 
0.849801 0.0184326 -0.526781 -102.716 -0.0161495 0.99983 0.00893275 -0.892586 0.526856 0.000916213 0.849954 116.347 
0.848277 0.0159403 -0.529313 -102.968 -0.0157448 0.999864 0.00487832 -0.899749 0.529318 0.00419577 0.848413 116.741 
0.84601 0.0121143 -0.53303 -103.208 -0.0126072 0.999917 0.00271557 -0.904791 0.533018 0.00442262 0.846092 117.122 
0.843356 0.00807206 -0.537295 -103.438 -0.00763147 0.999966 0.0030444 -0.909202 0.537302 0.00153285 0.843389 117.487 
0.840022 0.00913615 -0.542476 -103.666 -0.00796839 0.999958 0.00450184 -0.914018 0.542495 0.000541018 0.840059 117.831 
0.836317 0.0128167 -0.548096 -103.892 -0.0111465 0.999918 0.00637411 -0.919846 0.548132 0.00077856 0.836391 118.153 
0.832722 0.0188384 -0.553371 -104.112 -0.0153431 0.999822 0.0109483 -0.925836 0.553479 -0.00062648 0.832863 118.458 
0.828846 0.0241861 -0.558953 -104.321 -0.017076 0.999693 0.017936 -0.929903 0.559216 -0.00532152 0.829005 118.75 
0.82418 0.0258315 -0.565739 -104.516 -0.0162166 0.999626 0.022018 -0.933341 0.566096 -0.00897237 0.82429 119.024 
0.818887 0.0230434 -0.573491 -104.698 -0.0118692 0.99966 0.0232193 -0.935229 0.573832 -0.0122072 0.818882 119.28 
0.812118 0.0210124 -0.583115 -104.875 -0.00851891 0.999672 0.0241585 -0.935968 0.583431 -0.014652 0.81203 119.519 
0.803605 0.0195729 -0.594841 -105.048 -0.00554354 0.999662 0.0254041 -0.937434 0.595137 -0.0171174 0.803442 119.741 
0.793572 0.0200914 -0.608145 -105.22 -0.00511192 0.99964 0.0263547 -0.939536 0.608455 -0.0178055 0.793388 119.943 
0.781587 0.0216914 -0.623419 -105.392 -0.00685822 0.999634 0.0261833 -0.941907 0.623758 -0.016189 0.78145 120.127 
0.767901 0.0203291 -0.640246 -105.558 -0.00670623 0.999697 0.0236991 -0.944909 0.640534 -0.0139049 0.767804 120.296 
0.753297 0.0179256 -0.657436 -105.718 -0.00746098 0.999797 0.0187116 -0.94725 0.657638 -0.00919026 0.753278 120.451 
0.738509 0.0143671 -0.67409 -105.875 -0.00717676 0.999884 0.0134482 -0.947351 0.674205 -0.00509382 0.738527 120.596 
0.723363 0.0145377 -0.690315 -106.035 -0.0110544 0.999894 0.00947361 -0.944884 0.69038 0.000778186 0.723447 120.73 
0.707817 0.0183293 -0.706158 -106.204 -0.0184084 0.999802 0.00749963 -0.943363 0.706156 0.00769085 0.708015 120.857 
0.690745 0.0201971 -0.722817 -106.373 -0.0209688 0.999749 0.00789674 -0.941659 0.722795 0.00970197 0.690995 120.986 
0.672223 0.0187206 -0.740112 -106.541 -0.0177961 0.9998 0.0091255 -0.937539 0.740135 0.00703675 0.672421 121.12 
0.652457 0.0177727 -0.757617 -106.713 -0.0148223 0.999833 0.0106899 -0.93416 0.757681 0.00425498 0.652612 121.249 
0.630625 0.0195715 -0.775841 -106.894 -0.0147093 0.999804 0.013265 -0.932352 0.775948 0.00304684 0.630789 121.365 
0.606893 0.0243051 -0.794412 -107.081 -0.0182694 0.999695 0.0166288 -0.929849 0.794574 0.00442153 0.607152 121.471 
0.582716 0.0284488 -0.812178 -107.272 -0.0202992 0.999585 0.0204491 -0.927082 0.812423 0.00457059 0.583051 121.572 
0.557569 0.0314765 -0.829534 -107.463 -0.0219011 0.999491 0.0232047 -0.925498 0.829842 0.00522946 0.557975 121.668 
0.532019 0.034732 -0.84602 -107.658 -0.0248516 0.999368 0.0253996 -0.924542 0.846368 0.00751192 0.532546 121.754 
0.505623 0.0392891 -0.861859 -107.857 -0.0288446 0.999174 0.0286267 -0.924467 0.862272 0.0103857 0.506339 121.832 
0.47796 0.0425012 -0.877353 -108.057 -0.0308433 0.999025 0.0315926 -0.925952 0.87784 0.0119605 0.478805 121.907 
0.448507 0.0419949 -0.892792 -108.261 -0.0293291 0.999049 0.0322591 -0.927005 0.893298 0.0117164 0.449312 121.98 
0.416604 0.0390852 -0.908247 -108.481 -0.0289512 0.999139 0.029717 -0.92668 0.908627 0.0139146 0.417377 122.048 
0.38241 0.0349156 -0.923333 -108.72 -0.0281178 0.999263 0.0261416 -0.922545 0.923565 0.0159653 0.383109 122.113 
0.343702 0.0328206 -0.938505 -108.98 -0.0274357 0.999313 0.0248995 -0.916836 0.938678 0.0171906 0.344367 122.172 
0.302675 0.0319169 -0.952559 -109.262 -0.0264568 0.999335 0.0250776 -0.90945 0.952727 0.0176113 0.303318 122.226 
0.259455 0.0301915 -0.965283 -109.564 -0.0253197 0.99938 0.0244524 -0.900799 0.965423 0.0180964 0.260059 122.268 
0.212684 0.0275849 -0.976732 -109.884 -0.0237942 0.999451 0.0230453 -0.890511 0.976831 0.0183392 0.213224 122.3 
0.163893 0.0256764 -0.986144 -110.223 -0.0225273 0.999498 0.0222802 -0.880804 0.986221 0.0185636 0.164389 122.317 
0.114005 0.0253599 -0.993156 -110.578 -0.0213248 0.999506 0.0230741 -0.870235 0.993251 0.0185483 0.11449 122.316 
0.0622239 0.026753 -0.997704 -110.951 -0.0198566 0.999476 0.0255621 -0.859867 0.997865 0.0182205 0.0627225 122.297 
0.00903501 0.0290048 -0.999538 -111.337 -0.0160247 0.999455 0.0288576 -0.849083 0.999831 0.0157566 0.00949488 122.265 
-0.0447745 0.0309057 -0.998519 -111.738 -0.0118905 0.999434 0.0314672 -0.838306 0.998926 0.0132818 -0.0443817 122.215 
-0.0988192 0.0323607 -0.994579 -112.152 -0.00734615 0.99942 0.0332481 -0.826001 0.995078 0.0105919 -0.0985242 122.145 
-0.152318 0.0339121 -0.98775 -112.577 -0.00389746 0.999383 0.0349125 -0.813909 0.988324 0.00916751 -0.152091 122.051 
-0.204169 0.0354039 -0.978295 -113.004 -0.00118706 0.999336 0.0364131 -0.801425 0.978935 0.00859572 -0.203992 121.932 
-0.25419 0.0367196 -0.966457 -113.434 0.00272979 0.999302 0.0372496 -0.787646 0.96715 0.00683026 -0.254113 121.794 
-0.302723 0.0381667 -0.952314 -113.866 0.00815357 0.999265 0.0374565 -0.774072 0.953044 0.00357418 -0.302811 121.633 
-0.349502 0.0399269 -0.936085 -114.302 0.0138413 0.999203 0.0374513 -0.763979 0.936833 0.000132666 -0.349776 121.445 
-0.393911 0.0418425 -0.918196 -114.744 0.019133 0.99912 0.0373221 -0.750855 0.918949 -0.00286622 -0.394365 121.229 
