1 0 -0 0 -0 1 0 0 0 -0 1 -0 
0.999933 -0.00280668 0.0112133 0.0162197 0.00279402 0.999995 0.00114429 -0.00619029 -0.0112164 -0.00111288 0.999936 0.290573 
0.999831 -0.00497145 0.0177078 0.0294229 0.00495077 0.999987 0.00121132 -0.0110892 -0.0177136 -0.00112345 0.999842 0.584553 
0.999782 -0.00781139 0.0193449 0.0431416 0.00781581 0.999969 -0.000152889 -0.0138297 -0.0193431 0.000304052 0.999813 0.88455 
0.999814 -0.00936874 0.016885 0.0506637 0.00939961 0.999954 -0.00175013 -0.0165632 -0.0168678 0.00190852 0.999856 1.18938 
0.99988 -0.0120309 0.00979023 0.0561534 0.0120632 0.999922 -0.00324949 -0.018748 -0.00975037 0.0033672 0.999947 1.50717 
0.999898 -0.0139963 -0.00296577 0.0547555 0.01398 0.999887 -0.00543892 -0.0212121 0.00304156 0.0053969 0.999981 1.83106 
0.999709 -0.0134983 -0.0199912 0.0403642 0.0133843 0.999893 -0.00582147 -0.0267476 0.0200677 0.00555221 0.999783 2.16551 
0.999165 -0.00915267 -0.0398256 0.0113011 0.00892489 0.999943 -0.0058935 -0.0327959 0.0398773 0.00553314 0.999189 2.51002 
0.998174 -0.00582102 -0.060119 -0.0234368 0.00538797 0.999958 -0.00736268 -0.0364897 0.0601593 0.00702532 0.998164 2.86666 
0.996714 -0.00571218 -0.0808014 -0.0619231 0.00508064 0.999955 -0.00801939 -0.039712 0.0808436 0.00758252 0.996698 3.2353 
0.99472 -0.00736039 -0.102361 -0.106702 0.00660653 0.999949 -0.00770178 -0.0421836 0.102412 0.00698486 0.994718 3.61833 
0.992402 -0.00906509 -0.122701 -0.16003 0.00825213 0.999941 -0.00713208 -0.0458803 0.122758 0.00606535 0.992418 4.01415 
0.989988 -0.00817095 -0.140914 -0.228353 0.00729249 0.999951 -0.00674929 -0.0508435 0.140962 0.0056541 0.989999 4.41978 
0.987593 -0.00711212 -0.156876 -0.305006 0.00622482 0.999962 -0.00614666 -0.0575214 0.156914 0.00509387 0.987599 4.8359 
0.985305 -0.00656274 -0.170675 -0.38822 0.00555118 0.999964 -0.00640336 -0.0639032 0.170711 0.00536182 0.985306 5.26105 
0.983087 -0.00807756 -0.182964 -0.475959 0.00685285 0.99995 -0.00732498 -0.0716396 0.183014 0.00594727 0.983092 5.69698 
0.981153 -0.0118646 -0.19287 -0.565125 0.0101658 0.9999 -0.00979561 -0.0785058 0.192967 0.00765031 0.981175 6.14523 
0.97958 -0.0111165 -0.200747 -0.666443 0.00892614 0.99989 -0.0118131 -0.085043 0.200857 0.00978 0.979572 6.6072 
0.97798 -0.011012 -0.208406 -0.773163 0.00836 0.999873 -0.0136017 -0.0922559 0.208529 0.0115599 0.977948 7.07829 
0.976231 -0.0116924 -0.216416 -0.887609 0.00833604 0.999831 -0.0164152 -0.103252 0.216572 0.014221 0.976163 7.55891 
0.974391 -0.0156847 -0.224315 -1.00148 0.0119251 0.999765 -0.0181056 -0.115699 0.224546 0.0149669 0.974349 8.05201 
0.972425 -0.022184 -0.232159 -1.11712 0.0181582 0.999646 -0.0194639 -0.128758 0.232508 0.0147116 0.972483 8.55808 
0.970301 -0.0227585 -0.240828 -1.24958 0.0179865 0.999596 -0.0219951 -0.143781 0.241231 0.0170102 0.970319 9.07157 
0.96821 -0.0188063 -0.24943 -1.40028 0.0126428 0.999574 -0.0262896 -0.157621 0.249818 0.0223004 0.968036 9.59193 
0.965948 -0.0159953 -0.258241 -1.55606 0.00872266 0.999533 -0.0292834 -0.17624 0.258589 0.0260337 0.965637 10.125 
0.963641 -0.0184421 -0.266563 -1.71158 0.0105612 0.999465 -0.0309686 -0.199163 0.266991 0.0270275 0.96332 10.6686 
0.961147 -0.0212564 -0.275216 -1.87209 0.0125043 0.99936 -0.0335166 -0.218569 0.275752 0.028773 0.960798 11.2294 
0.958839 -0.0208305 -0.283185 -2.04867 0.0110582 0.999288 -0.0360632 -0.242949 0.283735 0.0314473 0.958387 11.797 
0.956451 -0.0200908 -0.291202 -2.23638 0.00892666 0.999175 -0.0396163 -0.270242 0.291757 0.0352916 0.955841 12.3749 
0.954099 -0.0211901 -0.298739 -2.42814 0.00815784 0.998962 -0.0448041 -0.300347 0.299379 0.0403105 0.953282 12.9625 
0.952291 -0.0227452 -0.304342 -2.62631 0.00711718 0.998603 -0.0523613 -0.335394 0.305108 0.0476972 0.951122 13.5589 
0.950979 -0.0235274 -0.308359 -2.83305 0.00510133 0.99816 -0.0604258 -0.374477 0.309214 0.0558906 0.949349 14.1663 
0.949708 -0.0235713 -0.312247 -3.04689 0.00204312 0.997608 -0.0690946 -0.418055 0.313129 0.0649818 0.947485 14.7831 
0.948358 -0.0230875 -0.316361 -3.26792 -0.00173605 0.996955 -0.0779602 -0.468103 0.317198 0.0744833 0.94543 15.4109 
0.947018 -0.0225334 -0.320389 -3.49594 -0.00498869 0.996384 -0.0848229 -0.525336 0.321141 0.0819272 0.943481 16.0494 
0.945413 -0.0207141 -0.325215 -3.73465 -0.00962939 0.995766 -0.091417 -0.58907 0.325732 0.0895584 0.941211 16.6991 
0.943789 -0.019768 -0.329956 -3.97948 -0.0131183 0.995184 -0.0971454 -0.658194 0.330287 0.0960133 0.938985 17.359 
0.942126 -0.0178404 -0.334783 -4.23304 -0.0175907 0.994577 -0.102503 -0.731703 0.334796 0.10246 0.936703 18.0281 
0.940403 -0.015337 -0.339717 -4.49519 -0.0219272 0.994169 -0.105582 -0.808211 0.339355 0.106739 0.934583 18.7068 
0.938612 -0.0143321 -0.344677 -4.76313 -0.0240728 0.99398 -0.106885 -0.888991 0.344134 0.108621 0.932616 19.3958 
0.936361 -0.0139508 -0.35076 -5.03496 -0.0248867 0.994058 -0.105972 -0.973634 0.350154 0.107957 0.93045 20.0968 
0.934015 -0.0135999 -0.356975 -5.31519 -0.0254425 0.994205 -0.104446 -1.05798 0.356327 0.106637 0.928256 20.8051 
0.931393 -0.0138493 -0.363751 -5.60451 -0.0252986 0.994397 -0.102638 -1.14132 0.363135 0.104799 0.925824 21.5206 
0.928154 -0.0130477 -0.371967 -5.90253 -0.025913 0.994695 -0.0995509 -1.22461 0.371293 0.102037 0.922892 22.2408 
0.92481 -0.0111006 -0.380267 -6.21317 -0.0266403 0.995231 -0.0938416 -1.30603 0.379495 0.0969161 0.920104 22.9701 
0.921256 -0.00759348 -0.388882 -6.53695 -0.0292194 0.995633 -0.0886615 -1.38642 0.387857 0.0930428 0.917011 23.7034 
0.917632 -0.00379144 -0.397413 -6.87328 -0.0325226 0.995884 -0.0845962 -1.46523 0.396098 0.0905531 0.913732 24.4407 
0.91375 -0.00286938 -0.406266 -7.21637 -0.0337031 0.995993 -0.0828375 -1.54015 0.404876 0.0893852 0.909992 25.1822 
0.909673 -0.00295358 -0.415314 -7.56792 -0.0343229 0.99602 -0.0822619 -1.61299 0.413904 0.0890862 0.905951 25.9307 
0.905761 -0.00297648 -0.423779 -7.93151 -0.0346365 0.99611 -0.0810265 -1.68526 0.422371 0.0880688 0.902134 26.6848 
0.901784 -0.00196039 -0.432182 -8.30855 -0.0358438 0.996205 -0.07931 -1.75849 0.430697 0.0870116 0.898292 27.4463 
0.897922 -0.00274097 -0.440145 -8.69492 -0.0347101 0.996426 -0.0770157 -1.83171 0.438783 0.0844316 0.894618 28.2153 
0.893988 -0.00216005 -0.448085 -9.09435 -0.0341369 0.996754 -0.0729125 -1.90238 0.446788 0.0804792 0.891013 28.9939 
0.890219 0.000158636 -0.455532 -9.50593 -0.03458 0.997138 -0.0672304 -1.97064 0.454218 0.0756021 0.887677 29.7773 
0.886323 0.000396122 -0.463068 -9.92731 -0.0333999 0.99745 -0.0630749 -2.03794 0.461862 0.0713711 0.884076 30.5652 
0.882575 -0.000510574 -0.470172 -10.3582 -0.0320303 0.997611 -0.0612085 -2.10264 0.46908 0.0690808 0.88045 31.3611 
0.879259 -0.00118284 -0.476342 -10.8015 -0.0312777 0.997695 -0.0602116 -2.16242 0.475316 0.0678405 0.877196 32.1631 
0.876057 -0.000672265 -0.482207 -11.2566 -0.0313275 0.997807 -0.0583058 -2.222 0.481189 0.0661855 0.874115 32.9713 
0.873036 -0.00193643 -0.487652 -11.7219 -0.0296849 0.997927 -0.057107 -2.28256 0.486752 0.0643323 0.871168 33.7895 
0.870338 -0.00324915 -0.492444 -12.1999 -0.028573 0.99796 -0.0570841 -2.34341 0.491625 0.0637531 0.86847 34.619 
0.868237 -0.00426217 -0.496131 -12.697 -0.0280281 0.997945 -0.0576227 -2.40265 0.495357 0.0639357 0.866333 35.4629 
0.866839 -0.00388957 -0.498572 -13.1897 -0.0288903 0.997898 -0.0580149 -2.4661 0.49775 0.0646935 0.864904 36.3064 
0.866332 -0.00381117 -0.499454 -13.7005 -0.0285289 0.997961 -0.0571003 -2.52835 0.498653 0.0637167 0.864457 37.1707 
0.866135 -0.00333935 -0.499798 -14.2112 -0.0281198 0.998068 -0.0553993 -2.5932 0.499018 0.0620376 0.864368 38.0443 
0.865822 -0.00464829 -0.50033 -14.7318 -0.0263624 0.998144 -0.0548934 -2.65798 0.499657 0.0607178 0.864093 38.9313 
0.865153 -0.00667255 -0.501463 -15.2579 -0.0245809 0.998145 -0.05569 -2.7229 0.500904 0.0605068 0.863385 39.8285 
0.863989 -0.00904083 -0.503429 -15.791 -0.0222443 0.998177 -0.0561017 -2.78819 0.503018 0.0596697 0.862214 40.7342 
0.862351 -0.00943704 -0.506222 -16.3284 -0.0208374 0.998318 -0.0541073 -2.85431 0.505881 0.0572078 0.860704 41.6407 
0.860236 -0.00859879 -0.509823 -16.8739 -0.0198062 0.99854 -0.050261 -2.91981 0.509511 0.053334 0.85881 42.5481 
0.857371 -0.00885557 -0.514622 -17.4201 -0.0174418 0.998778 -0.0462453 -2.98419 0.514403 0.0486254 0.856169 43.4481 
0.853309 -0.00909565 -0.521327 -17.9714 -0.0163746 0.998887 -0.0442297 -3.04715 0.521149 0.0462781 0.85221 44.3398 
0.847972 -0.012713 -0.529888 -18.5285 -0.0141164 0.998816 -0.0465537 -3.10886 0.529852 0.0469564 0.846789 45.2221 
0.841844 -0.0163424 -0.539473 -19.0968 -0.0125317 0.99868 -0.0498088 -3.17075 0.539575 0.0486918 0.840528 46.0984 
0.835615 -0.0167031 -0.549062 -19.6802 -0.0123599 0.998713 -0.0491925 -3.23152 0.549177 0.0478923 0.834333 46.9737 
0.829765 -0.0133676 -0.557953 -20.2777 -0.0134533 0.998944 -0.04394 -3.29379 0.557951 0.0439662 0.828708 47.8466 
0.824589 -0.00870635 -0.565665 -20.8856 -0.0165558 0.999082 -0.0395111 -3.3532 0.56549 0.0419455 0.823688 48.7119 
0.820548 -0.00889815 -0.571508 -21.4965 -0.0177696 0.998998 -0.0410668 -3.40925 0.571301 0.0438528 0.819568 49.5698 
0.817097 -0.0111087 -0.576394 -22.1106 -0.0183096 0.99881 -0.0452055 -3.46895 0.57621 0.0474909 0.815921 50.4228 
0.814094 -0.0133633 -0.580579 -22.7315 -0.0208625 0.998417 -0.0522344 -3.53133 0.580358 0.0546361 0.812527 51.2697 
0.810803 -0.0146249 -0.585137 -23.3563 -0.0207188 0.998344 -0.0536619 -3.59695 0.584952 0.0556326 0.809157 52.121 
0.807422 -0.0131167 -0.589828 -23.9895 -0.0200894 0.998562 -0.0497068 -3.66321 0.589632 0.0519837 0.805998 52.9768 
0.804237 -0.010475 -0.594216 -24.6304 -0.0198289 0.998815 -0.0444447 -3.72717 0.593978 0.0475267 0.803076 53.8303 
0.801185 -0.00863781 -0.598354 -25.275 -0.0202229 0.998934 -0.0414987 -3.78538 0.598075 0.0453486 0.800156 54.6781 
0.798064 -0.00837898 -0.602515 -25.9248 -0.0212199 0.998892 -0.0419981 -3.84285 0.602199 0.0463025 0.797002 55.5215 
0.794488 -0.00955078 -0.607205 -26.5783 -0.0213753 0.998817 -0.0436787 -3.90175 0.606904 0.0476814 0.793344 56.3616 
0.790455 -0.0122931 -0.612397 -27.2369 -0.0203274 0.998721 -0.0462858 -3.96185 0.612183 0.0490352 0.789195 57.2017 
0.786151 -0.0134593 -0.617888 -27.9049 -0.0195195 0.998723 -0.04659 -4.0231 0.617726 0.0486876 0.784885 58.0404 
0.781589 -0.0136391 -0.623645 -28.5827 -0.0190455 0.998773 -0.0457121 -4.08508 0.623503 0.0476057 0.78037 58.8776 
0.776613 -0.0132433 -0.629839 -29.2679 -0.0194294 0.9988 -0.0449584 -4.14767 0.629678 0.0471526 0.775424 59.7099 
0.771243 -0.0145444 -0.636375 -29.9609 -0.019174 0.998754 -0.0460641 -4.20974 0.636253 0.0477285 0.770003 60.5377 
0.76577 -0.0159855 -0.642915 -30.6634 -0.0186082 0.998722 -0.0469962 -4.27107 0.642845 0.0479518 0.764494 61.3628 
0.760087 -0.0172021 -0.649594 -31.3724 -0.018293 0.998687 -0.047851 -4.33426 0.649564 0.048254 0.758774 62.1834 
0.7544 -0.0186222 -0.656151 -32.0913 -0.0178621 0.998645 -0.0488793 -4.39918 0.656172 0.0485948 0.753045 62.9976 
0.748312 -0.0203283 -0.663035 -32.8199 -0.0171658 0.998602 -0.0499902 -4.46506 0.663124 0.0487898 0.746917 63.8084 
0.742094 -0.0215536 -0.66995 -33.5595 -0.0161247 0.99862 -0.0499887 -4.5325 0.670102 0.0478991 0.740722 64.6152 
0.735773 -0.021242 -0.676895 -34.3061 -0.0155384 0.998715 -0.0482312 -4.59996 0.67705 0.0460051 0.734498 65.4169 
0.729289 -0.0216258 -0.683864 -35.0632 -0.0149715 0.998757 -0.0475495 -4.6658 0.684042 0.0449158 0.728058 66.2123 
0.722765 -0.0236086 -0.690691 -35.8288 -0.0135822 0.998738 -0.0483509 -4.73196 0.690961 0.0443274 0.721532 67.0042 
0.716253 -0.0253765 -0.69738 -36.6076 -0.0134052 0.998654 -0.0501073 -4.79665 0.697712 0.045238 0.714948 67.7907 
0.710137 -0.0246651 -0.703632 -37.3995 -0.0148812 0.998637 -0.0500249 -4.8627 0.703906 0.0459954 0.708802 68.5755 
0.704652 -0.0241077 -0.709143 -38.1968 -0.0152398 0.998678 -0.0490938 -4.93047 0.709389 0.0454012 0.703353 69.3572 
0.699676 -0.0236404 -0.714069 -39.0088 -0.016229 0.998669 -0.0489644 -4.99869 0.714276 0.0458479 0.698361 70.1384 
0.694813 -0.0246711 -0.718767 -39.8258 -0.016229 0.998619 -0.0499649 -5.06629 0.719008 0.0463812 0.693453 70.9154 
0.689587 -0.0264125 -0.723721 -40.6526 -0.0170104 0.998468 -0.0526476 -5.13621 0.724003 0.0486159 0.688081 71.6899 
0.684537 -0.0288371 -0.728408 -41.4873 -0.0167114 0.998334 -0.0552282 -5.20794 0.728787 0.0499785 0.682915 72.4624 
0.679463 -0.0293568 -0.733123 -42.3357 -0.0171383 0.998292 -0.0558589 -5.28142 0.73351 0.0505185 0.677799 73.2348 
0.674559 -0.0289943 -0.737651 -43.1924 -0.0166162 0.998379 -0.0544376 -5.35665 0.738034 0.0489783 0.672984 74.0057 
0.669428 -0.02895 -0.742312 -44.0582 -0.0160985 0.99844 -0.0534568 -5.43282 0.742702 0.0477356 0.667918 74.775 
0.664291 -0.0300928 -0.746868 -44.9294 -0.0153614 0.998429 -0.0538916 -5.508 0.747316 0.0472727 0.662785 75.5397 
0.659495 -0.0311237 -0.751064 -45.8082 -0.0144077 0.998436 -0.0540257 -5.58269 0.751571 0.0464508 0.658015 76.3015 
0.65506 -0.0317193 -0.754911 -46.6973 -0.013563 0.998464 -0.0537217 -5.6586 0.755455 0.0454298 0.653623 77.0639 
0.651029 -0.0326932 -0.758348 -47.5977 -0.0123126 0.998486 -0.053616 -5.73364 0.758953 0.0442428 0.649641 77.8264 
0.647033 -0.0355786 -0.761632 -48.501 -0.00957565 0.998453 -0.0547762 -5.81155 0.762402 0.0427351 0.645691 78.5875 
0.64274 -0.0403839 -0.765019 -49.4106 -0.00629957 0.998297 -0.057991 -5.88951 0.766058 0.0420924 0.641392 79.3473 
0.637861 -0.0445619 -0.768862 -50.327 -0.00193454 0.998229 -0.0594606 -5.96965 0.770149 0.039415 0.636645 80.1044 
0.631118 -0.0481019 -0.774194 -51.2537 0.0030376 0.998221 -0.0595448 -6.05273 0.775681 0.0352281 0.630141 80.8614 
0.62261 -0.0519102 -0.780808 -52.1909 0.00790863 0.998164 -0.0600544 -6.13699 0.782492 0.0312153 0.621878 81.6109 
0.613497 -0.0528508 -0.787927 -53.1402 0.0105893 0.998219 -0.0587113 -6.21964 0.789626 0.0276756 0.612963 82.3496 
0.604655 -0.0512535 -0.794836 -54.1077 0.0108375 0.998364 -0.0561332 -6.30273 0.796413 0.0253272 0.604222 83.0771 
0.59557 -0.050991 -0.801683 -55.0848 0.0101902 0.998383 -0.0559318 -6.38513 0.803239 0.025142 0.595126 83.7946 
0.586046 -0.0523379 -0.808586 -56.0717 0.00926781 0.998279 -0.0578991 -6.46406 0.810225 0.0264377 0.585522 84.5012 
0.576025 -0.0545088 -0.815613 -57.0694 0.00971541 0.99816 -0.0598472 -6.54749 0.817375 0.0265495 0.575494 85.1992 
0.566153 -0.0562172 -0.822381 -58.0803 0.0101621 0.998072 -0.0612314 -6.63141 0.824238 0.0263092 0.565633 85.8893 
0.555916 -0.0569472 -0.829285 -59.104 0.0129858 0.998124 -0.0598363 -6.71908 0.831137 0.0224951 0.555612 86.5731 
0.545587 -0.0569535 -0.836117 -60.1406 0.0141462 0.998172 -0.0587614 -6.80664 0.837935 0.0202316 0.545395 87.2459 
0.535174 -0.057596 -0.842776 -61.1866 0.0143531 0.998149 -0.0590999 -6.89363 0.84462 0.0195323 0.53501 87.9043 
0.524918 -0.0586342 -0.849131 -62.2433 0.0137551 0.998078 -0.0604162 -6.98029 0.851042 0.0200337 0.524716 88.5513 
0.514884 -0.0589602 -0.85523 -63.3103 0.0121196 0.998033 -0.0615087 -7.06929 0.857174 0.0213047 0.514585 89.1828 
0.504984 -0.0600455 -0.861038 -64.3886 0.0110631 0.997946 -0.0631046 -7.16056 0.863058 0.0223411 0.504611 89.806 
0.495331 -0.0598081 -0.866643 -65.477 0.0099481 0.997952 -0.0631841 -7.2518 0.868647 0.0226756 0.494912 90.4213 
0.486544 -0.0576513 -0.871752 -66.5779 0.00908697 0.9981 -0.0609354 -7.34308 0.873609 0.0217262 0.486144 91.0275 
0.478552 -0.0560369 -0.876269 -67.6872 0.00957233 0.998235 -0.0586089 -7.43423 0.878007 0.0196594 0.478244 91.6264 
0.47083 -0.056268 -0.880428 -68.8027 0.00964654 0.998233 -0.0586381 -7.52406 0.882171 0.0191155 0.470541 92.2162 
0.463186 -0.0593452 -0.884272 -69.9217 0.0113597 0.998071 -0.0610321 -7.61379 0.886189 0.0182241 0.462966 92.7993 
0.456244 -0.0628598 -0.887632 -71.0461 0.0140389 0.997886 -0.0634517 -7.70543 0.889744 0.016488 0.456162 93.3743 
0.450066 -0.0655165 -0.890588 -72.1764 0.0150016 0.997719 -0.0658164 -7.80246 0.892869 0.0162614 0.450023 93.9407 
0.444522 -0.0690488 -0.893103 -73.3081 0.0169681 0.997495 -0.0686743 -7.90315 0.895607 0.015373 0.44458 94.5006 
0.439713 -0.0699636 -0.895409 -74.4437 0.0196005 0.997471 -0.068313 -8.00539 0.897924 0.0124877 0.439973 95.0556 
0.435441 -0.0673167 -0.897697 -75.5825 0.0212397 0.997691 -0.0645125 -8.10828 0.899967 0.00902463 0.435865 95.6059 
0.431582 -0.0653684 -0.899702 -76.7199 0.0242969 0.997852 -0.0608444 -8.20707 0.901747 0.00439935 0.432243 96.1515 
0.428101 -0.0647735 -0.901406 -77.8549 0.0258307 0.997898 -0.0594396 -8.30234 0.903361 0.00216223 0.428875 96.6879 
0.42514 -0.0646206 -0.902818 -78.9908 0.0274292 0.99791 -0.0585105 -8.39621 0.904712 0.00011154 0.426024 97.22 
0.422742 -0.0637675 -0.904004 -80.1214 0.0291385 0.997962 -0.0567691 -8.48665 0.905781 -0.00234265 0.423739 97.7436 
0.420451 -0.0628158 -0.905138 -81.2579 0.0306279 0.998015 -0.0550343 -8.577 0.906798 -0.00458325 0.42154 98.2658 
0.418248 -0.063953 -0.906079 -82.3857 0.0331258 0.997929 -0.0551451 -8.66411 0.907729 -0.00695027 0.4195 98.7808 
0.416174 -0.0645469 -0.906991 -83.517 0.0355328 0.99787 -0.05471 -8.74645 0.90859 -0.00945904 0.417581 99.289 
0.414014 -0.0640039 -0.908017 -84.6363 0.0389133 0.997858 -0.0525939 -8.82879 0.909438 -0.0135593 0.415618 99.7943 
0.411982 -0.0631619 -0.909 -85.7374 0.0406242 0.997876 -0.0509255 -8.91446 0.910286 -0.015947 0.413673 100.293 
0.410336 -0.0644931 -0.909651 -86.829 0.0430155 0.997755 -0.0513356 -8.99691 0.910919 -0.0180642 0.412189 100.784 
0.409048 -0.0657393 -0.910142 -87.9091 0.0444731 0.997653 -0.0520725 -9.07881 0.911428 -0.0191767 0.411012 101.268 
0.40854 -0.0670313 -0.910276 -88.976 0.0444835 0.997577 -0.0534954 -9.1621 0.911656 -0.0186372 0.410532 101.744 
0.409006 -0.0675801 -0.910026 -90.0277 0.0436045 0.997562 -0.0544829 -9.2473 0.911489 -0.0173974 0.410956 102.211 
0.411328 -0.0673451 -0.908996 -91.0696 0.0414612 0.997617 -0.0551493 -9.32934 0.910544 -0.0150036 0.41314 102.674 
0.415632 -0.0674511 -0.907028 -92.1001 0.039409 0.997645 -0.0561313 -9.41407 0.908679 -0.012415 0.417312 103.139 
0.420711 -0.0677728 -0.90466 -93.1172 0.0379501 0.997647 -0.0570904 -9.49873 0.906401 -0.0103134 0.422293 103.606 
0.426517 -0.0678135 -0.901934 -94.1278 0.0373767 0.997655 -0.0573353 -9.58002 0.903707 -0.00925689 0.428051 104.078 
0.433426 -0.0665757 -0.898727 -95.1329 0.0362676 0.997748 -0.0564203 -9.66045 0.900459 -0.00814069 0.434864 104.556 
0.441521 -0.0653114 -0.894871 -96.1316 0.0349873 0.997842 -0.0555643 -9.74022 0.896569 -0.00677628 0.442853 105.04 
0.450315 -0.064842 -0.890512 -97.1175 0.0346594 0.997877 -0.0551331 -9.81808 0.892197 -0.00603734 0.451606 105.532 
0.459744 -0.0643388 -0.885718 -98.0967 0.0338783 0.997917 -0.054904 -9.89523 0.887405 -0.00476485 0.460966 106.033 
0.469541 -0.065113 -0.880506 -99.0663 0.0330246 0.997874 -0.0561815 -9.97298 0.882293 -0.00269888 0.470694 106.543 
0.479815 -0.0664406 -0.87485 -100.023 0.0310944 0.99779 -0.0587234 -10.0514 0.876818 0.000973471 0.480821 107.062 
0.491186 -0.067379 -0.868445 -100.971 0.0295531 0.997719 -0.0606939 -10.1306 0.870553 0.00414677 0.492057 107.591 
0.503352 -0.0655782 -0.861589 -101.911 0.0273663 0.997826 -0.0599598 -10.2107 0.863648 0.00660239 0.504052 108.132 
0.51611 -0.0629729 -0.854204 -102.84 0.0259182 0.997985 -0.0579129 -10.2912 0.85613 0.00775002 0.516702 108.684 
0.528425 -0.0605312 -0.846819 -103.756 0.0252938 0.998135 -0.0555638 -10.3714 0.848603 0.00794204 0.528971 109.247 
0.540207 -0.05992 -0.839396 -104.659 0.0254488 0.998169 -0.0548759 -10.4504 0.841147 0.00828275 0.540743 109.821 
0.551693 -0.0601838 -0.831873 -105.544 0.0256511 0.998146 -0.0552016 -10.5303 0.833653 0.00911587 0.552214 110.4 
0.562668 -0.0612264 -0.824413 -106.416 0.0259821 0.998071 -0.0563904 -10.6071 0.826275 0.0103091 0.563173 110.99 
0.573486 -0.0628452 -0.816802 -107.272 0.0281603 0.997976 -0.0570132 -10.6847 0.818732 0.00969489 0.574095 111.589 
0.584105 -0.0626321 -0.809258 -108.114 0.0286332 0.997988 -0.056572 -10.7624 0.811173 0.0098723 0.584723 112.196 
0.594731 -0.0601619 -0.80167 -108.946 0.0277639 0.998138 -0.0543089 -10.8383 0.803445 0.0100417 0.595294 112.806 
0.604598 -0.0574111 -0.794459 -109.762 0.0282012 0.998317 -0.0506811 -10.911 0.796032 0.00823695 0.605199 113.423 
0.614592 -0.0555702 -0.786885 -110.562 0.0268868 0.998412 -0.0495086 -10.9805 0.788386 0.0092708 0.61511 114.041 
0.624625 -0.055204 -0.778971 -111.349 0.025241 0.998404 -0.0505151 -11.0475 0.780517 0.011891 0.625022 114.663 
0.634162 -0.0548229 -0.771254 -112.125 0.0234733 0.998388 -0.0516674 -11.1155 0.772843 0.0146617 0.634427 115.293 
0.643334 -0.0543186 -0.763657 -112.882 0.0235348 0.998412 -0.05119 -11.1833 0.765224 0.0149597 0.64359 115.927 
0.652505 -0.0523536 -0.755974 -113.633 0.0233203 0.998525 -0.0490225 -11.2502 0.757426 0.0143579 0.652764 116.57 
0.661221 -0.0505376 -0.748487 -114.369 0.0234936 0.998634 -0.0466729 -11.3156 0.749824 0.0132765 0.661505 117.217 
0.669407 -0.0500398 -0.741209 -115.092 0.0239576 0.998664 -0.0457841 -11.3792 0.742509 0.0128906 0.669712 117.867 
0.677248 -0.0492324 -0.734105 -115.805 0.0228808 0.998685 -0.0458676 -11.4405 0.735399 0.0142668 0.677485 118.518 
0.68477 -0.0482609 -0.727159 -116.507 0.0222937 0.998725 -0.0452903 -11.4999 0.728418 0.0148024 0.684973 119.172 
0.69207 -0.0455105 -0.720394 -117.198 0.0214988 0.998867 -0.0424494 -11.5582 0.72151 0.0138903 0.692265 119.829 
0.699595 -0.0425577 -0.713271 -117.877 0.0203975 0.999007 -0.0395999 -11.6166 0.714248 0.0131549 0.699769 120.487 
0.707006 -0.0409688 -0.70602 -118.539 0.0194363 0.999069 -0.0385103 -11.6724 0.706941 0.0135046 0.707144 121.142 
0.714626 -0.040031 -0.698361 -119.187 0.0187152 0.999098 -0.0381186 -11.7248 0.699257 0.0141706 0.71473 121.798 
0.722645 -0.0371251 -0.690221 -119.822 0.0161639 0.999191 -0.0368205 -11.7754 0.69103 0.0154516 0.722661 122.452 
0.731734 -0.0343328 -0.680725 -120.441 0.0154613 0.99931 -0.0337809 -11.8246 0.681415 0.0141937 0.731759 123.11 
0.741276 -0.0303936 -0.670512 -121.044 0.0135701 0.999449 -0.0303018 -11.8719 0.671063 0.0133631 0.74128 123.771 
0.751493 -0.0282755 -0.659135 -121.63 0.011856 0.999499 -0.0293591 -11.9173 0.659635 0.0142484 0.751451 124.431 
0.761534 -0.0273475 -0.647548 -122.2 0.0103093 0.999494 -0.030087 -11.9608 0.648043 0.0162365 0.761431 125.095 
0.771488 -0.0283822 -0.63561 -122.757 0.0104357 0.999435 -0.0319617 -12.0027 0.636158 0.018025 0.771348 125.768 
0.781582 -0.0273397 -0.623203 -123.304 0.0099306 0.999458 -0.0313916 -12.0431 0.623724 0.0183463 0.78143 126.449 
0.791869 -0.0256524 -0.610152 -123.839 0.00950622 0.999514 -0.0296849 -12.0845 0.610617 0.0177063 0.791728 127.14 
0.802127 -0.0232589 -0.596701 -124.362 0.00918382 0.999603 -0.0266182 -12.125 0.597083 0.0158711 0.802022 127.837 
0.811898 -0.0218323 -0.583391 -124.872 0.00950396 0.999662 -0.0241838 -12.1635 0.583722 0.0140903 0.811831 128.543 
0.821077 -0.0203067 -0.570456 -125.369 0.00997962 0.999725 -0.0212236 -12.1985 0.57073 0.0117333 0.821054 129.257 
0.829341 -0.0194442 -0.558405 -125.857 0.0105851 0.999762 -0.0190917 -12.232 0.558643 0.00992275 0.829349 129.977 
0.836684 -0.0197364 -0.54733 -126.332 0.0121311 0.999773 -0.0175069 -12.264 0.547551 0.00800807 0.836734 130.704 
0.843413 -0.0195297 -0.53691 -126.8 0.012301 0.999779 -0.017043 -12.2934 0.537124 0.00776978 0.843467 131.436 
0.850267 -0.018531 -0.526025 -127.262 0.0113142 0.999793 -0.0169328 -12.3216 0.52623 0.00844587 0.850301 132.177 
0.857048 -0.0165889 -0.514969 -127.719 0.00976799 0.999825 -0.0159512 -12.3486 0.515144 0.00864075 0.85706 132.926 
0.863411 -0.0155329 -0.504263 -128.164 0.00899772 0.999841 -0.0153922 -12.3769 0.504422 0.00875258 0.863413 133.682 
0.86935 -0.0160224 -0.493937 -128.6 0.00971278 0.999835 -0.015338 -12.404 0.494102 0.00853656 0.869362 134.447 
0.874524 -0.0173557 -0.484672 -129.03 0.010821 0.999809 -0.0162774 -12.4303 0.484862 0.0089904 0.874545 135.221 
0.878943 -0.0177917 -0.476594 -129.455 0.0111844 0.999798 -0.0166968 -12.4565 0.476795 0.00934511 0.878965 136.002 
0.882489 -0.0169108 -0.470029 -129.88 0.010693 0.999816 -0.0158952 -12.4818 0.470211 0.00900132 0.882508 136.793 
0.885721 -0.0151126 -0.463971 -130.305 0.0105261 0.999867 -0.0124737 -12.5049 0.464098 0.00616444 0.885762 137.598 
0.888952 -0.0108907 -0.457871 -130.732 0.00804454 0.999934 -0.00816556 -12.5256 0.45793 0.00357542 0.888981 138.414 
0.892382 -0.00811523 -0.451209 -131.158 0.00640186 0.999965 -0.00532358 -12.545 0.451236 0.00186208 0.892403 139.241 
0.895711 -0.00533769 -0.444605 -131.583 0.00438559 0.999985 -0.00316999 -12.5577 0.444616 0.00088954 0.895721 140.083 
0.899069 -0.00362437 -0.437791 -132.006 0.00357004 0.999993 -0.000947098 -12.5697 0.437792 -0.000711428 0.899076 140.938 
0.902437 -0.00215432 -0.430816 -132.427 0.00332972 0.999993 0.0019743 -12.5806 0.430809 -0.00321618 0.902438 141.811 
0.905929 -0.00215639 -0.423424 -132.844 0.00419427 0.999984 0.00388113 -12.5882 0.423409 -0.00529198 0.905923 142.697 
0.90954 -0.00228297 -0.41561 -133.26 0.0047489 0.999977 0.00489978 -12.5955 0.415589 -0.00643023 0.90953 143.599 
0.913287 -0.00293274 -0.407306 -133.672 0.00541765 0.999973 0.00494767 -12.601 0.407281 -0.00672529 0.913278 144.516 
0.91724 -0.00539375 -0.398298 -134.079 0.00778889 0.99996 0.00439557 -12.6066 0.398258 -0.00713409 0.917245 145.449 
0.921344 -0.00693892 -0.388687 -134.482 0.00886143 0.999956 0.00315371 -12.6126 0.388648 -0.00634997 0.921364 146.398 
0.925902 -0.00797501 -0.377679 -134.88 0.00905132 0.999958 0.0010749 -12.6208 0.377655 -0.00441374 0.925936 147.364 
0.931218 -0.00610963 -0.36441 -135.275 0.00670261 0.999977 0.000362503 -12.6298 0.3644 -0.00278007 0.931238 148.351 
0.937414 -0.0023758 -0.348208 -135.662 0.00312734 0.999994 0.00159625 -12.6382 0.348202 -0.00258532 0.937416 149.359 
0.944083 0.00140893 -0.329706 -136.034 0.000119778 0.999989 0.00461623 -12.6477 0.329709 -0.00439759 0.944072 150.392 
0.950789 0.00476254 -0.309802 -136.39 -0.00296106 0.999976 0.0062849 -12.6544 0.309825 -0.00505827 0.95078 151.445 
0.957398 0.00648625 -0.2887 -136.725 -0.00463497 0.999964 0.00709566 -12.6591 0.288735 -0.00545526 0.957393 152.518 
0.963571 0.0079746 -0.267334 -137.038 -0.00588293 0.999946 0.00862421 -12.6623 0.267389 -0.00673733 0.963565 153.61 
0.969274 0.00895728 -0.24582 -137.328 -0.00637124 0.999916 0.0113133 -12.6636 0.245901 -0.00939955 0.969249 154.723 
0.974566 0.0112241 -0.223819 -137.598 -0.00811601 0.999858 0.0148016 -12.6623 0.223953 -0.0126086 0.974518 155.854 
0.979385 0.0134332 -0.201557 -137.845 -0.00979717 0.999771 0.0190264 -12.6575 0.201767 -0.0166595 0.979292 157.006 
0.983704 0.0155179 -0.179126 -138.069 -0.0117053 0.999682 0.0223215 -12.6502 0.179415 -0.0198611 0.983573 158.175 
0.987452 0.0172665 -0.15697 -138.269 -0.0139591 0.999657 0.0221479 -12.6379 0.157299 -0.0196789 0.987355 159.358 
0.990699 0.0165726 -0.135058 -138.443 -0.0139884 0.999701 0.020061 -12.6258 0.13535 -0.0179852 0.990635 160.559 
0.993329 0.0166891 -0.114104 -138.593 -0.0146086 0.999712 0.0190453 -12.6127 0.114389 -0.0172513 0.993286 161.777 
0.995472 0.0155395 -0.0937712 -138.717 -0.0136325 0.999688 0.0209438 -12.6007 0.0940674 -0.0195706 0.995373 163.015 
0.997144 0.0161861 -0.0737626 -138.82 -0.0145537 0.999638 0.022614 -12.5899 0.074102 -0.0214759 0.997019 164.266 
0.998431 0.0166961 -0.0534415 -138.9 -0.0154571 0.999604 0.0235137 -12.5751 0.0538129 -0.0226508 0.998294 165.532 
0.999286 0.0184042 -0.0329914 -138.957 -0.0176149 0.999555 0.0240569 -12.5579 0.0334195 -0.0234586 0.999166 166.814 
0.999746 0.0188419 -0.0123553 -138.985 -0.0185336 0.999525 0.0246104 -12.5417 0.0128132 -0.0243752 0.999621 168.11 
0.999742 0.0212018 0.00813185 -138.99 -0.0213922 0.999481 0.0240927 -12.5249 -0.00761683 -0.0242604 0.999677 169.418 
0.999351 0.02235 0.0282627 -138.967 -0.0230003 0.999473 0.022897 -12.5091 -0.0277361 -0.0235322 0.999338 170.741 
0.998604 0.0224689 0.0478116 -138.917 -0.0234718 0.999514 0.0205177 -12.4954 -0.0473274 -0.0216112 0.998646 172.072 
0.997462 0.0246234 0.0668042 -138.843 -0.0258743 0.999505 0.0179238 -12.4838 -0.0663298 -0.0196068 0.997605 173.417 
0.995988 0.0248386 0.0859748 -138.741 -0.0263155 0.999524 0.016088 -12.475 -0.0855343 -0.018286 0.996167 174.778 
0.994169 0.0250813 0.104878 -138.61 -0.0265911 0.999562 0.0130228 -12.4708 -0.104506 -0.0157357 0.9944 176.148 
0.992006 0.0261181 0.123455 -138.453 -0.0272704 0.999599 0.00765321 -12.4721 -0.123206 -0.0109587 0.992321 177.53 
0.989576 0.0279074 0.141279 -138.272 -0.0283289 0.999598 0.000972731 -12.4795 -0.141195 -0.00496487 0.989969 178.919 
0.986878 0.0298137 0.158694 -138.062 -0.029541 0.999555 -0.00407797 -12.4962 -0.158745 -0.000663529 0.987319 180.317 
0.983826 0.0321497 0.176221 -137.826 -0.0311853 0.99948 -0.00823998 -12.52 -0.176394 0.00261121 0.984316 181.727 
0.980435 0.0342098 0.193849 -137.561 -0.0326846 0.999405 -0.0110616 -12.5503 -0.194112 0.00450928 0.980969 183.145 
0.976846 0.0335578 0.211298 -137.267 -0.031987 0.999429 -0.0108485 -12.5838 -0.211541 0.00383856 0.977362 184.57 
0.972997 0.0328441 0.228471 -136.947 -0.0310302 0.999452 -0.011528 -12.6184 -0.228724 0.00412725 0.973482 185.994 
0.968915 0.0327837 0.24521 -136.599 -0.0295902 0.999423 -0.0166974 -12.6569 -0.245616 0.00892254 0.969326 187.417 
0.964593 0.0339193 0.261554 -136.227 -0.0294598 0.999346 -0.0209535 -12.6989 -0.262094 0.0125063 0.964961 188.849 
0.959818 0.0361699 0.278281 -135.83 -0.0315376 0.99928 -0.0211062 -12.7451 -0.278844 0.0114818 0.960268 190.291 
0.954481 0.03843 0.295786 -135.403 -0.0334865 0.999202 -0.0217627 -12.7951 -0.296387 0.0108672 0.955006 191.742 
0.948682 0.0421383 0.313413 -134.948 -0.0361816 0.999037 -0.0248008 -12.8467 -0.314156 0.0121883 0.949293 193.195 
0.942773 0.0427881 0.330678 -134.457 -0.0352166 0.998963 -0.0288571 -12.9054 -0.33157 0.0155603 0.943302 194.651 
0.936564 0.0438127 0.347747 -133.942 -0.0351301 0.998894 -0.0312372 -12.9671 -0.348731 0.0170393 0.937068 196.096 
0.929931 0.0440783 0.365082 -133.389 -0.0330045 0.998788 -0.0365205 -13.0376 -0.366249 0.0219122 0.930259 197.544 
0.9222 0.0472642 0.383813 -132.808 -0.033462 0.998533 -0.0425629 -13.1145 -0.385262 0.0264083 0.922429 198.991 
0.912881 0.0507197 0.405063 -132.196 -0.034987 0.998321 -0.046155 -13.1979 -0.406724 0.0279621 0.913123 200.435 
0.901862 0.0537669 0.428665 -131.542 -0.0369283 0.998188 -0.0475086 -13.2902 -0.430442 0.0270163 0.902214 201.878 
0.889291 0.0586306 0.453569 -130.85 -0.0402239 0.997932 -0.0501327 -13.3882 -0.45557 0.0263382 0.88981 203.306 
0.87585 0.0628588 0.478472 -130.121 -0.0422801 0.997663 -0.0536728 -13.4869 -0.480728 0.0267795 0.876461 204.722 
0.861824 0.0666933 0.502803 -129.34 -0.0440351 0.997413 -0.0568219 -13.5969 -0.505292 0.0268295 0.862531 206.124 
0.84749 0.0680547 0.526431 -128.517 -0.0433445 0.997308 -0.0591481 -13.711 -0.529039 0.0273095 0.848158 207.505 
0.832507 0.0698423 0.549595 -127.651 -0.043052 0.997178 -0.0615073 -13.8314 -0.55234 0.027544 0.833164 208.869 
0.817065 0.0718357 0.572053 -126.745 -0.0410603 0.996938 -0.0665442 -13.9541 -0.575082 0.0308822 0.817513 210.211 
0.801519 0.0739882 0.593375 -125.799 -0.0388116 0.99666 -0.0718482 -14.085 -0.596709 0.0345579 0.801713 211.528 
0.785989 0.0760028 0.613551 -124.814 -0.0376803 0.996459 -0.0751646 -14.2246 -0.617092 0.0359597 0.786069 212.824 
0.770553 0.0774511 0.632652 -123.79 -0.0357409 0.996278 -0.0784358 -14.3714 -0.636373 0.0378274 0.770454 214.1 
0.755407 0.0779019 0.650608 -122.732 -0.0337304 0.996214 -0.0801201 -14.522 -0.654387 0.0385781 0.755175 215.356 
0.740619 0.0787891 0.66729 -121.644 -0.0323002 0.996128 -0.0817665 -14.6781 -0.671148 0.0390042 0.740296 216.59 
0.726231 0.079366 0.682854 -120.523 -0.0293794 0.995989 -0.084515 -14.8327 -0.686823 0.0413156 0.725649 217.808 
0.712004 0.0808358 0.697507 -119.375 -0.026984 0.995768 -0.0878571 -14.995 -0.701657 0.043733 0.711171 218.999 
0.697713 0.0830512 0.711547 -118.204 -0.0244006 0.995436 -0.0922602 -15.1639 -0.715962 0.0470089 0.696555 220.166 
0.683228 0.0848931 0.725253 -117.011 -0.0229129 0.995222 -0.0949086 -15.3378 -0.729845 0.0482266 0.681909 221.31 
0.668323 0.0858559 0.7389 -115.794 -0.0219869 0.995163 -0.0957455 -15.5165 -0.743546 0.0477428 0.666978 222.435 
0.652407 0.0871548 0.752841 -114.556 -0.0224281 0.995151 -0.0957705 -15.6981 -0.757537 0.0455966 0.651198 223.536 
0.635432 0.0884434 0.767075 -113.299 -0.0246584 0.995236 -0.0943237 -15.8808 -0.771763 0.0410214 0.634586 224.614 
0.618027 0.0895452 0.781041 -112.03 -0.0270234 0.995325 -0.0927293 -16.0627 -0.785692 0.0362029 0.617557 225.658 
0.600548 0.0915443 0.794331 -110.747 -0.0297839 0.995296 -0.092187 -16.2444 -0.799034 0.0317044 0.600449 226.664 
0.583012 0.0947314 0.806922 -109.46 -0.0306402 0.995036 -0.0946778 -16.4266 -0.811886 0.030474 0.58302 227.631 
0.565201 0.0983198 0.819073 -108.161 -0.0327418 0.994764 -0.0968159 -16.6091 -0.824303 0.0279026 0.565461 228.566 
0.546327 0.0985391 0.831755 -106.848 -0.0327057 0.994808 -0.0963738 -16.7935 -0.836933 0.0254485 0.546713 229.462 
0.52579 0.0976142 0.844995 -105.523 -0.0334306 0.994997 -0.0941407 -16.9755 -0.849957 0.0212496 0.526423 230.327 
0.504896 0.0958743 0.857839 -104.184 -0.0332529 0.995235 -0.0916584 -17.1535 -0.86254 0.0177523 0.505678 231.149 
0.483761 0.0946582 0.870066 -102.841 -0.0337456 0.995412 -0.0895324 -17.3294 -0.874549 0.0139514 0.484736 231.931 
0.462762 0.0936605 0.881521 -101.487 -0.0327232 0.99553 -0.0885955 -17.5006 -0.885879 0.0121524 0.463758 232.673 
0.441903 0.0932983 0.892198 -100.128 -0.0317741 0.995581 -0.0883715 -17.6687 -0.8965 0.0107028 0.442914 233.374 
0.42147 0.092521 0.90211 -98.7697 -0.0292711 0.995651 -0.088439 -17.8343 -0.90637 0.0108686 0.422345 234.031 
0.401072 0.092901 0.911323 -97.4078 -0.0267135 0.995607 -0.0897364 -17.9985 -0.915657 0.0116461 0.401792 234.647 
0.38086 0.0922526 0.920019 -96.0421 -0.0226122 0.995642 -0.0904747 -18.162 -0.924356 0.0136545 0.381286 235.224 
0.36052 0.0904027 0.92836 -94.6694 -0.0206936 0.995822 -0.0889359 -18.3244 -0.932522 0.012852 0.360885 235.768 
0.340337 0.0903151 0.935956 -93.3012 -0.0196542 0.995842 -0.088947 -18.4855 -0.940098 0.0118764 0.340697 236.278 
0.320783 0.0951772 0.942358 -91.9363 -0.019817 0.995395 -0.093788 -18.6453 -0.946945 0.0114109 0.321192 236.756 
0.301794 0.10438 0.947642 -90.5882 -0.0205763 0.99447 -0.102986 -18.8117 -0.953151 0.0115815 0.302273 237.204 
0.282768 0.112105 0.952615 -89.2402 -0.0223902 0.993648 -0.110287 -18.9861 -0.958927 0.00985649 0.283482 237.622 
0.263385 0.116096 0.95768 -87.8951 -0.024695 0.993218 -0.113613 -19.1688 -0.964375 0.00627404 0.264465 238.014 
0.243599 0.117368 0.962748 -86.555 -0.0271085 0.993087 -0.114207 -19.3547 -0.969497 0.00172214 0.245097 238.38 
0.223848 0.117579 0.967506 -85.2179 -0.0305962 0.993055 -0.113605 -19.5382 -0.974144 -0.00417175 0.225891 238.719 
0.204669 0.117921 0.971702 -83.8832 -0.0319524 0.992993 -0.113774 -19.7192 -0.97831 -0.00776219 0.207002 239.026 
0.185796 0.116456 0.975663 -82.5536 -0.0319271 0.993143 -0.112463 -19.8973 -0.98207 -0.010255 0.18824 239.303 
0.167216 0.116526 0.97901 -81.2292 -0.031778 0.993112 -0.112777 -20.0741 -0.985408 -0.0122528 0.169767 239.553 
0.14896 0.11717 0.981877 -79.9157 -0.0307566 0.993024 -0.113834 -20.2492 -0.988365 -0.0132424 0.151525 239.768 
0.129899 0.120575 0.984169 -78.6111 -0.0342879 0.992531 -0.117074 -20.4251 -0.990934 -0.0185373 0.133063 239.967 
0.111252 0.122403 0.986225 -77.3157 -0.0341014 0.992272 -0.119306 -20.5996 -0.993207 -0.0203585 0.114567 240.138 
0.0941836 0.119571 0.988348 -76.0202 -0.0343642 0.99256 -0.116806 -20.7778 -0.994962 -0.0229626 0.0975919 240.28 
0.0789668 0.115161 0.990203 -74.7348 -0.0318646 0.993089 -0.112956 -20.9523 -0.996368 -0.0226326 0.0820906 240.397 
0.0649653 0.111152 0.991678 -73.4581 -0.0313325 0.993514 -0.109306 -21.1191 -0.997396 -0.0239707 0.0680266 240.494 
0.0526893 0.10798 0.992756 -72.1906 -0.0291909 0.993878 -0.106553 -21.2783 -0.998184 -0.0233653 0.0555188 240.564 
0.0422606 0.10827 0.993223 -70.9446 -0.0286954 0.993832 -0.107116 -21.4356 -0.998694 -0.0239741 0.0451068 240.626 
0.0338444 0.110716 0.993276 -69.7175 -0.0289738 0.993536 -0.109758 -21.5903 -0.999007 -0.0250643 0.0368335 240.677 
0.0271675 0.112516 0.993278 -68.503 -0.0301793 0.993285 -0.111691 -21.7448 -0.999175 -0.0269421 0.0303807 240.722 
0.0213639 0.116812 0.992924 -67.3073 -0.0307008 0.992759 -0.116132 -21.9032 -0.9993 -0.0280025 0.0247954 240.758 
0.0161232 0.1255 0.991963 -66.132 -0.0299833 0.991706 -0.12498 -22.0659 -0.99942 -0.0277272 0.0197523 240.79 
0.0112532 0.128093 0.991698 -64.963 -0.0317994 0.991305 -0.127682 -22.2255 -0.999431 -0.0300986 0.0152287 240.82 
0.00772513 0.119724 0.992777 -63.7924 -0.0306203 0.992369 -0.119437 -22.3892 -0.999501 -0.0294765 0.0113322 240.841 
0.0052637 0.10999 0.993919 -62.6323 -0.0294667 0.993518 -0.109789 -22.5449 -0.999552 -0.0287096 0.00847061 240.858 
0.00398381 0.106302 0.994326 -61.4902 -0.0288658 0.993932 -0.106144 -22.6899 -0.999575 -0.0282792 0.00702814 240.873 
0.00403911 0.108321 0.994108 -60.3648 -0.0296906 0.993691 -0.108155 -22.831 -0.999551 -0.0290788 0.00722974 240.889 
0.00460398 0.111429 0.993762 -59.2518 -0.0291069 0.993366 -0.111249 -22.9731 -0.999566 -0.0284131 0.00781678 240.906 
0.00624697 0.113871 0.993476 -58.1481 -0.0315902 0.993022 -0.11362 -23.117 -0.999481 -0.0306743 0.00980059 240.928 
0.00827567 0.114513 0.993387 -57.0505 -0.0337837 0.992886 -0.114174 -23.2613 -0.999395 -0.0326154 0.0120855 240.954 
0.0114113 0.116195 0.993161 -55.9615 -0.034791 0.99267 -0.115738 -23.4033 -0.999329 -0.0332323 0.0153703 240.98 
0.0150339 0.117228 0.992991 -54.8845 -0.0372328 0.99248 -0.116604 -23.5456 -0.999194 -0.0352188 0.0192856 241.014 
0.0198313 0.118474 0.992759 -53.8113 -0.038862 0.992295 -0.117643 -23.6854 -0.999048 -0.0362476 0.0242827 241.052 
0.0260629 0.117598 0.992719 -52.7459 -0.0399195 0.992387 -0.11651 -23.825 -0.998863 -0.0365922 0.0305589 241.094 
0.0328359 0.116189 0.992684 -51.6816 -0.0390093 0.992612 -0.114891 -23.9672 -0.998699 -0.0349513 0.0371258 241.141 
0.0402292 0.115442 0.992499 -50.6241 -0.037128 0.99279 -0.113971 -24.1065 -0.9985 -0.0322646 0.0442253 241.191 
0.0476197 0.116427 0.992057 -49.5727 -0.0361087 0.992735 -0.114774 -24.2429 -0.998213 -0.0303564 0.0514778 241.251 
0.054514 0.116246 0.991723 -48.5243 -0.0368019 0.992759 -0.114344 -24.3785 -0.997835 -0.030264 0.0583974 241.321 
0.0610689 0.115148 0.991469 -47.482 -0.0380244 0.992871 -0.112969 -24.5137 -0.997409 -0.0308012 0.0650119 241.4 
0.0677246 0.113068 0.991276 -46.4436 -0.038907 0.993101 -0.110618 -24.6462 -0.996945 -0.0310761 0.0716565 241.485 
0.0744942 0.111565 0.990961 -45.4116 -0.039025 0.993287 -0.108893 -24.7781 -0.996458 -0.0305603 0.0783479 241.574 
0.0813565 0.112126 0.990358 -44.3866 -0.0393833 0.993238 -0.109216 -24.9069 -0.995907 -0.0301181 0.0852222 241.671 
0.0882 0.114357 0.989517 -43.3662 -0.0390143 0.993023 -0.111284 -25.035 -0.995338 -0.02879 0.0920462 241.775 
0.0948428 0.115881 0.988725 -42.3526 -0.0390513 0.99287 -0.112621 -25.1613 -0.994726 -0.0279297 0.0986919 241.884 
0.101226 0.117731 0.987873 -41.3442 -0.0410761 0.992621 -0.114087 -25.2919 -0.994015 -0.0290293 0.105315 242.003 
0.107704 0.118375 0.987111 -40.3399 -0.0432517 0.992504 -0.114302 -25.4192 -0.993242 -0.0303834 0.112016 242.126 
0.114555 0.118087 0.986373 -39.3381 -0.0440209 0.992538 -0.113712 -25.5476 -0.992441 -0.0303947 0.118899 242.256 
0.120871 0.115801 0.985891 -38.3421 -0.0451397 0.992786 -0.111077 -25.6749 -0.991641 -0.0310769 0.125226 242.393 
0.127237 0.114277 0.985267 -37.353 -0.0453908 0.992971 -0.109309 -25.8008 -0.990833 -0.030814 0.13153 242.535 
0.133866 0.113523 0.984476 -36.3684 -0.0453501 0.993078 -0.108348 -25.9254 -0.989961 -0.0301419 0.138087 242.68 
0.140794 0.114758 0.983365 -35.3915 -0.0454512 0.992961 -0.10937 -26.0475 -0.988995 -0.0292964 0.145019 242.831 
0.148157 0.115078 0.982246 -34.4216 -0.0431806 0.993012 -0.109826 -26.1678 -0.988021 -0.0261424 0.152091 242.984 
0.156979 0.116708 0.980682 -33.4582 -0.0420611 0.992882 -0.111428 -26.2902 -0.986706 -0.0237568 0.16077 243.146 
0.166337 0.118924 0.978871 -32.5031 -0.0421515 0.992651 -0.113435 -26.4129 -0.985168 -0.0223925 0.170127 243.317 
