1 0 -0 0 -0 1 0 0 0 -0 1 -0 
0.999991 -0.00269766 -0.00338918 -0.00134281 0.00269033 0.999994 -0.00216542 -0.00466681 0.003395 0.00215628 0.999992 0.674086 
0.999971 -0.00136782 -0.00746913 -0.0112649 0.00133973 0.999992 -0.00376428 -0.00710287 0.00747422 0.00375417 0.999965 1.36536 
0.999934 -0.00140492 -0.0113881 -0.025743 0.00134504 0.999985 -0.00526455 -0.0105145 0.0113953 0.00524888 0.999921 2.07406 
0.999867 -8.7235e-05 -0.0163077 -0.0432712 -7.80972e-06 0.999983 -0.00582806 -0.0178114 0.0163079 0.00582741 0.99985 2.79846 
0.999785 -0.00113509 -0.0207278 -0.0606281 0.00101051 0.999981 -0.0060199 -0.0272636 0.0207342 0.00599765 0.999767 3.53957 
0.999681 0.000593077 -0.0252605 -0.0861747 -0.000777001 0.999973 -0.00727188 -0.036292 0.0252555 0.00728919 0.999654 4.29402 
0.999539 0.00327242 -0.030177 -0.116989 -0.00351165 0.999963 -0.00787817 -0.0455949 0.0301501 0.00798051 0.999514 5.06248 
0.999399 0.00359992 -0.0344637 -0.149637 -0.0038184 0.999973 -0.00627563 -0.0545275 0.0344402 0.00640345 0.999386 5.84646 
0.999238 0.00278386 -0.0389196 -0.183828 -0.00292585 0.999989 -0.00359165 -0.063818 0.0389092 0.00370279 0.999236 6.64225 
0.999095 0.00240611 -0.042473 -0.22034 -0.0024458 0.999997 -0.000882545 -0.0740458 0.0424707 0.000985626 0.999097 7.4467 
0.998974 0.00389111 -0.0451135 -0.264031 -0.00396254 0.999991 -0.00149401 -0.084048 0.0451073 0.00167124 0.998981 8.25647 
0.998875 0.00334554 -0.0472991 -0.307389 -0.00343011 0.999993 -0.00170693 -0.0910905 0.0472931 0.00186725 0.998879 9.07402 
0.998792 0.000357208 -0.0491382 -0.347096 -0.000470851 0.999997 -0.00230117 -0.097698 0.0491372 0.00232153 0.998789 9.90078 
0.998691 0.000282207 -0.0511566 -0.392267 -0.000357733 0.999999 -0.00146723 -0.106496 0.0511561 0.00148361 0.99869 10.7378 
0.998614 -0.00117736 -0.0526133 -0.437738 0.00109078 0.999998 -0.0016744 -0.116776 0.0526152 0.0016147 0.998614 11.5827 
0.998514 0.00113438 -0.0544891 -0.490096 -0.00135336 0.999991 -0.00398201 -0.127323 0.0544841 0.00404984 0.998506 12.4341 
0.998438 0.00157388 -0.0558446 -0.543217 -0.00194549 0.999976 -0.00660056 -0.137767 0.0558329 0.00669889 0.998418 13.2942 
0.998325 0.00544991 -0.0576048 -0.601787 -0.00593292 0.999949 -0.00821723 -0.14912 0.0575571 0.00854523 0.998306 14.1618 
0.998261 0.00629622 -0.0586157 -0.659538 -0.00676622 0.999947 -0.00782334 -0.162931 0.0585634 0.00820634 0.99825 15.0398 
0.998185 0.00538313 -0.0599834 -0.715484 -0.00577351 0.999963 -0.00633675 -0.177058 0.059947 0.00667157 0.998179 15.9271 
0.998094 0.00603864 -0.0614172 -0.773741 -0.0063483 0.999968 -0.00484806 -0.189862 0.061386 0.00522871 0.9981 16.8187 
0.998035 0.00558442 -0.0624157 -0.833417 -0.00589197 0.999971 -0.00474451 -0.203721 0.0623874 0.00510293 0.998039 17.7143 
0.997929 0.00545391 -0.0640954 -0.893982 -0.00582337 0.999967 -0.00557873 -0.216875 0.0640629 0.00594043 0.997928 18.6141 
0.997868 0.00401337 -0.0651465 -0.95466 -0.00443536 0.99997 -0.0063342 -0.229622 0.0651191 0.00660964 0.997856 19.5208 
0.997829 0.00414001 -0.0657236 -1.01772 -0.00445373 0.999979 -0.00462752 -0.241684 0.0657031 0.00491019 0.997827 20.4337 
0.997828 0.00552904 -0.0656397 -1.08465 -0.0056205 0.999983 -0.00120868 -0.254628 0.0656319 0.00157498 0.997843 21.3559 
0.997876 0.00653486 -0.0648102 -1.14999 -0.00638407 0.999976 0.00253336 -0.265167 0.0648252 -0.00211423 0.997894 22.2831 
0.997983 0.00541491 -0.0632478 -1.21139 -0.0050871 0.999973 0.00534278 -0.271354 0.063275 -0.00501026 0.997984 23.2156 
0.998078 0.00562685 -0.061713 -1.2716 -0.00526019 0.999968 0.0061022 -0.277166 0.0617454 -0.00576585 0.998075 24.1501 
0.998161 0.00587067 -0.0603395 -1.33211 -0.00568341 0.999978 0.00327462 -0.283812 0.0603574 -0.00292567 0.998173 25.0875 
0.998209 0.0066784 -0.0594559 -1.39219 -0.00678347 0.999976 -0.00156542 -0.290263 0.059444 0.00196594 0.99823 26.0271 
0.998284 0.00584503 -0.0582647 -1.45017 -0.00611887 0.999971 -0.00452271 -0.298986 0.0582366 0.00487147 0.998291 26.9746 
0.998336 0.00327616 -0.0575716 -1.50496 -0.00348249 0.999988 -0.00348383 -0.310449 0.0575595 0.00367852 0.998335 27.9308 
0.998326 0.00139406 -0.0578264 -1.56062 -0.00131045 0.999998 0.00148375 -0.320843 0.0578284 -0.00140549 0.998326 28.8958 
0.998276 -0.0023834 -0.0586421 -1.6161 0.00267815 0.999984 0.00494812 -0.331773 0.0586294 -0.00509664 0.998267 29.8657 
0.998167 -0.0098056 -0.0597123 -1.66526 0.0100817 0.99994 0.00432509 -0.34023 0.0596663 -0.00491916 0.998206 30.8321 
0.998055 -0.012001 -0.0611734 -1.72177 0.0120492 0.999927 0.000419265 -0.346366 0.0611639 -0.00115554 0.998127 31.8009 
0.997972 -0.0117721 -0.0625514 -1.78623 0.0115768 0.999927 -0.00348362 -0.356515 0.0625878 0.00275241 0.998036 32.7723 
0.99785 -0.0105065 -0.0646849 -1.85239 0.0102559 0.999939 -0.00420472 -0.368018 0.0647251 0.00353228 0.997897 33.7501 
0.997797 -0.0104999 -0.0655091 -1.9196 0.0103387 0.999943 -0.00279907 -0.381175 0.0655347 0.00211563 0.997848 34.7354 
0.997744 -0.00742176 -0.066717 -1.99147 0.00743834 0.999972 5.75156e-08 -0.394644 0.0667152 -0.000496321 0.997772 35.7233 
0.997656 -0.00748357 -0.0680228 -2.06186 0.00759147 0.99997 0.00132796 -0.405961 0.0680108 -0.00184124 0.997683 36.7116 
0.997595 -0.00615686 -0.0690362 -2.13202 0.00644195 0.999972 0.00390781 -0.414681 0.0690101 -0.00434314 0.997607 37.6988 
0.997602 -0.00625281 -0.0689224 -2.20265 0.00675063 0.999953 0.00699232 -0.42436 0.0688754 -0.00744083 0.997598 38.6884 
0.997582 -0.00041376 -0.0695035 -2.28095 0.00106028 0.999957 0.00926538 -0.429394 0.0694967 -0.00931666 0.997539 39.676 
0.997568 -0.000566237 -0.0696917 -2.35385 0.00117942 0.999961 0.00875761 -0.436498 0.069684 -0.00881851 0.99753 40.6602 
0.997575 -0.000468603 -0.0695998 -2.42499 0.000961045 0.999975 0.00704203 -0.439872 0.0695947 -0.00709184 0.99755 41.6427 
0.997576 0.0017512 -0.069562 -2.50106 -0.0014159 0.999987 0.00486923 -0.447248 0.0695696 -0.00475893 0.997566 42.6221 
0.997506 0.00134608 -0.0705695 -2.57275 -0.00100015 0.999987 0.00493719 -0.456161 0.0705753 -0.00485429 0.997495 43.6014 
0.997419 -0.000604954 -0.0718046 -2.64299 0.00104562 0.999981 0.0060996 -0.463585 0.0717995 -0.00615893 0.9974 44.582 
0.997359 -7.06064e-05 -0.0726361 -2.71815 0.000593366 0.999974 0.00717542 -0.472777 0.0726337 -0.00719956 0.997333 45.5573 
0.997341 0.00238048 -0.0728346 -2.79721 -0.00212241 0.999991 0.00362043 -0.483871 0.0728426 -0.00345622 0.997337 46.5232 
0.997282 0.00289376 -0.0736265 -2.87516 -0.00294128 0.999996 -0.000536924 -0.493284 0.0736246 0.00075202 0.997286 47.4851 
0.997234 0.00373175 -0.0742352 -2.95125 -0.00387344 0.999991 -0.00176484 -0.504314 0.0742279 0.00204751 0.997239 48.4474 
0.997228 0.00251697 -0.0743653 -3.025 -0.00238869 0.999996 0.00181397 -0.518305 0.0743695 -0.0016313 0.997229 49.4127 
0.997215 0.000652698 -0.0745799 -3.09718 -0.000286237 0.999988 0.00492426 -0.530537 0.0745822 -0.00488919 0.997203 50.3735 
0.997198 -0.00118762 -0.0748008 -3.16987 0.00161013 0.999983 0.00558842 -0.541047 0.0747929 -0.0056932 0.997183 51.3286 
0.997176 -0.00431104 -0.0749783 -3.24053 0.004651 0.99998 0.00436002 -0.551088 0.074958 -0.00469643 0.997176 52.2783 
0.997127 -0.00704941 -0.0754166 -3.31091 0.00730223 0.999969 0.00307708 -0.5611 0.0753925 -0.00361895 0.997147 53.2248 
0.997033 -0.0085703 -0.0764995 -3.384 0.00892485 0.999951 0.004294 -0.570318 0.076459 -0.004964 0.99706 54.1712 
0.996913 -0.0115738 -0.0776534 -3.45532 0.0122634 0.999889 0.00840968 -0.577552 0.0775475 -0.00933602 0.996945 55.1175 
0.996852 -0.0124512 -0.0782988 -3.52776 0.0135381 0.999819 0.0133664 -0.581963 0.0781182 -0.0143843 0.99684 56.0625 
0.996832 -0.0106947 -0.0788163 -3.6077 0.0119624 0.999806 0.0156302 -0.58539 0.0786338 -0.0165235 0.996767 56.9996 
0.99673 -0.00956232 -0.0802346 -3.68641 0.0105333 0.999876 0.0116869 -0.590164 0.0801129 -0.0124938 0.996707 57.9229 
0.996638 -0.00804876 -0.0815379 -3.76583 0.00839504 0.999957 0.00390497 -0.595028 0.081503 -0.00457636 0.996663 58.8333 
0.996581 -0.00636083 -0.082381 -3.84554 0.00630714 0.99998 -0.000911907 -0.603364 0.0823851 0.0003892 0.9966 59.7348 
0.996515 -0.00142773 -0.083404 -3.9307 0.00143319 0.999999 5.64805e-06 -0.615194 0.083404 -0.000125163 0.996516 60.6323 
0.99644 0.00137964 -0.0842989 -4.0142 -0.00119102 0.999997 0.00228781 -0.629746 0.0843018 -0.00217927 0.996438 61.5185 
0.996335 0.00393465 -0.0854414 -4.09429 -0.00361534 0.999986 0.00389149 -0.644845 0.0854555 -0.00356833 0.996336 62.3885 
0.996242 0.00466809 -0.0864867 -4.17459 -0.0043703 0.999984 0.00363223 -0.65436 0.0865022 -0.00324061 0.996246 63.2436 
0.996092 0.00639561 -0.0880863 -4.25532 -0.00602501 0.999972 0.00447249 -0.664703 0.0881124 -0.00392429 0.996103 64.0888 
0.995968 0.00726232 -0.0894151 -4.33441 -0.00683192 0.999964 0.00511856 -0.678211 0.089449 -0.00448704 0.995981 64.9191 
0.995836 0.0072358 -0.0908793 -4.41267 -0.00675491 0.999962 0.00559805 -0.689385 0.0909163 -0.00496086 0.995846 65.7382 
0.995721 0.00713406 -0.0921314 -4.49057 -0.0065489 0.999956 0.00665214 -0.697253 0.0921749 -0.00602032 0.995725 66.5433 
0.995578 0.00990847 -0.0934146 -4.57272 -0.00907641 0.999915 0.00932789 -0.703985 0.0934991 -0.00843878 0.995584 67.3376 
0.995448 0.0113735 -0.0946235 -4.65363 -0.0101459 0.999858 0.0134444 -0.709678 0.094763 -0.0124232 0.995422 68.119 
0.995249 0.0145495 -0.0962695 -4.73436 -0.0131454 0.999798 0.0152037 -0.715042 0.0964713 -0.0138659 0.995239 68.8817 
0.995077 0.0173438 -0.097574 -4.81645 -0.0163364 0.999805 0.0111143 -0.723034 0.0977477 -0.0094656 0.995166 69.6237 
0.994949 0.0173139 -0.0988736 -4.89394 -0.0170142 0.999848 0.00387292 -0.732272 0.0989256 -0.0021711 0.995092 70.3421 
0.994816 0.0164143 -0.100359 -4.96651 -0.0166975 0.999859 -0.00198233 -0.739466 0.100312 0.0036478 0.994949 71.0439 
0.994761 0.0172674 -0.100757 -5.04262 -0.0176784 0.999839 -0.00318818 -0.745601 0.100686 0.0049527 0.994906 71.7298 
0.994636 0.0200434 -0.101475 -5.11881 -0.0201024 0.999798 0.00044114 -0.758537 0.101463 0.00160112 0.994838 72.3992 
0.994501 0.0202828 -0.102746 -5.18974 -0.0200998 0.999794 0.00281639 -0.776265 0.102782 -0.000735728 0.994704 73.0463 
0.994452 0.0171622 -0.103779 -5.25471 -0.0172971 0.99985 -0.000400296 -0.789557 0.103757 0.00219316 0.9946 73.671 
0.994563 0.00905758 -0.103738 -5.30987 -0.00968714 0.999938 -0.00556657 -0.802913 0.103681 0.00654123 0.994589 74.2773 
0.994698 0.00502672 -0.102714 -5.36632 -0.0061246 0.999927 -0.0103762 -0.814449 0.102654 0.0109502 0.994657 74.8669 
0.995002 0.00753127 -0.099573 -5.42824 -0.00862684 0.999907 -0.0105766 -0.826659 0.0994841 0.0113827 0.994974 75.4448 
0.995355 0.0125208 -0.0954598 -5.49152 -0.013306 0.999883 -0.00759303 -0.839288 0.0953535 0.00882794 0.995404 76.0095 
0.995804 0.0109625 -0.0908489 -5.53931 -0.011423 0.999924 -0.00454977 -0.850753 0.0907921 0.00556845 0.995854 76.5622 
0.996335 0.00727714 -0.085225 -5.5754 -0.00733058 0.999973 -0.000314116 -0.862897 0.0852204 0.000937713 0.996362 77.1036 
0.99702 0.00288235 -0.0770925 -5.60568 -0.00264467 0.999991 0.00318497 -0.877144 0.077101 -0.00297159 0.997019 77.6328 
0.997774 0.00652605 -0.0663591 -5.63978 -0.0063383 0.999975 0.00303943 -0.886326 0.0663773 -0.00261206 0.997791 78.1457 
0.998618 0.011753 -0.051216 -5.66945 -0.0116389 0.999929 0.00252596 -0.893998 0.051242 -0.00192638 0.998684 78.6464 
0.999308 0.0168306 -0.0331641 -5.68488 -0.0167385 0.999855 0.00305415 -0.899755 0.0332107 -0.00249692 0.999445 79.1372 
0.999822 0.0152319 -0.0111701 -5.67594 -0.0151931 0.999878 0.00355546 -0.905446 0.0112229 -0.00338512 0.999931 79.6157 
0.999818 0.0117433 0.0150089 -5.64864 -0.0118121 0.99992 0.00450297 -0.913449 -0.0149548 -0.00467944 0.999877 80.0819 
0.998951 0.0106622 0.0445236 -5.60865 -0.0109432 0.999922 0.00607183 -0.921315 -0.0444554 -0.0065527 0.99899 80.5395 
0.996932 0.0102542 0.077601 -5.55367 -0.0108696 0.999913 0.00751295 -0.928278 -0.0775171 -0.0083334 0.996956 80.9896 
0.993297 0.0102286 0.11514 -5.48063 -0.011225 0.999905 0.00800871 -0.934158 -0.115047 -0.00924747 0.993317 81.4305 
0.987558 0.0105038 0.156905 -5.38899 -0.0118934 0.999898 0.00791989 -0.938385 -0.156806 -0.00968748 0.987582 81.8633 
0.979299 0.0102431 0.202159 -5.2769 -0.012082 0.999896 0.00786447 -0.944793 -0.202057 -0.0101442 0.979321 82.2829 
0.967824 0.0124132 0.251321 -5.1467 -0.0143385 0.99988 0.00583094 -0.954824 -0.251219 -0.00924689 0.967886 82.6873 
0.95237 0.0133964 0.30465 -4.99421 -0.0149969 0.999883 0.00291397 -0.963812 -0.304575 -0.00734399 0.95246 83.0747 
0.932603 0.0136887 0.360643 -4.81873 -0.0149405 0.999888 0.000683126 -0.970965 -0.360594 -0.00602528 0.932704 83.4449 
0.908301 0.014463 0.418066 -4.62155 -0.0152753 0.999882 -0.00140337 -0.975585 -0.418037 -0.00511139 0.908415 83.7981 
0.87925 0.0147199 0.476133 -4.40196 -0.0147667 0.999884 -0.00364318 -0.97996 -0.476131 -0.00382763 0.879366 84.1307 
0.845844 0.0131604 0.533269 -4.16024 -0.011928 0.999912 -0.00575698 -0.989733 -0.533298 -0.00149133 0.845926 84.4385 
0.80908 0.0127023 0.587561 -3.89889 -0.0107419 0.999919 -0.00682522 -1.00284 -0.5876 -0.000789341 0.809151 84.7279 
0.769209 0.0113333 0.638897 -3.6197 -0.00994338 0.999934 -0.0057662 -1.01502 -0.63892 -0.00191738 0.76927 85.0018 
0.726443 0.0109257 0.68714 -3.32412 -0.0115807 0.999926 -0.00365594 -1.02463 -0.68713 -0.00530175 0.726516 85.2598 
0.681247 0.00985084 0.731988 -3.01194 -0.0108865 0.999935 -0.0033249 -1.03349 -0.731973 -0.00570373 0.68131 85.495 
0.634665 0.00849 0.77274 -2.68569 -0.00775624 0.999959 -0.00461609 -1.04323 -0.772748 -0.00306389 0.634705 85.7063 
0.58782 0.00583987 0.80897 -2.34509 -0.0023359 0.999982 -0.00552143 -1.05348 -0.808988 0.00135594 0.587823 85.895 
0.540991 0.00786536 0.840992 -2.0001 -0.00434451 0.999969 -0.00655747 -1.06449 -0.841017 -0.000106168 0.541008 86.0745 
0.493486 0.0107238 0.869688 -1.64922 -0.00828123 0.999937 -0.0076308 -1.07519 -0.869714 -0.00343639 0.493543 86.2424 
0.447886 0.0128119 0.893999 -1.29015 -0.00902736 0.999911 -0.00980713 -1.08494 -0.894045 -0.00367798 0.447962 86.3878 
0.405564 0.0102022 0.91401 -0.918746 -0.00169346 0.999944 -0.01041 -1.09156 -0.914065 0.00267406 0.405559 86.5056 
0.3661 0.0026192 0.930572 -0.534613 0.0134749 0.999876 -0.00811547 -1.09492 -0.930478 0.0155104 0.366019 86.6001 
0.330779 -0.00100568 0.943708 -0.149632 0.0177478 0.999829 -0.00515531 -1.09792 -0.943541 0.018454 0.330741 86.6958 
0.297592 0.00308012 0.954688 0.23277 0.0151578 0.999854 -0.00795079 -1.10549 -0.954573 0.0168371 0.297502 86.7973 
0.266398 0.0107263 0.963803 0.616352 0.00430077 0.999915 -0.0123169 -1.12069 -0.963853 0.0074263 0.26633 86.9033 
0.238001 0.0150818 0.971148 1.01282 -0.000418794 0.999881 -0.0154253 -1.13832 -0.971265 0.00326454 0.237979 86.9933 
0.212383 0.0167705 0.977043 1.42087 0.000905421 0.999849 -0.0173588 -1.15373 -0.977186 0.00457134 0.212335 87.0628 
0.189027 0.0180976 0.981805 1.83974 0.00838296 0.999764 -0.0200426 -1.16447 -0.981936 0.012019 0.18883 87.117 
0.168957 0.0244116 0.985321 2.26505 0.0154865 0.999504 -0.0274185 -1.16441 -0.985502 0.0198918 0.168496 87.1633 
0.149282 0.031178 0.988303 2.69979 0.0176549 0.999259 -0.0341904 -1.16502 -0.988637 0.0225524 0.148621 87.2148 
0.131626 0.0319812 0.990783 3.14963 0.0151588 0.999298 -0.0342699 -1.17914 -0.991184 0.0195299 0.131049 87.2706 
0.116127 0.0275609 0.992852 3.61608 0.0132334 0.999483 -0.0292928 -1.20271 -0.993146 0.0165405 0.115702 87.3203 
0.101613 0.0242687 0.994528 4.09345 0.0135934 0.999575 -0.0257807 -1.22374 -0.994731 0.0161387 0.10124 87.3621 
0.0883853 0.0218186 0.995847 4.58313 0.0160064 0.9996 -0.0233214 -1.24044 -0.995958 0.0180012 0.0880007 87.3955 
0.076845 0.0210122 0.996822 5.08629 0.0198499 0.999548 -0.0225999 -1.25478 -0.996845 0.0215235 0.0763931 87.4228 
0.0667387 0.0216633 0.997535 5.60159 0.0230446 0.999464 -0.023247 -1.26936 -0.997504 0.0245393 0.0662037 87.4477 
0.0589028 0.0222111 0.998017 6.13192 0.0251003 0.999403 -0.0237234 -1.28455 -0.997948 0.0264479 0.0583102 87.4727 
0.0533213 0.0225649 0.998322 6.67985 0.0268185 0.999352 -0.0240205 -1.30024 -0.998217 0.0280543 0.0526815 87.4973 
0.0477798 0.0236847 0.998577 7.24408 0.0280354 0.999293 -0.0250431 -1.31606 -0.998464 0.0291921 0.047082 87.5205 
0.0418194 0.0243879 0.998827 7.82631 0.0286129 0.999263 -0.0255965 -1.33236 -0.998715 0.0296498 0.0410908 87.5421 
0.0375097 0.0244412 0.998997 8.42745 0.0310767 0.999189 -0.0256128 -1.35015 -0.998813 0.0320062 0.0367197 87.56 
0.0346014 0.0244289 0.999103 9.04688 0.0325749 0.999142 -0.025558 -1.3685 -0.99887 0.03343 0.0337759 87.5779 
0.0315674 0.0239815 0.999214 9.68355 0.0334442 0.999127 -0.025036 -1.38757 -0.998942 0.0342083 0.0307377 87.5967 
0.0291978 0.0234348 0.999299 10.3368 0.0355106 0.99907 -0.024467 -1.40701 -0.998943 0.0362001 0.0283384 87.6131 
0.0285576 0.0231107 0.999325 11.0067 0.0399774 0.998906 -0.0242435 -1.42672 -0.998792 0.0406427 0.0276025 87.6264 
0.0296216 0.0227653 0.999302 11.6933 0.0435186 0.998763 -0.024043 -1.44706 -0.998613 0.0442004 0.0285942 87.6419 
0.0320957 0.0226919 0.999227 12.3955 0.0452801 0.998683 -0.024134 -1.46779 -0.998459 0.0460197 0.031026 87.6634 
0.0359797 0.0226213 0.999096 13.1135 0.0477756 0.998562 -0.0243297 -1.48926 -0.99821 0.0486078 0.0348472 87.6882 
0.0403494 0.0221754 0.99894 13.8491 0.0481822 0.998547 -0.0241129 -1.50995 -0.998023 0.0491041 0.0392223 87.7178 
0.0444063 0.0205722 0.998802 14.6003 0.0496581 0.998507 -0.0227739 -1.53071 -0.997779 0.0506099 0.0433184 87.7514 
0.0484206 0.0190218 0.998646 15.3659 0.0495242 0.998543 -0.0214211 -1.55215 -0.997599 0.0504944 0.0474081 87.7912 
0.0525476 0.0169439 0.998475 16.1459 0.0464445 0.998733 -0.0193926 -1.57432 -0.997538 0.0473927 0.0516941 87.8389 
0.0565892 0.0158888 0.998271 16.9367 0.045661 0.998786 -0.0184854 -1.59513 -0.997353 0.0466281 0.055795 87.89 
0.0606251 0.0168559 0.998018 17.7327 0.0429086 0.998889 -0.0194771 -1.61796 -0.997238 0.0440044 0.0598345 87.9455 
0.0637809 0.0209608 0.997744 18.5313 0.040825 0.998888 -0.0235946 -1.64434 -0.997129 0.0422377 0.0628542 88.0023 
0.0650491 0.0262365 0.997537 19.3326 0.035041 0.998978 -0.0285594 -1.67107 -0.997267 0.0368125 0.0640633 88.0654 
0.064896 0.0293371 0.997461 20.1393 0.0321612 0.998987 -0.0314745 -1.70117 -0.997374 0.0341221 0.0638867 88.1243 
0.0650194 0.0288155 0.997468 20.9497 0.0298407 0.99908 -0.0308072 -1.73468 -0.997438 0.0317682 0.0640997 88.1828 
0.0650077 0.026998 0.997519 21.7638 0.0270419 0.999219 -0.0288063 -1.77071 -0.997518 0.0288474 0.0642269 88.2427 
0.0648648 0.0258534 0.997559 22.5766 0.0280433 0.999222 -0.02772 -1.80281 -0.9975 0.0297729 0.0640893 88.2982 
0.0653296 0.0251993 0.997546 23.3888 0.0255252 0.999312 -0.0269155 -1.83658 -0.997537 0.027221 0.0646414 88.3566 
0.065467 0.0255222 0.997528 24.199 0.0239208 0.999345 -0.0271386 -1.87086 -0.997568 0.0256383 0.0648136 88.4159 
0.065604 0.0261407 0.997503 25.0083 0.0210226 0.999399 -0.027573 -1.90412 -0.997624 0.022779 0.065015 88.4755 
0.0644127 0.0274995 0.997544 25.8155 0.0182362 0.999421 -0.0287287 -1.93756 -0.997757 0.0200419 0.0638739 88.5346 
0.0615793 0.0271241 0.997734 26.6233 0.0152489 0.999488 -0.028113 -1.97003 -0.997986 0.0169456 0.0611342 88.5923 
0.0576972 0.025822 0.998 27.432 0.0127621 0.999565 -0.0266003 -2.00286 -0.998253 0.0142714 0.0573426 88.6458 
0.0528217 0.0234189 0.998329 28.2409 0.010794 0.999653 -0.0240211 -2.03506 -0.998546 0.0120448 0.0525506 88.6944 
0.046532 0.0213952 0.998688 29.0479 0.00858049 0.999725 -0.0218172 -2.06654 -0.99888 0.00958443 0.0463356 88.7379 
0.0391571 0.0215912 0.999 29.8493 0.00812548 0.999727 -0.0219254 -2.09794 -0.9992 0.00897589 0.0389709 88.7721 
0.0304583 0.0225811 0.999281 30.6475 0.00785398 0.999709 -0.0228302 -2.12692 -0.999505 0.0085437 0.030272 88.798 
0.0205385 0.0229857 0.999525 31.4437 0.00819094 0.999698 -0.023158 -2.1549 -0.999756 0.00866268 0.020344 88.8152 
0.0103239 0.0219759 0.999705 32.2382 0.00933106 0.999713 -0.0220724 -2.18411 -0.999903 0.00955618 0.0101159 88.8228 
-0.000427599 0.0209861 0.99978 33.0295 0.00827366 0.999746 -0.0209818 -2.21377 -0.999966 0.00826287 -0.000601122 88.824 
-0.0115037 0.0201811 0.99973 33.8173 0.00961533 0.999752 -0.0200709 -2.24118 -0.999888 0.00938185 -0.0116949 88.8133 
-0.0224933 0.0205169 0.999536 34.5996 0.00981474 0.999746 -0.0203004 -2.26975 -0.999699 0.00935357 -0.0226889 88.7953 
-0.0334925 0.0211052 0.999216 35.3776 0.0101033 0.999733 -0.0207775 -2.29885 -0.999388 0.0093995 -0.0336968 88.7685 
-0.044087 0.0221268 0.998783 36.1501 0.00969289 0.999717 -0.0217196 -2.32731 -0.998981 0.00872353 -0.044289 88.7352 
-0.0543661 0.0231942 0.998252 36.9155 0.0106416 0.999687 -0.022648 -2.35447 -0.998464 0.00939173 -0.0545959 88.6922 
-0.0637894 0.0239095 0.997677 37.6741 0.0114305 0.999665 -0.0232263 -2.38232 -0.997898 0.0099224 -0.0640413 88.6411 
-0.0733735 0.0243712 0.997007 38.4242 0.0121258 0.999649 -0.0235434 -2.41153 -0.997231 0.0103621 -0.0736433 88.5836 
-0.0826923 0.0246457 0.99627 39.1666 0.0128669 0.999637 -0.023661 -2.44126 -0.996492 0.0108623 -0.0829794 88.5205 
-0.0912582 0.0241265 0.995535 39.902 0.0139653 0.999639 -0.0229458 -2.46983 -0.995729 0.0118089 -0.0915622 88.4508 
-0.0985379 0.0229832 0.994868 40.6289 0.0157318 0.999644 -0.0215354 -2.49787 -0.995009 0.013529 -0.0988644 88.3757 
-0.103735 0.021301 0.994377 41.3471 0.0185135 0.999639 -0.0194823 -2.52506 -0.994433 0.0163884 -0.104092 88.2971 
-0.10751 0.0197018 0.994009 42.0553 0.0215012 0.999616 -0.0174874 -2.55041 -0.993971 0.0194923 -0.107893 88.2167 
-0.110225 0.0185683 0.993733 42.7533 0.023088 0.999604 -0.0161171 -2.57428 -0.993638 0.0211668 -0.11061 88.138 
-0.11193 0.0177118 0.993558 43.4376 0.0233676 0.999612 -0.0151872 -2.59677 -0.993441 0.0215171 -0.112301 88.061 
-0.112694 0.0181288 0.993464 44.1058 0.024193 0.999587 -0.0154962 -2.61955 -0.993335 0.0222886 -0.113086 87.9855 
-0.111728 0.0191465 0.993554 44.7567 0.0250349 0.999551 -0.0164468 -2.64222 -0.993423 0.023036 -0.112158 87.9112 
-0.108763 0.0207695 0.993851 45.3905 0.0260052 0.999499 -0.0180416 -2.66452 -0.993727 0.023883 -0.109249 87.8428 
-0.103563 0.0212964 0.994395 46.0078 0.0260798 0.999485 -0.0186893 -2.68616 -0.994281 0.0239981 -0.104065 87.7815 
-0.0955149 0.0220374 0.995184 46.6059 0.0256367 0.999478 -0.0196719 -2.70844 -0.995098 0.0236343 -0.09603 87.7296 
-0.0843453 0.0219741 0.996194 47.1836 0.0245624 0.999499 -0.0199673 -2.73159 -0.996134 0.0227848 -0.0848428 87.6884 
-0.0706003 0.0222571 0.997256 47.7429 0.0238096 0.999504 -0.0206217 -2.7547 -0.99722 0.0222883 -0.0710952 87.659 
-0.0533728 0.0235967 0.998296 48.284 0.0229194 0.999486 -0.0223994 -2.77715 -0.998312 0.0216848 -0.0538862 87.6422 
-0.0320459 0.0261523 0.999144 48.8142 0.0213305 0.999448 -0.0254761 -2.79968 -0.999259 0.0204959 -0.032586 87.6387 
-0.00741576 0.029136 0.999548 49.3404 0.0193797 0.999392 -0.0289877 -2.82372 -0.999785 0.0191559 -0.0079759 87.6521 
0.0208658 0.0308824 0.999305 49.866 0.0175417 0.999358 -0.0312503 -2.84716 -0.999628 0.0181816 0.0203107 87.6829 
0.0539961 0.0304441 0.998077 50.3922 0.0154462 0.99939 -0.0313198 -2.86841 -0.998422 0.0171076 0.0534929 87.7324 
0.0918621 0.0280765 0.995376 50.9208 0.0143187 0.999462 -0.0295132 -2.89003 -0.995669 0.0169636 0.0914106 87.805 
0.13367 0.0243577 0.990727 51.4439 0.0120116 0.999585 -0.0261961 -2.91343 -0.990953 0.0154019 0.133322 87.9032 
0.178506 0.020042 0.983735 51.958 0.00943556 0.999712 -0.0220797 -2.9364 -0.983894 0.0132234 0.178266 88.0286 
0.226393 0.0167924 0.973891 52.4604 0.00487538 0.999819 -0.0183729 -2.95706 -0.974024 0.00890757 0.22627 88.1817 
0.277385 0.0152795 0.960637 52.9484 0.00116645 0.999867 -0.0162402 -2.9758 -0.960758 0.00562534 0.277331 88.3607 
0.33166 0.0149909 0.94328 53.4204 0.000391754 0.999871 -0.016028 -2.99154 -0.943399 0.00568539 0.331612 88.5642 
0.389206 0.0155026 0.92102 53.8702 0.0025523 0.999836 -0.0179077 -3.00766 -0.921147 0.00932053 0.389103 88.791 
0.448525 0.0186183 0.893576 54.2935 0.00346633 0.999739 -0.0225702 -3.0273 -0.893763 0.0132207 0.448344 89.0452 
0.508001 0.021672 0.861084 54.6952 0.00482704 0.999596 -0.0280059 -3.04584 -0.861343 0.0183835 0.507691 89.3196 
0.566167 0.0257396 0.823889 55.0721 0.000908641 0.999492 -0.0318502 -3.06137 -0.82429 0.0187811 0.565856 89.6237 
0.622048 0.0281248 0.782474 55.4221 -0.00241826 0.999419 -0.034 -3.07842 -0.782976 0.0192574 0.621754 89.9512 
0.674998 0.0286354 0.737264 55.7474 -0.00362548 0.999363 -0.0354961 -3.09607 -0.737811 0.0212869 0.674672 90.2965 
0.72411 0.0261838 0.689187 56.0474 -0.00344683 0.999404 -0.0343481 -3.11639 -0.689676 0.0224963 0.723769 90.6614 
0.769274 0.022634 0.638518 56.3213 -0.00541582 0.999567 -0.0289075 -3.13414 -0.638897 0.0187796 0.769063 91.0542 
0.810495 0.0173796 0.585488 56.5673 -0.00570649 0.999747 -0.0217769 -3.14984 -0.585718 0.0143089 0.810388 91.467 
0.847023 0.0145064 0.531358 56.7855 -0.00755179 0.999855 -0.0152586 -3.16427 -0.531502 0.00891165 0.84701 91.8934 
0.878218 0.0106985 0.478141 56.9815 -0.00790668 0.999938 -0.00785123 -3.17694 -0.478195 0.00311458 0.878248 92.3333 
0.903867 0.0111382 0.427668 57.1482 -0.0112181 0.999934 -0.00233294 -3.18985 -0.427666 -0.00268897 0.903933 92.7807 
0.924072 0.0129608 0.381998 57.2938 -0.0145197 0.999894 0.00119849 -3.20101 -0.381942 -0.00665398 0.924162 93.2353 
0.939396 0.0188074 0.342318 57.419 -0.0214204 0.999763 0.00385377 -3.2077 -0.342164 -0.0109528 0.939576 93.7014 
0.951327 0.0230836 0.307317 57.5345 -0.0251443 0.99968 0.00274698 -3.20792 -0.307156 -0.0103405 0.951603 94.1716 
0.960667 0.0249361 0.276581 57.648 -0.0267694 0.999638 0.0028542 -3.20787 -0.276409 -0.0101458 0.960986 94.6481 
0.966841 0.0194048 0.254641 57.7673 -0.0208339 0.999779 0.00291624 -3.21109 -0.254528 -0.0081247 0.967031 95.1294 
0.970853 0.0163721 0.239114 57.8786 -0.0177498 0.999836 0.00360943 -3.21803 -0.239016 -0.00774845 0.970985 95.6175 
0.973794 0.0205921 0.226498 57.9769 -0.0218981 0.999755 0.00325493 -3.22065 -0.226375 -0.00812951 0.974006 96.1157 
0.975836 0.0260846 0.216941 58.0706 -0.0275342 0.999614 0.00366179 -3.21894 -0.216762 -0.00954661 0.976178 96.6229 
0.976904 0.0337273 0.210998 58.1642 -0.0349959 0.999385 0.00228025 -3.2185 -0.210792 -0.00961167 0.977484 97.1396 
0.977312 0.0395835 0.208074 58.261 -0.0401965 0.999191 -0.0012827 -3.22376 -0.207956 -0.00711025 0.978112 97.6613 
0.977431 0.0409552 0.207247 58.3699 -0.041079 0.999149 -0.00370817 -3.23414 -0.207223 -0.00488902 0.978282 98.1923 
0.976978 0.0395142 0.209647 58.4883 -0.038848 0.999218 -0.00729623 -3.24257 -0.209772 -0.00101612 0.97775 98.7325 
0.976161 0.0382111 0.213657 58.6101 -0.0361051 0.999253 -0.0137518 -3.24776 -0.214023 0.00570988 0.976812 99.2808 
0.975246 0.0384513 0.217753 58.737 -0.0352485 0.999206 -0.0185755 -3.25387 -0.218294 0.0104402 0.975827 99.8454 
0.974063 0.0433334 0.222091 58.8592 -0.0403246 0.999023 -0.0180665 -3.26595 -0.222657 0.00864217 0.974859 100.418 
0.972626 0.0463503 0.227707 58.9897 -0.0443095 0.998919 -0.0140691 -3.27784 -0.228113 0.00359439 0.973628 101.011 
0.9716 0.0435146 0.232593 59.131 -0.0424773 0.999053 -0.00946893 -3.29019 -0.232784 -0.000679901 0.972528 101.612 
0.970873 0.0391482 0.236376 59.2878 -0.0393428 0.999218 -0.003895 -3.30119 -0.236343 -0.00551814 0.971654 102.23 
0.970073 0.0365989 0.240041 59.4425 -0.0378824 0.999282 0.000733496 -3.31004 -0.239842 -0.00980488 0.970762 102.854 
0.969498 0.0320986 0.242987 59.6027 -0.0334325 0.99944 0.00136694 -3.31539 -0.242807 -0.00944891 0.970029 103.486 
0.969531 0.0287166 0.243281 59.7675 -0.0291703 0.999573 -0.00173787 -3.32311 -0.243227 -0.00541167 0.969954 104.124 
0.969656 0.0281195 0.24285 59.9299 -0.0267964 0.999603 -0.00875041 -3.33209 -0.242999 0.00197739 0.970024 104.771 
0.969795 0.0304695 0.242012 60.0888 -0.0275619 0.999502 -0.0153915 -3.34131 -0.24236 0.00825632 0.970151 105.431 
0.970354 0.0334992 0.239355 60.2485 -0.0297669 0.999373 -0.019192 -3.34904 -0.239848 0.0114981 0.970742 106.108 
0.971001 0.0318448 0.236943 60.4152 -0.0291355 0.999464 -0.0149278 -3.35968 -0.237292 0.00759142 0.971409 106.803 
0.971463 0.0277291 0.235564 60.5874 -0.0267699 0.999615 -0.00726953 -3.37348 -0.235675 0.000756062 0.971832 107.513 
0.97204 0.0281252 0.233126 60.755 -0.0285846 0.99959 -0.00140814 -3.38884 -0.23307 -0.00529505 0.972445 108.233 
0.972359 0.0314731 0.231361 60.9175 -0.0318459 0.999491 -0.00212399 -3.39974 -0.23131 -0.0053026 0.972866 108.96 
0.972663 0.0371766 0.229225 61.077 -0.0366016 0.999307 -0.00676104 -3.40848 -0.229317 -0.00181377 0.97335 109.696 
0.973557 0.0379967 0.225261 61.2443 -0.0361977 0.999271 -0.0121124 -3.41727 -0.225557 0.00363815 0.974223 110.44 
0.974512 0.036842 0.221288 61.4144 -0.0343699 0.999296 -0.015013 -3.42875 -0.221685 0.00702469 0.975093 111.199 
0.975454 0.0345658 0.217472 61.5848 -0.0324081 0.999384 -0.0134817 -3.44361 -0.217804 0.00610294 0.975973 111.972 
0.976325 0.030657 0.214124 61.7571 -0.0288834 0.999518 -0.0114075 -3.46046 -0.214371 0.00495277 0.97674 112.757 
0.976733 0.0297356 0.21239 61.9263 -0.0285588 0.999555 -0.00860688 -3.47683 -0.212551 0.00234103 0.977147 113.552 
0.977096 0.0264337 0.211153 62.1002 -0.0256784 0.99965 -0.0063188 -3.48916 -0.211246 0.000752012 0.977433 114.355 
0.977321 0.0213534 0.210682 62.2779 -0.0207381 0.999772 -0.00512986 -3.50118 -0.210743 0.000644391 0.977541 115.164 
0.977443 0.0221053 0.210037 62.45 -0.0218581 0.999755 -0.00349869 -3.51371 -0.210063 -0.00117123 0.977687 115.98 
0.9772 0.0275847 0.210523 62.6149 -0.0270447 0.999619 -0.00544425 -3.52627 -0.210593 -0.00037339 0.977574 116.801 
0.976922 0.0332328 0.210996 62.7806 -0.0321074 0.999446 -0.00875813 -3.53888 -0.21117 0.00178146 0.977448 117.626 
0.976413 0.042062 0.211773 62.9469 -0.0407909 0.999114 -0.0103692 -3.55161 -0.212022 0.00148618 0.977264 118.459 
0.975485 0.0480132 0.214764 63.1152 -0.0470082 0.998847 -0.00978781 -3.56785 -0.214986 -0.000547796 0.976617 119.299 
0.974693 0.0504954 0.21777 63.291 -0.0500083 0.998719 -0.00775123 -3.58625 -0.217883 -0.00333524 0.975969 120.144 
0.974089 0.0510953 0.220319 63.4747 -0.0504344 0.99869 -0.00862738 -3.6031 -0.220471 -0.00270781 0.97539 120.988 
0.973733 0.0497233 0.222198 63.6627 -0.0484047 0.998763 -0.0113798 -3.61962 -0.222489 0.000325497 0.974935 121.828 
0.973766 0.0433656 0.223379 63.8614 -0.0422091 0.999059 -0.00995178 -3.63787 -0.223601 0.000262081 0.974681 122.672 
0.973968 0.0367728 0.223681 64.0619 -0.035107 0.999318 -0.0114205 -3.65936 -0.223948 0.00327047 0.974596 123.512 
0.97368 0.0361589 0.225031 64.2543 -0.0344899 0.999341 -0.0113447 -3.68155 -0.225293 0.00328478 0.974285 124.355 
0.973193 0.0388379 0.226687 64.4438 -0.0378989 0.999245 -0.00849469 -3.69849 -0.226846 -0.000324223 0.973931 125.199 
0.972799 0.0410295 0.22799 64.6299 -0.041483 0.999135 -0.00280448 -3.71291 -0.227908 -0.00672952 0.973659 126.046 
0.972396 0.0444872 0.229055 64.8174 -0.0460293 0.998939 0.00139147 -3.73012 -0.22875 -0.0118963 0.973413 126.887 
0.972166 0.0439039 0.230143 65.0072 -0.0439172 0.999022 -0.00506709 -3.74747 -0.23014 -0.00518118 0.973144 127.716 
0.972432 0.0397724 0.229771 65.204 -0.0362913 0.999154 -0.019358 -3.76809 -0.230346 0.0104856 0.973052 128.53 
0.972703 0.0376628 0.228975 65.4023 -0.0320274 0.999087 -0.0282789 -3.78964 -0.229831 0.0201735 0.973021 129.347 
0.972947 0.0347837 0.228394 65.5962 -0.031206 0.999327 -0.0192584 -3.80771 -0.22891 0.0116101 0.973378 130.183 
0.97335 0.0282997 0.227572 65.7918 -0.0294288 0.999566 0.0015692 -3.82904 -0.227428 -0.00822452 0.97376 131.03 
0.973626 0.0248606 0.22679 65.9846 -0.0294118 0.999428 0.0167106 -3.84926 -0.226244 -0.0229402 0.9738 131.868 
0.973657 0.0294608 0.226107 66.1624 -0.0328034 0.999401 0.0110391 -3.85829 -0.225647 -0.0181654 0.97404 132.684 
0.973804 0.0378031 0.224223 66.3335 -0.0376333 0.999279 -0.00503243 -3.863 -0.224252 -0.00353766 0.974525 133.489 
0.974086 0.0380432 0.222954 66.5132 -0.0360807 0.999266 -0.0128703 -3.87057 -0.22328 0.00449244 0.974744 134.297 
0.974703 0.0339418 0.220913 66.6978 -0.0317286 0.999405 -0.0135604 -3.89206 -0.221241 0.00620815 0.975199 135.111 
0.975317 0.0336502 0.218229 66.875 -0.0318322 0.999423 -0.011842 -3.91887 -0.218501 0.00460301 0.975826 135.928 
0.976142 0.0332182 0.214575 67.0464 -0.0311287 0.999429 -0.0131105 -3.93593 -0.214888 0.00611832 0.97662 136.74 
0.97715 0.0343003 0.209764 67.2143 -0.0319218 0.999382 -0.0147151 -3.95569 -0.210139 0.00768282 0.977641 137.551 
0.977566 0.0394117 0.206907 67.37 -0.0371806 0.999201 -0.0146621 -3.98021 -0.20732 0.00664023 0.978251 138.359 
0.977723 0.0455212 0.204904 67.5209 -0.0433725 0.998947 -0.014968 -3.99887 -0.205369 0.00574739 0.978668 139.167 
0.978021 0.0469514 0.203149 67.6776 -0.0452501 0.998891 -0.0130141 -4.02116 -0.203535 0.00353554 0.979061 139.973 
0.97835 0.0448367 0.202044 67.8388 -0.0441013 0.998994 -0.00814242 -4.04169 -0.202205 -0.000944246 0.979343 140.779 
0.978705 0.0434344 0.200623 67.9978 -0.0426736 0.999056 -0.00811755 -4.06157 -0.200786 -0.000616615 0.979635 141.58 
0.979307 0.041836 0.198009 68.1554 -0.0404501 0.999121 -0.0110409 -4.08241 -0.198297 0.00280294 0.980138 142.374 
0.980463 0.037133 0.193164 68.3136 -0.0349325 0.99928 -0.0147867 -4.10258 -0.193575 0.00775007 0.981055 143.166 
0.98182 0.0343427 0.18668 68.4656 -0.0319505 0.999364 -0.015809 -4.11988 -0.187104 0.00955704 0.982294 143.959 
0.983063 0.0326141 0.18034 68.6085 -0.0312431 0.999457 -0.0104382 -4.13757 -0.180583 0.004627 0.983549 144.76 
0.984205 0.0300038 0.174469 68.7455 -0.030114 0.999544 -0.00201602 -4.15405 -0.17445 -0.0032698 0.984661 145.564 
0.984939 0.0270041 0.170779 68.8838 -0.0286828 0.999561 0.00736976 -4.16434 -0.170505 -0.0121572 0.985282 146.368 
0.985413 0.0336741 0.166815 69.0032 -0.0358506 0.999307 0.0100528 -4.17271 -0.166361 -0.0158866 0.985937 147.168 
0.986107 0.0365274 0.162048 69.1216 -0.0379173 0.999266 0.00549196 -4.18096 -0.161728 -0.0115601 0.986768 147.961 
0.987278 0.0371537 0.154603 69.2418 -0.0368742 0.999309 -0.00467638 -4.18915 -0.15467 -0.00108399 0.987966 148.75 
0.988383 0.034009 0.148128 69.3607 -0.0328701 0.999408 -0.0101304 -4.19478 -0.148385 0.00514375 0.988916 149.547 
0.98938 0.0331743 0.141517 69.4715 -0.0322213 0.99944 -0.00902087 -4.20746 -0.141737 0.00436521 0.989895 150.356 
0.990188 0.0397765 0.13396 69.5653 -0.0393909 0.999209 -0.00552832 -4.22497 -0.134074 0.000197251 0.990971 151.172 
0.991004 0.0452851 0.125938 69.6495 -0.0447714 0.998973 -0.00690833 -4.24108 -0.126122 0.00120776 0.992014 151.986 
0.992115 0.0479874 0.115776 69.7342 -0.0468371 0.998823 -0.012637 -4.25583 -0.116246 0.00711478 0.993195 152.796 
0.993131 0.0466319 0.107316 69.8168 -0.0452898 0.998863 -0.0149106 -4.27076 -0.107889 0.00994782 0.994113 153.611 
0.993963 0.046662 0.0992949 69.8911 -0.0456942 0.998883 -0.0119992 -4.28675 -0.0997439 0.00738953 0.994986 154.433 
0.994565 0.0492944 0.0917054 69.9532 -0.0490614 0.998784 -0.00479483 -4.30394 -0.0918303 0.000269572 0.995775 155.262 
0.9951 0.0526578 0.0836854 70.0072 -0.0529291 0.998598 0.00102566 -4.31594 -0.083514 -0.00545003 0.996492 156.09 
0.995752 0.0516146 0.0762513 70.0624 -0.0521037 0.998632 0.00443686 -4.32487 -0.0759179 -0.00839099 0.997079 156.915 
0.996164 0.0524142 0.0700738 70.1125 -0.0530034 0.998573 0.00657402 -4.3311 -0.0696292 -0.010263 0.99752 157.738 
0.996501 0.0515246 0.0658163 70.1604 -0.0519537 0.998638 0.00482391 -4.33954 -0.0654781 -0.00822643 0.99782 158.558 
0.996536 0.0563828 0.0611246 70.1973 -0.0564525 0.998405 -0.000587579 -4.34846 -0.0610603 -0.0028651 0.99813 159.373 
0.996404 0.0623955 0.0573256 70.2265 -0.0620821 0.998045 -0.00723368 -4.35913 -0.0576649 0.00364878 0.998329 160.188 
0.996491 0.0636802 0.0543188 70.2593 -0.0632561 0.997952 -0.00949384 -4.36919 -0.0548121 0.00602453 0.998479 161.005 
0.996544 0.065302 0.0513334 70.2931 -0.0652125 0.997866 -0.0034185 -4.37978 -0.0514471 5.91133e-05 0.998676 161.832 
0.996491 0.0674001 0.0496288 70.3202 -0.0678294 0.997672 0.00701489 -4.38733 -0.0490405 -0.0103566 0.998743 162.662 
0.996554 0.0686756 0.0465171 70.3479 -0.0694097 0.997485 0.0143519 -4.39561 -0.0454145 -0.0175311 0.998814 163.489 
0.997001 0.06533 0.0414847 70.3779 -0.0658483 0.997766 0.0112505 -4.4025 -0.0406571 -0.0139484 0.999076 164.301 
0.997955 0.0531584 0.0355063 70.4153 -0.0532416 0.998581 0.0013987 -4.40825 -0.0353815 -0.00328625 0.999368 165.106 
0.998305 0.0508664 0.028295 70.4401 -0.0507966 0.998704 -0.00317912 -4.40867 -0.0284201 0.00173643 0.999595 165.917 
0.99827 0.054705 0.0215633 70.4447 -0.0546798 0.998502 -0.00175811 -4.41602 -0.0216272 0.000575996 0.999766 166.738 
0.998514 0.0526576 0.0140475 70.4496 -0.0527279 0.998598 0.00468259 -4.42656 -0.0137812 -0.00541633 0.99989 167.567 
0.998861 0.0472715 0.00655453 70.4583 -0.0473254 0.998845 0.00832799 -4.43282 -0.00615328 -0.0086287 0.999944 168.398 
0.999258 0.0384973 0.000927951 70.4622 -0.0385059 0.99918 0.01249 -4.43107 -0.000446361 -0.0125164 0.999922 169.231 
0.999396 0.0343331 -0.0053387 70.4587 -0.0342639 0.999334 0.0125603 -4.43578 0.00576638 -0.0123698 0.999907 170.061 
0.999446 0.031142 -0.0117416 70.4463 -0.0310755 0.9995 0.00580376 -4.44355 0.0119164 -0.00543567 0.999914 170.886 
0.999569 0.0220771 -0.0193339 70.4357 -0.0221636 0.999745 -0.00427297 -4.44788 0.0192347 0.00469964 0.999804 171.707 
0.999589 0.0119231 -0.0260516 70.4275 -0.0121425 0.999892 -0.00828261 -4.45377 0.0259501 0.00859554 0.999626 172.536 
0.99935 0.015695 -0.0324442 70.3938 -0.0157283 0.999876 -0.000769059 -4.46204 0.0324281 0.00127885 0.999473 173.38 
0.998958 0.0263513 -0.0372748 70.3411 -0.0259007 0.999586 0.0125195 -4.46716 0.0375893 -0.011541 0.999227 174.23 
0.998634 0.0313167 -0.0418201 70.2914 -0.0304892 0.999329 0.0202817 -4.47346 0.0424272 -0.0189789 0.998919 175.077 
0.998489 0.0307465 -0.0455544 70.2455 -0.0299837 0.9994 0.0173339 -4.47332 0.0460601 -0.0159418 0.998811 175.914 
0.998338 0.0323107 -0.0477117 70.1958 -0.032032 0.999465 0.00659417 -4.47243 0.0478992 -0.00505491 0.998839 176.743 
0.997789 0.0429675 -0.0507094 70.1326 -0.0431519 0.999065 -0.0025462 -4.47428 0.0505526 0.00472878 0.99871 177.575 
0.997741 0.0413213 -0.0529618 70.0816 -0.0417035 0.999111 -0.00613153 -4.48169 0.0526614 0.00832637 0.998578 178.415 
0.997819 0.0359937 -0.0553364 70.0422 -0.0361188 0.999347 -0.00126134 -4.49145 0.0552548 0.00325727 0.998467 179.266 
0.997823 0.0362906 -0.055058 69.9907 -0.0359294 0.999326 0.00753544 -4.4985 0.0552944 -0.00554083 0.998455 180.124 
0.997781 0.0381207 -0.0545965 69.9334 -0.0374593 0.999212 0.013087 -4.50355 0.0550524 -0.0110128 0.998423 180.978 
0.997688 0.0380388 -0.0563192 69.88 -0.0374048 0.999225 0.0122698 -4.50743 0.0567423 -0.0101348 0.998337 181.827 
0.997674 0.0347722 -0.0586225 69.8275 -0.0346429 0.999395 0.00322141 -4.51353 0.058699 -0.00118306 0.998275 182.667 
0.997844 0.0240381 -0.0610657 69.7867 -0.0245918 0.999663 -0.00833233 -4.52327 0.0608448 0.00981609 0.998099 183.505 
0.99791 0.0136602 -0.063156 69.7454 -0.0144719 0.999818 -0.0124121 -4.53427 0.062975 0.0133002 0.997926 184.351 
0.997811 0.0163551 -0.0640706 69.6846 -0.0168887 0.999827 -0.00779554 -4.54776 0.0639321 0.00886055 0.997915 185.203 
0.99763 0.0223523 -0.0650752 69.6174 -0.0222047 0.999749 0.00299023 -4.56222 0.0651257 -0.00153817 0.997876 186.058 
0.997509 0.0234 -0.0665379 69.5553 -0.0230119 0.999713 0.00659308 -4.57746 0.0666731 -0.00504549 0.997762 186.903 
0.997469 0.0223996 -0.0674846 69.4976 -0.0222558 0.999748 0.00288208 -4.58706 0.0675321 -0.00137287 0.997716 187.738 
0.997474 0.022629 -0.0673341 69.4359 -0.0229057 0.999732 -0.00334002 -4.59424 0.0672405 0.00487391 0.997725 188.569 
0.997271 0.0293394 -0.0677524 69.3653 -0.0296585 0.999553 -0.00370775 -4.60395 0.0676133 0.00570706 0.997695 189.403 
0.997166 0.0321029 -0.0680343 69.2991 -0.0322189 0.999481 -0.000608856 -4.61773 0.0679794 0.00279912 0.997683 190.238 
0.996986 0.0359068 -0.0687663 69.2323 -0.035812 0.999355 0.00261043 -4.63042 0.0688157 -0.000139906 0.997629 191.071 
0.996851 0.0394543 -0.0687827 69.1658 -0.0391741 0.999218 0.00541856 -4.63891 0.0689427 -0.00270699 0.997617 191.899 
