1 0 -0 0 -0 1 0 0 0 -0 1 -0 
0.999999 0.000829483 0.00150256 -0.00662508 -0.000822499 0.999989 -0.00464304 -0.00267466 -0.00150639 0.0046418 0.999988 0.958859 
0.999997 -0.0013252 0.00226765 -0.00603648 0.00133762 0.999984 -0.00548534 -0.00177107 -0.00226034 0.00548835 0.999982 1.91862 
0.999993 -0.00289102 0.00232434 -0.00649686 0.00289456 0.999995 -0.00152281 -0.00239354 -0.00231993 0.00152953 0.999996 2.87908 
0.999985 -0.00526634 0.00164137 -0.0052443 0.00525896 0.999976 0.00446707 -0.00410563 -0.00166485 -0.00445837 0.999989 3.83856 
0.999961 -0.00884375 0.000299933 -0.00324839 0.00884234 0.999951 0.00442461 -0.00116819 -0.000339049 -0.00442179 0.99999 4.78685 
0.999935 -0.0114125 -0.000698914 -0.00408678 0.0114136 0.999934 0.00158894 0.00156537 0.000680734 -0.00159681 0.999998 5.72688 
0.999927 -0.0119731 -0.00139748 -0.0086927 0.0119705 0.999927 -0.00188377 0.00258547 0.00141993 0.0018669 0.999997 6.66222 
0.99993 -0.011606 -0.00217623 -0.0156273 0.0116006 0.99993 -0.00246363 0.00220421 0.00220466 0.00243821 0.999995 7.59644 
0.999932 -0.0111942 -0.00314987 -0.023473 0.0111921 0.999937 -0.000655764 0.00179292 0.00315702 0.000620466 0.999995 8.53035 
0.999932 -0.0110046 -0.00385825 -0.0317754 0.0110135 0.999937 0.00230722 0.00102762 0.00383262 -0.00234956 0.99999 9.46116 
0.999926 -0.0111912 -0.00474618 -0.0401979 0.0112089 0.99993 0.0037281 0.00286491 0.00470412 -0.00378103 0.999982 10.3881 
0.999907 -0.0125768 -0.00532359 -0.0477318 0.0126007 0.999911 0.00448968 0.00679071 0.00526665 -0.00455634 0.999976 11.313 
0.9999 -0.0127321 -0.00612789 -0.0573575 0.0127594 0.999909 0.00443781 0.00981079 0.00607083 -0.00451556 0.999971 12.2327 
0.999892 -0.0130372 -0.00685347 -0.0676052 0.0130579 0.99991 0.00298839 0.0123928 0.0068139 -0.00307756 0.999972 13.1491 
0.999874 -0.0135036 -0.00828757 -0.0788192 0.0135119 0.999908 0.000939906 0.0152437 0.00827411 -0.00105177 0.999965 14.0613 
0.999842 -0.0148031 -0.00980111 -0.0900927 0.0148 0.99989 -0.000391341 0.0169885 0.00980583 0.000246224 0.999952 14.9716 
0.999831 -0.0143887 -0.0114039 -0.105046 0.0143775 0.999896 -0.00106516 0.0167743 0.011418 0.000901017 0.999934 15.8786 
0.999831 -0.0131065 -0.012924 -0.123031 0.0130821 0.999912 -0.00196765 0.0152655 0.0129487 0.00179825 0.999915 16.7817 
0.999827 -0.0116529 -0.0145227 -0.142649 0.0116253 0.99993 -0.00198407 0.014134 0.0145448 0.0018149 0.999893 17.6835 
0.999799 -0.0121079 -0.0160021 -0.161072 0.0120901 0.999926 -0.001206 0.013674 0.0160155 0.00101229 0.999871 18.5821 
0.999781 -0.0116146 -0.0174254 -0.181211 0.011618 0.999933 9.53951e-05 0.0121107 0.0174231 -0.000297822 0.999848 19.4767 
0.99976 -0.0112254 -0.018792 -0.203167 0.0112401 0.999937 0.000674867 0.0116606 0.0187832 -0.000885929 0.999823 20.366 
0.999718 -0.0122609 -0.0203287 -0.223761 0.0122736 0.999925 0.000498171 0.0115694 0.020321 -0.000747536 0.999793 21.2492 
0.999682 -0.0123794 -0.0219585 -0.246766 0.0123839 0.999923 6.75428e-05 0.0114912 0.021956 -0.000339453 0.999759 22.1262 
0.999661 -0.0121994 -0.0230072 -0.271667 0.0122125 0.999925 0.000428043 0.0118158 0.0230003 -0.000708872 0.999735 22.9977 
0.999638 -0.0120215 -0.0240547 -0.296949 0.012082 0.999924 0.0023719 0.0131843 0.0240244 -0.00266167 0.999708 23.8638 
0.999607 -0.0131198 -0.0247846 -0.321381 0.0132508 0.999899 0.00512938 0.0147961 0.0247148 -0.00545578 0.99968 24.7219 
0.999592 -0.0129233 -0.0254542 -0.346888 0.0130977 0.999892 0.00669391 0.0164192 0.025365 -0.00702457 0.999654 25.569 
0.999585 -0.0122391 -0.0260777 -0.374677 0.0123881 0.999908 0.00556223 0.0184106 0.0260072 -0.00588298 0.999644 26.4024 
0.999581 -0.0106682 -0.0268903 -0.403544 0.0107509 0.999938 0.00293392 0.021139 0.0268573 -0.00322179 0.999634 27.2252 
0.999565 -0.0102868 -0.0276424 -0.430722 0.0103239 0.999946 0.00119799 0.023933 0.0276286 -0.00148285 0.999617 28.0387 
0.999546 -0.00945224 -0.0285997 -0.459411 0.00947952 0.999955 0.000818448 0.0246055 0.0285907 -0.00108919 0.999591 28.8437 
0.99951 -0.00967353 -0.02978 -0.487631 0.00968853 0.999953 0.000359224 0.0222146 0.0297751 -0.000647572 0.999556 29.6401 
0.999451 -0.00938985 -0.0317609 -0.517285 0.00938066 0.999956 -0.000438512 0.0196184 0.0317636 0.000140333 0.999495 30.4282 
0.999389 -0.00923279 -0.0337137 -0.547435 0.00921933 0.999957 -0.00055448 0.020124 0.0337174 0.000243323 0.999431 31.2083 
0.999322 -0.00916639 -0.035657 -0.580023 0.00919058 0.999958 0.000514615 0.0220861 0.0356508 -0.000841975 0.999364 31.9784 
0.999245 -0.00949201 -0.0376672 -0.612091 0.00960658 0.99995 0.00286191 0.0219511 0.0376381 -0.0032216 0.999286 32.7391 
0.999179 -0.00848236 -0.0396169 -0.647126 0.00866429 0.999953 0.0044227 0.0213172 0.0395775 -0.00476232 0.999205 33.4887 
0.999111 -0.00718075 -0.0415304 -0.683222 0.00738133 0.999962 0.00467837 0.0219195 0.0414952 -0.00498076 0.999126 34.2267 
0.999048 -0.00462043 -0.0433734 -0.722444 0.00479381 0.999981 0.0038941 0.0230522 0.0433545 -0.00409832 0.999051 34.9532 
0.998974 -0.00297377 -0.0451814 -0.761756 0.00312073 0.99999 0.0031826 0.0252134 0.0451715 -0.00332034 0.998974 35.6706 
0.998903 -0.00266785 -0.0467603 -0.799739 0.00287134 0.999987 0.00428517 0.0283201 0.0467482 -0.00441473 0.998897 36.3818 
0.998852 -0.00130838 -0.0478904 -0.838392 0.00160372 0.99998 0.00612913 0.0314892 0.0478814 -0.00619889 0.998834 37.0841 
0.99885 0.00154296 -0.0479189 -0.879782 -0.00122157 0.999977 0.00673565 0.0317116 0.0479282 -0.00666937 0.998829 37.773 
0.998891 0.00471118 -0.0468394 -0.919915 -0.00449619 0.999979 0.00469425 0.0314756 0.0468605 -0.00447845 0.998891 38.4476 
0.99896 0.00635929 -0.0451495 -0.956277 -0.00629632 0.999979 0.00153684 0.033641 0.0451583 -0.00125097 0.998979 39.1086 
0.999051 0.00690579 -0.0430078 -0.98759 -0.00692963 0.999976 -0.000405362 0.0379125 0.0430039 0.000703005 0.999075 39.7637 
0.999171 0.00804023 -0.0398974 -1.01755 -0.00803239 0.999968 0.000356703 0.0405551 0.0398989 -3.59359e-05 0.999204 40.4146 
0.999245 0.0127657 -0.0366977 -1.0497 -0.0126597 0.999915 0.00311857 0.039041 0.0367344 -0.00265163 0.999322 41.0585 
0.999312 0.01708 -0.0329083 -1.0794 -0.0168696 0.999836 0.00666061 0.0383069 0.0330167 -0.00610088 0.999436 41.6903 
0.999346 0.0220765 -0.028632 -1.10498 -0.0218674 0.999732 0.00759391 0.0406103 0.0287919 -0.00696284 0.999561 42.304 
0.999396 0.0258038 -0.0232927 -1.12592 -0.0256284 0.999641 0.00779541 0.0451662 0.0234855 -0.00719375 0.999698 42.8996 
0.99941 0.0295568 -0.0175151 -1.14172 -0.0293893 0.999521 0.00974669 0.0502645 0.0177948 -0.00922618 0.999799 43.4807 
0.99935 0.0343456 -0.0109669 -1.15535 -0.0342257 0.999354 0.0109433 0.0530637 0.0113357 -0.0105609 0.99988 44.0424 
0.999284 0.0376285 -0.00389271 -1.16356 -0.0375855 0.999237 0.0105834 0.0544038 0.00428797 -0.0104295 0.999936 44.5823 
0.999153 0.0410157 0.00335971 -1.16625 -0.0410494 0.9991 0.0106599 0.0553524 -0.00291946 -0.0107888 0.999938 45.1032 
0.99891 0.0453911 0.0108482 -1.16595 -0.0455019 0.998912 0.0102007 0.0580243 -0.0103734 -0.0106832 0.999889 45.6025 
0.998594 0.0496986 0.0184242 -1.16287 -0.0498429 0.998729 0.00745605 0.0603948 -0.0180302 -0.00836389 0.999802 46.0775 
0.998321 0.051568 0.0263866 -1.15265 -0.0516992 0.998653 0.00431393 0.0616778 -0.0261286 -0.00567086 0.999643 46.5296 
0.998058 0.052033 0.0342461 -1.13754 -0.0522026 0.998628 0.0040788 0.0622814 -0.0339869 -0.00585862 0.999405 46.9628 
0.997793 0.0513014 0.0421648 -1.11645 -0.0515773 0.998654 0.00548004 0.0622764 -0.0418269 -0.00764269 0.999096 47.3735 
0.997335 0.0529737 0.0501592 -1.09574 -0.0533496 0.998557 0.00618348 0.062951 -0.0497592 -0.00884297 0.998722 47.7598 
0.996682 0.0561216 0.0589464 -1.07674 -0.0565919 0.998377 0.00633839 0.0635754 -0.058495 -0.00965325 0.998241 48.1209 
0.995848 0.0608579 0.0676968 -1.05773 -0.0613883 0.998097 0.00578162 0.0625854 -0.0672161 -0.0099134 0.997689 48.4558 
0.994962 0.064591 0.0766725 -1.0357 -0.065229 0.997853 0.00584271 0.0607023 -0.0761305 -0.0108145 0.997039 48.7646 
0.99424 0.0639645 0.0859965 -1.01077 -0.06476 0.99788 0.0064897 0.058871 -0.0853991 -0.0120215 0.996274 49.0045 
0.993379 0.0626138 0.0963219 -0.971065 -0.0633293 0.997983 0.00438598 0.0642652 -0.095853 -0.0104569 0.995341 49.2277 
0.991863 0.0613505 0.111549 -1.04851 -0.06165 0.998098 -0.000766155 0.0857581 -0.111384 -0.00611707 0.993759 49.5803 
0.989992 0.0623347 0.126607 -1.07668 -0.062166 0.998052 -0.00528727 0.100956 -0.12669 -0.00263629 0.991939 49.8858 
0.987773 0.0640191 0.142147 -1.04209 -0.0635985 0.997947 -0.00750465 0.0981309 -0.142335 -0.00162742 0.989817 50.1147 
0.985217 0.0656049 0.158253 -0.998093 -0.0650276 0.997844 -0.00882873 0.0954486 -0.158491 -0.00159263 0.987359 50.3408 
0.982326 0.0661424 0.1751 -0.948566 -0.0653844 0.997809 -0.0101005 0.0932596 -0.175385 -0.00152681 0.984499 50.5659 
0.979015 0.0652675 0.193053 -0.891863 -0.0643047 0.997867 -0.011256 0.0904373 -0.193375 -0.00139438 0.981124 50.7881 
0.975091 0.0642004 0.212312 -0.829842 -0.0631687 0.997935 -0.0116464 0.0880276 -0.212622 -0.00205515 0.977132 51.0116 
0.970478 0.0644693 0.232416 -0.762703 -0.0631988 0.997917 -0.0129165 0.0852363 -0.232764 -0.00215323 0.972531 51.2365 
0.965082 0.0665224 0.253362 -0.690416 -0.0648007 0.997783 -0.0151443 0.0822583 -0.253808 -0.00180255 0.967253 51.4627 
0.958779 0.0678007 0.275947 -0.610473 -0.0655871 0.997698 -0.0172538 0.0776895 -0.276481 -0.00155601 0.961018 51.6903 
0.951366 0.0689804 0.30024 -0.521711 -0.0665362 0.997615 -0.0183705 0.0716117 -0.300791 -0.00249978 0.953687 51.9209 
0.942706 0.071814 0.325803 -0.426584 -0.0693162 0.997408 -0.0192849 0.0646501 -0.326343 -0.00440337 0.945241 52.1533 
0.932704 0.0739208 0.352987 -0.322656 -0.0713143 0.997245 -0.0204033 0.0565321 -0.353522 -0.00614275 0.935406 52.3848 
0.921423 0.0746122 0.38133 -0.206739 -0.0717438 0.997186 -0.0217549 0.0472059 -0.38188 -0.00731256 0.924183 52.6138 
0.90865 0.0727479 0.411172 -0.0757166 -0.0690547 0.997328 -0.0238511 0.0376453 -0.411808 -0.00672101 0.911246 52.8371 
0.893655 0.0699883 0.443263 0.0684729 -0.0649671 0.997535 -0.0265251 0.0283919 -0.444027 -0.00509329 0.895999 53.0581 
0.876208 0.0693538 0.476918 0.222795 -0.0622035 0.997589 -0.0307881 0.0193653 -0.477903 -0.00268917 0.878409 53.278 
0.856584 0.0712154 0.511069 0.389409 -0.0615169 0.997461 -0.0358858 0.0100469 -0.512327 -0.000700179 0.85879 53.5005 
0.834683 0.0731622 0.54585 0.572264 -0.0609818 0.99732 -0.0404245 6.93289e-05 -0.547345 0.000454726 0.836907 53.726 
0.810049 0.0760649 0.581408 0.773142 -0.061982 0.997103 -0.0440931 -0.0116689 -0.583077 -0.000319281 0.812417 53.9564 
0.782626 0.079937 0.617338 0.993909 -0.0647023 0.996795 -0.0470456 -0.0262115 -0.61912 -0.0031241 0.78529 54.1935 
0.75268 0.0842019 0.65298 1.23713 -0.0681869 0.996424 -0.0498912 -0.042873 -0.654846 -0.00697266 0.75573 54.4351 
0.71971 0.0852915 0.689016 1.50896 -0.0678276 0.996316 -0.0524822 -0.0617392 -0.690954 -0.00896234 0.722843 54.6732 
0.683316 0.0827391 0.725419 1.81371 -0.0640318 0.996521 -0.0533447 -0.0840644 -0.727309 -0.00999859 0.686237 54.9065 
0.644395 0.0813924 0.760349 2.14764 -0.0610857 0.996621 -0.0549144 -0.10502 -0.762249 -0.0110599 0.647189 55.1381 
0.602303 0.0809901 0.794149 2.5123 -0.0590134 0.996635 -0.0568832 -0.125971 -0.796084 -0.0126045 0.605055 55.3657 
0.55646 0.0807 0.826946 2.90702 -0.0552834 0.996663 -0.0600616 -0.149595 -0.829033 -0.0122945 0.559065 55.5858 
0.508556 0.0796321 0.857339 3.33504 -0.052099 0.996736 -0.0616756 -0.177093 -0.859451 -0.0133011 0.511044 55.7958 
0.460039 0.0776932 0.884493 3.79201 -0.050185 0.996847 -0.0614603 -0.205871 -0.88648 -0.0161142 0.462487 55.9945 
0.410439 0.0755735 0.908751 4.27835 -0.0499864 0.996926 -0.0603298 -0.233314 -0.910517 -0.0206635 0.412955 56.1822 
0.360331 0.0753301 0.929778 4.78909 -0.0528631 0.996781 -0.0602718 -0.258808 -0.931325 -0.0274332 0.363153 56.3565 
0.311009 0.0756391 0.947392 5.3227 -0.0506394 0.996731 -0.0629544 -0.285643 -0.949057 -0.0283959 0.313823 56.5052 
0.264028 0.072353 0.961797 5.88776 -0.0394156 0.997159 -0.0641929 -0.320868 -0.963709 -0.0209611 0.26613 56.6158 
0.220202 0.0664295 0.97319 6.47761 -0.0261112 0.997722 -0.062196 -0.356379 -0.975105 -0.0117154 0.221435 56.6955 
0.178138 0.065547 0.98182 7.0793 -0.0169398 0.997835 -0.0635427 -0.387343 -0.98386 -0.00531241 0.178863 56.763 
0.139701 0.0671235 0.987916 7.69684 -0.0136056 0.997736 -0.0658667 -0.415144 -0.9901 -0.00423954 0.140298 56.8247 
0.107117 0.0678964 0.991925 8.33762 -0.00467286 0.997689 -0.0677863 -0.453541 -0.994235 0.0026259 0.107186 56.8639 
0.07819 0.0661672 0.99474 8.99439 0.00261178 0.997778 -0.0665745 -0.49722 -0.996935 0.00780351 0.0778434 56.8887 
0.0531854 0.0645153 0.996498 9.67264 0.0096483 0.997831 -0.0651165 -0.536425 -0.998538 0.0130778 0.0524476 56.9031 
0.0333176 0.063662 0.997415 10.3654 0.0143487 0.997836 -0.0641682 -0.569034 -0.999342 0.0164496 0.0323321 56.9076 
0.0174902 0.0655099 0.997699 11.0701 0.0170567 0.997687 -0.0658081 -0.60471 -0.999702 0.0181684 0.0163323 56.9084 
0.00406985 0.0651721 0.997866 11.7888 0.0178022 0.997711 -0.0652346 -0.647757 -0.999833 0.0180297 0.00290033 56.9047 
-0.00757724 0.066029 0.997789 12.5201 0.0184769 0.997656 -0.06588 -0.693003 -0.999801 0.0179369 -0.0087795 56.8937 
-0.0165511 0.0690305 0.997477 13.2629 0.023348 0.997369 -0.0686356 -0.734044 -0.99959 0.0221531 -0.0181192 56.87 
-0.0229307 0.0710864 0.997207 14.0185 0.0276482 0.997132 -0.0704453 -0.774954 -0.999355 0.0259556 -0.0248304 56.8374 
-0.0275882 0.0704384 0.997135 14.7961 0.0281655 0.997173 -0.0696618 -0.818367 -0.999222 0.026163 -0.0294942 56.8123 
-0.031233 0.067688 0.997218 15.5818 0.0257784 0.997427 -0.0668948 -0.864084 -0.99918 0.0236173 -0.0328976 56.7941 
-0.0337567 0.0607839 0.99758 16.3875 0.0237417 0.997916 -0.060001 -0.909727 -0.999148 0.0216588 -0.0351295 56.7714 
-0.0349303 0.0551583 0.997866 17.2074 0.0249676 0.998212 -0.0543034 -0.952337 -0.999078 0.0230175 -0.036245 56.7389 
-0.0353603 0.0526278 0.997988 18.0345 0.0275927 0.998283 -0.0516658 -0.994455 -0.998994 0.0257102 -0.0367517 56.7054 
-0.0350305 0.0549204 0.997876 18.8629 0.030938 0.99807 -0.0538449 -1.03731 -0.998907 0.0289861 -0.036662 56.6706 
-0.0342622 0.062314 0.997468 19.6914 0.0319691 0.997612 -0.0612249 -1.07781 -0.998901 0.0297904 -0.0361725 56.6426 
-0.0320577 0.0703492 0.997007 20.5254 0.0326971 0.99706 -0.0693016 -1.11912 -0.998951 0.0303776 -0.0342636 56.6187 
-0.0299483 0.0711221 0.997018 21.3732 0.0333484 0.996981 -0.0701178 -1.16259 -0.998995 0.031149 -0.0322297 56.5954 
-0.0278504 0.0667317 0.997382 22.2374 0.0326724 0.997297 -0.0658137 -1.21271 -0.999078 0.0307539 -0.0299554 56.575 
-0.0253077 0.0601919 0.997866 23.1001 0.0321774 0.997717 -0.0593669 -1.2674 -0.999162 0.0306062 -0.0271868 56.557 
-0.0225523 0.058527 0.998031 23.9606 0.0303138 0.997866 -0.0578323 -1.32008 -0.999286 0.0289499 -0.0242783 56.5455 
-0.0192192 0.0639692 0.997767 24.7855 0.0381229 0.997272 -0.0632031 -1.36804 -0.999088 0.036823 -0.0216054 56.5207 
-0.0158553 0.0695937 0.997449 25.612 0.0397247 0.996831 -0.0689191 -1.41474 -0.999085 0.0385307 -0.0185696 56.5056 
-0.0135185 0.0701883 0.997442 26.443 0.0337605 0.996997 -0.0696994 -1.4624 -0.999339 0.0327319 -0.0158475 56.5079 
-0.0102905 0.0666509 0.997723 27.2785 0.0292925 0.997368 -0.0663251 -1.51339 -0.999518 0.0285433 -0.0122158 56.5144 
-0.00555806 0.0629943 0.997998 28.1236 0.0333186 0.997471 -0.0627755 -1.57181 -0.999429 0.032903 -0.00764289 56.5061 
-0.00202262 0.0640607 0.997944 28.964 0.0380197 0.997229 -0.0639378 -1.62544 -0.999275 0.0378122 -0.00445259 56.4981 
0.000840479 0.0686874 0.997638 29.7996 0.0376913 0.996927 -0.0686702 -1.67562 -0.999289 0.03766 -0.00175102 56.5023 
0.0044443 0.0694234 0.997577 30.6355 0.0340182 0.996999 -0.0695347 -1.72607 -0.999411 0.0342448 0.0020693 56.5166 
0.00805629 0.0689411 0.997588 31.4791 0.0332294 0.997051 -0.0691723 -1.78083 -0.999415 0.0337065 0.00574166 56.5298 
0.0116911 0.0657609 0.997767 32.3211 0.0372771 0.997113 -0.0661546 -1.83676 -0.999237 0.0379672 0.00920601 56.5364 
0.0152697 0.0663392 0.99768 33.1587 0.0417745 0.996883 -0.0669255 -1.89206 -0.99901 0.0426996 0.0124508 56.5437 
0.0188062 0.0671966 0.997563 33.9962 0.0445742 0.996691 -0.0679781 -1.94498 -0.998829 0.0457439 0.0157487 56.5567 
0.0214224 0.0671248 0.997515 34.839 0.0449918 0.996668 -0.068034 -1.99691 -0.998758 0.0463374 0.0183309 56.5776 
0.0249165 0.0656866 0.997529 35.6781 0.0463805 0.996689 -0.0667898 -2.04915 -0.998613 0.04793 0.0217874 56.599 
0.0287088 0.0646387 0.997496 36.5179 0.0483709 0.996648 -0.0659759 -2.10489 -0.998417 0.0501439 0.0254859 56.6193 
0.0315254 0.0650012 0.997387 37.3742 0.0466684 0.996699 -0.0664314 -2.15618 -0.998413 0.0486407 0.0283878 56.6514 
0.0346019 0.0667553 0.997169 38.2287 0.0438775 0.996703 -0.0682467 -2.2087 -0.998438 0.0461148 0.0315587 56.6877 
0.0373367 0.0668005 0.997068 39.0845 0.045564 0.996612 -0.0684761 -2.26237 -0.998263 0.047987 0.0341665 56.7209 
0.0400598 0.0665182 0.996981 39.9528 0.043327 0.996728 -0.0682422 -2.31718 -0.998257 0.0459299 0.0370467 56.7604 
0.0422845 0.0668391 0.996867 40.8151 0.0416286 0.996775 -0.0685987 -2.3718 -0.998238 0.0443989 0.0393657 56.8053 
0.0450322 0.0668695 0.996745 41.6492 0.0386023 0.996896 -0.0686236 -2.42659 -0.998239 0.0415669 0.0423111 56.852 
0.0483201 0.0688578 0.996456 42.4774 0.0371314 0.996808 -0.0706827 -2.47995 -0.998141 0.0404152 0.045609 56.897 
0.0516216 0.0723466 0.996043 43.3084 0.0360546 0.996587 -0.0742548 -2.53521 -0.998016 0.0397451 0.048837 56.9451 
0.0550294 0.074462 0.995704 44.1444 0.0361845 0.996412 -0.0765146 -2.59351 -0.997829 0.0402396 0.0521375 56.994 
0.0578398 0.076802 0.995367 44.9849 0.0300203 0.996452 -0.0786301 -2.64921 -0.997874 0.0344292 0.055329 57.0559 
0.0604549 0.0759981 0.995274 45.8341 0.0262802 0.996631 -0.077698 -2.70849 -0.997825 0.0308533 0.0582539 57.1199 
0.0641229 0.0765792 0.994999 46.6918 0.0283146 0.99651 -0.0785202 -2.77183 -0.99754 0.033208 0.0617308 57.177 
0.067986 0.0777071 0.994655 47.5582 0.0275542 0.996436 -0.0797296 -2.83671 -0.997306 0.0328275 0.0656026 57.2399 
0.0715927 0.078653 0.994328 48.4291 0.0236134 0.996473 -0.0805228 -2.89731 -0.997154 0.0292443 0.069483 57.3144 
0.0757577 0.0767512 0.994168 49.3011 0.0225605 0.996646 -0.0786616 -2.95798 -0.996871 0.0283881 0.0737721 57.3871 
0.0806214 0.0765848 0.993798 50.1679 0.0231317 0.996632 -0.0786797 -3.0257 -0.996476 0.0293315 0.0785783 57.458 
0.0855548 0.0801995 0.9931 51.0297 0.0196356 0.996426 -0.0821596 -3.0908 -0.99614 0.0265293 0.0836742 57.5426 
0.0915803 0.0887795 0.991832 51.8875 0.017893 0.99571 -0.0907788 -3.15824 -0.995637 0.0260604 0.0895989 57.6317 
0.0988747 0.0936369 0.990685 52.7519 0.0162494 0.995278 -0.0956929 -3.22757 -0.994967 0.0255597 0.0968862 57.724 
0.10602 0.0966522 0.989656 53.6189 0.011945 0.995069 -0.0984606 -3.30168 -0.994292 0.0222602 0.104343 57.8309 
0.11304 0.0949546 0.989043 54.4849 0.00806709 0.995302 -0.0964776 -3.3795 -0.993558 0.0188845 0.111743 57.9421 
0.120612 0.0933073 0.988305 55.3511 0.00788304 0.995451 -0.0949441 -3.45677 -0.992668 0.0192423 0.119328 58.0542 
0.127891 0.0899541 0.9877 56.2169 0.00732646 0.995766 -0.0916372 -3.53016 -0.991761 0.0189559 0.126691 58.1737 
0.13527 0.0845876 0.987192 57.0843 0.00524555 0.996274 -0.0860846 -3.60127 -0.990795 0.016823 0.134322 58.3016 
0.142358 0.0771931 0.986801 57.9506 0.0027381 0.99692 -0.0783797 -3.669 -0.989811 0.01386 0.141709 58.4385 
0.149917 0.0745137 0.985887 58.8068 0.00269092 0.997122 -0.075772 -3.73922 -0.988695 0.0140125 0.149285 58.5752 
0.157063 0.0763648 0.984632 59.6537 0.00248015 0.996972 -0.0777175 -3.80442 -0.987585 0.0146486 0.156398 58.7152 
0.162886 0.0830915 0.98314 60.489 0.00300811 0.996401 -0.0847107 -3.86772 -0.98664 0.0167555 0.162049 58.8603 
0.167974 0.0866444 0.981976 61.3166 0.0015728 0.996105 -0.0881601 -3.93365 -0.98579 0.0163531 0.167183 59.0083 
0.172902 0.0896599 0.98085 62.1365 0.000137768 0.995846 -0.091055 -4.00639 -0.984939 0.0158788 0.172172 59.1619 
0.178218 0.0891825 0.979941 62.9518 -0.00237679 0.99592 -0.0902045 -4.07904 -0.983988 0.0137469 0.177702 59.3188 
0.183531 0.086303 0.979218 63.7627 0.00158757 0.996111 -0.0880895 -4.14848 -0.983013 0.0177218 0.182681 59.4703 
0.188065 0.0796396 0.978922 64.5676 0.00222894 0.99667 -0.0815116 -4.21367 -0.982154 0.0175114 0.187261 59.6282 
0.191237 0.0734864 0.978789 65.3633 0.000310321 0.997189 -0.0749285 -4.2798 -0.981544 0.0146329 0.190677 59.7922 
0.194391 0.07017 0.978411 66.1437 -0.00345981 0.997481 -0.0708502 -4.34053 -0.980918 0.0103875 0.194144 59.9598 
0.197635 0.0702363 0.977756 66.9117 -0.00506816 0.99749 -0.0706294 -4.39816 -0.980263 0.00900338 0.197494 60.1214 
0.199772 0.0724165 0.977163 67.6681 -0.00699719 0.997345 -0.0724816 -4.45291 -0.979818 0.00764238 0.199748 60.284 
0.20113 0.076725 0.976555 68.4095 -0.0111292 0.997042 -0.0760424 -4.50999 -0.979501 0.00442609 0.201389 60.4495 
0.203103 0.0807956 0.975818 69.1403 -0.0124136 0.996722 -0.0799427 -4.569 -0.979079 0.00412313 0.20344 60.6102 
0.205178 0.0862331 0.974918 69.8605 -0.0130548 0.996263 -0.0853736 -4.62729 -0.978638 0.00478942 0.205537 60.7683 
0.206777 0.0882865 0.974397 70.574 -0.0123547 0.996077 -0.0876291 -4.68512 -0.97831 0.00608127 0.207056 60.9252 
0.20805 0.0882028 0.974133 71.279 -0.0149099 0.996096 -0.0870071 -4.74471 -0.978005 0.00357761 0.208553 61.0858 
0.208614 0.0852671 0.974274 71.9787 -0.0149249 0.996354 -0.0840037 -4.80571 -0.977884 0.0029834 0.209126 61.2424 
0.209268 0.0827164 0.974354 72.6674 -0.0149307 0.99657 -0.0813956 -4.8658 -0.977744 0.00248573 0.209785 61.3962 
0.20909 0.081509 0.974494 73.3456 -0.0140256 0.996668 -0.0803543 -4.92119 -0.977796 0.00313343 0.209537 61.5447 
0.207677 0.0807984 0.974855 74.0136 -0.0143601 0.996727 -0.079552 -4.97617 -0.978092 0.00252211 0.208158 61.6923 
0.206007 0.0817011 0.975134 74.667 -0.0155598 0.996656 -0.0802171 -5.03072 -0.978427 0.00135241 0.206589 61.8371 
0.203724 0.0844714 0.975378 75.3062 -0.0164034 0.996426 -0.0828681 -5.08592 -0.978891 0.000882636 0.204381 61.9777 
0.201471 0.0883119 0.975505 75.9332 -0.0146951 0.996088 -0.0871402 -5.14132 -0.979384 0.00322102 0.20198 62.1094 
0.199823 0.0888588 0.975794 76.5546 -0.0124133 0.996029 -0.0881594 -5.19288 -0.979753 0.00550343 0.200133 62.2345 
0.197539 0.0878724 0.976349 77.1695 -0.0132959 0.996123 -0.086962 -5.24172 -0.980205 0.00419698 0.197942 62.363 
0.195063 0.0849455 0.977105 77.7778 -0.0135809 0.996381 -0.08391 -5.2934 -0.980697 0.00309774 0.19551 62.488 
0.192928 0.0810346 0.977861 78.3763 -0.0133522 0.996708 -0.0799622 -5.34794 -0.981122 0.00237038 0.193375 62.6082 
0.191103 0.0800408 0.978301 78.9642 -0.00984213 0.996776 -0.0796298 -5.4007 -0.981521 0.00558894 0.191275 62.7203 
0.189399 0.081501 0.978512 79.5397 -0.00615668 0.996628 -0.0818183 -5.44696 -0.981881 0.0094719 0.189262 62.8269 
0.186921 0.0835745 0.978813 80.1092 -0.00203653 0.996405 -0.0846877 -5.4911 -0.982373 0.0138366 0.18642 62.9318 
0.185259 0.0854307 0.978969 80.6756 -0.00264699 0.996254 -0.0864381 -5.53665 -0.982686 0.0134221 0.184791 63.0398 
0.183925 0.0879835 0.978995 81.2394 -0.00308134 0.996033 -0.0889358 -5.58455 -0.982936 0.0133409 0.183466 63.1497 
0.182681 0.0863749 0.979371 81.8072 -0.00133651 0.996154 -0.0876058 -5.63399 -0.983171 0.014695 0.182094 63.2558 
0.183435 0.0848112 0.979366 82.3772 0.00471663 0.996184 -0.087151 -5.68008 -0.983021 0.0206058 0.182335 63.3556 
0.185751 0.0830361 0.979082 82.9482 0.00954126 0.996224 -0.0863 -5.72305 -0.982551 0.025372 0.184257 63.4552 
0.187665 0.0823786 0.978773 83.5175 0.0123938 0.996199 -0.0862217 -5.76916 -0.982155 0.0283115 0.18593 63.5637 
0.190979 0.0821149 0.978154 84.0862 0.0097227 0.996288 -0.0855355 -5.81761 -0.981546 0.0258458 0.189471 63.683 
0.196312 0.0827468 0.977044 84.655 0.00846295 0.996253 -0.0860741 -5.86498 -0.980505 0.025166 0.194876 63.8042 
0.202934 0.0816306 0.975784 85.2292 0.00971374 0.996302 -0.0853673 -5.90843 -0.979144 0.0268024 0.20139 63.9259 
0.210519 0.0819818 0.974146 85.8044 0.00771137 0.996307 -0.0855133 -5.95108 -0.977559 0.0255142 0.20911 64.0576 
0.218852 0.0798201 0.972488 86.3844 0.00819174 0.996463 -0.0836315 -5.99643 -0.975724 0.0262693 0.217424 64.1964 
0.227757 0.0795476 0.970463 86.9683 0.00456055 0.996559 -0.082757 -6.04579 -0.973707 0.0232743 0.226611 64.3447 
0.237403 0.0792191 0.968176 87.557 0.00351969 0.996593 -0.0824073 -6.09169 -0.971405 0.0229715 0.236316 64.499 
0.246922 0.0831697 0.96546 88.147 -0.001968 0.996351 -0.0853275 -6.13684 -0.969033 0.0191692 0.246184 64.6651 
0.256321 0.085402 0.962811 88.7457 -0.00538369 0.9962 -0.0869303 -6.18182 -0.966577 0.0170986 0.255807 64.8385 
0.267027 0.0881486 0.959649 89.3509 -0.00961018 0.996002 -0.0888138 -6.23072 -0.963641 0.0144933 0.266806 65.0206 
0.277287 0.0899028 0.956572 89.9646 -0.010972 0.995844 -0.0904133 -6.28221 -0.960725 0.0145749 0.277121 65.2086 
0.287112 0.0906851 0.953595 90.5861 -0.0141697 0.995802 -0.0904326 -6.33419 -0.957792 0.0124522 0.287192 65.4083 
0.297419 0.0910875 0.950392 91.2161 -0.0149994 0.995761 -0.0907418 -6.38569 -0.954629 0.012733 0.297525 65.6168 
0.307579 0.0921419 0.947051 91.8547 -0.0192866 0.9957 -0.0906114 -6.43505 -0.951327 0.00960473 0.308033 65.8384 
0.318146 0.0872332 0.94402 92.5075 -0.018868 0.996143 -0.085691 -6.48747 -0.947854 0.00945048 0.318565 66.0667 
0.328976 0.0802381 0.940923 93.1727 -0.0153435 0.996706 -0.0796305 -6.53957 -0.944214 0.0117595 0.329124 66.3018 
0.339873 0.0758367 0.937409 93.8447 -0.0137649 0.997038 -0.07567 -6.59241 -0.940371 0.0128148 0.33991 66.55 
0.350112 0.0725963 0.933891 94.5233 -0.0144418 0.997292 -0.0721107 -6.63981 -0.936597 0.0117597 0.350212 66.8139 
0.35965 0.0702919 0.930436 95.2118 -0.0083984 0.997362 -0.0721017 -6.68406 -0.933049 0.0181172 0.359292 67.0795 
0.368355 0.0648291 0.927422 95.9145 -0.0017477 0.997612 -0.0690415 -6.72556 -0.929684 0.0238109 0.367589 67.3527 
0.375448 0.0553306 0.92519 96.6313 0.00787358 0.99799 -0.0628795 -6.7692 -0.92681 0.0308926 0.374258 67.6332 
0.382634 0.0509067 0.922496 97.347 0.0132507 0.998076 -0.0605736 -6.81441 -0.923805 0.0354013 0.381223 67.9245 
0.389887 0.0509455 0.919453 98.0596 0.0151747 0.997977 -0.0617311 -6.8631 -0.920738 0.0380206 0.388325 68.2263 
0.397423 0.0571715 0.915853 98.7687 0.017454 0.997406 -0.0698363 -6.90708 -0.91747 0.0437398 0.395394 68.5331 
0.404668 0.0614759 0.912395 99.4775 0.0212196 0.996838 -0.0765769 -6.95185 -0.914217 0.0503489 0.402084 68.8425 
0.410055 0.0635471 0.909844 100.185 0.0194369 0.996734 -0.0783758 -7.00504 -0.911854 0.049823 0.407481 69.1656 
0.414434 0.0651877 0.907742 100.885 0.0122734 0.99694 -0.0771968 -7.06258 -0.909997 0.043134 0.412366 69.5004 
0.418329 0.0688453 0.905683 101.572 0.00559377 0.996909 -0.0783636 -7.12268 -0.908278 0.037848 0.416651 69.8349 
0.422374 0.0719701 0.90356 102.254 0.00472978 0.996654 -0.0815962 -7.18165 -0.906409 0.0387378 0.420621 70.1605 
0.42641 0.0761317 0.90132 102.926 0.00145454 0.996393 -0.0848503 -7.24064 -0.904529 0.037492 0.424761 70.4874 
0.429856 0.0791595 0.899421 103.588 -0.00166277 0.996217 -0.086884 -7.30117 -0.902896 0.035852 0.428361 70.8146 
0.4338 0.0775833 0.897663 104.246 -0.0028249 0.996398 -0.0847517 -7.3625 -0.901005 0.0342294 0.432456 71.1397 
0.437886 0.0745272 0.895936 104.899 -0.00188546 0.996632 -0.0819819 -7.42199 -0.899029 0.0342095 0.436552 71.4614 
0.441333 0.0718286 0.894464 105.541 -0.00225785 0.996877 -0.0789387 -7.48065 -0.89734 0.0328187 0.440117 71.7832 
0.444884 0.0708726 0.89278 106.171 -0.00333426 0.996988 -0.0774836 -7.53879 -0.895582 0.0314944 0.44378 72.1057 
0.44828 0.0725567 0.890944 106.788 -0.0053544 0.9969 -0.0784915 -7.5932 -0.893877 0.0304157 0.447279 72.4246 
0.451084 0.0731444 0.889479 107.397 -0.00445371 0.996808 -0.0797118 -7.64538 -0.89247 0.0319953 0.44997 72.7368 
0.453259 0.0713009 0.888522 108.001 -0.00242935 0.996891 -0.0787579 -7.69685 -0.891375 0.0335392 0.452023 73.0459 
0.454994 0.0701689 0.887726 108.595 -0.000529459 0.996912 -0.078528 -7.74938 -0.890494 0.0352598 0.453626 73.3514 
0.45682 0.070101 0.886793 109.178 -0.00189188 0.996964 -0.0778355 -7.80231 -0.889557 0.0338791 0.455566 73.6585 
0.458768 0.0694677 0.885836 109.753 -0.00046852 0.996958 -0.0779392 -7.85311 -0.888556 0.035341 0.457405 73.9593 
0.461375 0.0712436 0.88434 110.317 -0.00102054 0.996813 -0.0797721 -7.90093 -0.887205 0.0359024 0.459977 74.2574 
0.464235 0.071188 0.882847 110.873 0.00193749 0.996681 -0.0813858 -7.95158 -0.88571 0.0394926 0.462556 74.5489 
0.467299 0.0705096 0.881283 111.421 0.00359186 0.996655 -0.0816449 -8.00258 -0.884092 0.041318 0.465483 74.8392 
0.470497 0.0687504 0.879719 111.96 0.00658974 0.996659 -0.0814137 -8.05109 -0.882377 0.044102 0.468472 75.1265 
0.47381 0.0678359 0.878011 112.49 0.00792775 0.99666 -0.081281 -8.09961 -0.880591 0.0454724 0.471689 75.4141 
0.477062 0.0674121 0.87628 113.01 0.00890528 0.996632 -0.0815189 -8.14703 -0.878824 0.0466931 0.474855 75.7005 
0.480496 0.0666015 0.874465 113.523 0.00947714 0.99666 -0.0811156 -8.19523 -0.876946 0.0472631 0.478259 75.9843 
0.483959 0.0660975 0.872591 114.032 0.0110654 0.996601 -0.0816282 -8.24048 -0.875021 0.0491602 0.481583 76.2676 
0.487941 0.0673611 0.870274 114.533 0.0106011 0.996487 -0.0830742 -8.28639 -0.872812 0.0497612 0.485513 76.5523 
0.492227 0.0675358 0.867843 115.031 0.012595 0.996329 -0.0846782 -8.33299 -0.870376 0.0526114 0.489569 76.8361 
0.496939 0.0708912 0.864885 115.523 0.0103642 0.996102 -0.0876015 -8.38157 -0.867724 0.0524964 0.494267 77.1258 
0.50232 0.0767151 0.861272 116.006 0.00687608 0.995671 -0.0926967 -8.43074 -0.864654 0.0524856 0.499618 77.4194 
0.508148 0.0837534 0.857188 116.485 0.00161959 0.995166 -0.098195 -8.48004 -0.861268 0.0512859 0.505556 77.7176 
0.514234 0.0899759 0.852917 116.963 -0.00347255 0.994692 -0.102838 -8.53004 -0.857643 0.0499212 0.511817 78.0206 
0.520584 0.0944504 0.84857 117.444 -0.00706076 0.994305 -0.10634 -8.58118 -0.853781 0.0493673 0.518286 78.3295 
0.526085 0.0947891 0.845133 117.931 -0.0111997 0.994455 -0.104565 -8.63259 -0.850358 0.0455449 0.524229 78.6472 
0.53149 0.0939326 0.84184 118.422 -0.0176937 0.994847 -0.0998343 -8.68615 -0.846879 0.0381657 0.530414 78.977 
0.537201 0.0915608 0.83847 118.919 -0.0239519 0.995346 -0.0933457 -8.7392 -0.843114 0.0300624 0.536893 79.3152 
0.543001 0.0897832 0.834919 119.42 -0.0302435 0.995714 -0.0874051 -8.7929 -0.839187 0.0222102 0.543389 79.6623 
0.549103 0.0878226 0.831128 119.928 -0.0328149 0.995962 -0.0835603 -8.84283 -0.83511 0.0186098 0.549768 80.0131 
0.555374 0.0914236 0.82656 120.436 -0.0378657 0.995688 -0.084688 -8.8893 -0.830738 0.0157353 0.556441 80.3727 
0.561439 0.0953359 0.822008 120.95 -0.0416719 0.995338 -0.0869763 -8.93651 -0.826468 0.0145773 0.562794 80.7427 
0.567531 0.0987063 0.817414 121.473 -0.0445396 0.995015 -0.0892285 -8.98482 -0.822147 0.0142327 0.569098 81.1224 
0.573814 0.10089 0.812748 122.006 -0.0468073 0.994801 -0.0904426 -9.03318 -0.817647 0.0138547 0.575553 81.5141 
0.580101 0.101919 0.808143 122.548 -0.0498776 0.994724 -0.0896465 -9.08246 -0.813016 0.0116958 0.582124 81.9204 
0.586242 0.104154 0.803413 123.095 -0.0560588 0.994539 -0.0880265 -9.13454 -0.808194 0.00656642 0.588879 82.3434 
0.593269 0.102104 0.798503 123.654 -0.0564375 0.994758 -0.0852668 -9.18815 -0.803023 0.00552062 0.595922 82.7741 
0.600814 0.100128 0.793093 124.222 -0.0566691 0.994963 -0.0826836 -9.24025 -0.797377 0.00473362 0.603462 83.2146 
0.608297 0.100235 0.787355 124.792 -0.0572946 0.994951 -0.0823985 -9.29259 -0.791639 0.0050115 0.610968 83.6686 
0.615769 0.102663 0.78121 125.363 -0.0620532 0.994714 -0.0818089 -9.34482 -0.785479 0.00189882 0.618885 84.1405 
0.623532 0.103353 0.774936 125.942 -0.0628425 0.994642 -0.0820901 -9.39427 -0.779268 0.00248688 0.626686 84.6232 
0.630353 0.104179 0.769287 126.528 -0.0648699 0.994557 -0.0815309 -9.44446 -0.773594 0.00148971 0.63368 85.1194 
0.635435 0.10313 0.765236 127.122 -0.0648512 0.994667 -0.0801988 -9.49889 -0.769426 0.00133468 0.638734 85.6268 
0.639221 0.101725 0.762265 127.725 -0.0636573 0.99481 -0.0793771 -9.55464 -0.766383 0.00221578 0.64238 86.1434 
0.642982 0.0991209 0.75944 128.338 -0.0601094 0.995062 -0.0789821 -9.6094 -0.763519 0.0051346 0.645765 86.667 
0.646589 0.0953736 0.756853 128.96 -0.0548197 0.995398 -0.0786003 -9.6649 -0.760866 0.00933173 0.648842 87.1986 
0.650428 0.0890587 0.754329 129.593 -0.0470652 0.99592 -0.0769993 -9.72153 -0.758108 0.0145799 0.651966 87.7376 
0.654316 0.0832855 0.751621 130.23 -0.0412792 0.996369 -0.0744702 -9.77667 -0.755094 0.0177007 0.655378 88.2878 
0.657572 0.0779285 0.749351 130.871 -0.0359021 0.996747 -0.0721516 -9.83247 -0.752536 0.0205416 0.65823 88.8475 
0.660939 0.0764073 0.74654 131.511 -0.0356519 0.996877 -0.070465 -9.88785 -0.749593 0.0199575 0.661598 89.4207 
0.663886 0.0779665 0.743758 132.149 -0.0364276 0.996741 -0.0719705 -9.94262 -0.746946 0.0206869 0.664563 90.0005 
0.66705 0.0827258 0.740406 132.784 -0.0420503 0.996412 -0.0734454 -9.99556 -0.743826 0.0178575 0.668135 90.5919 
0.669792 0.0864284 0.737502 133.422 -0.0484653 0.996174 -0.0727266 -10.0481 -0.740966 0.0129685 0.671417 91.1943 
0.6727 0.083268 0.735215 134.069 -0.0486473 0.996475 -0.0683465 -10.1022 -0.738315 0.0102104 0.674379 91.8002 
0.676105 0.0806805 0.732375 134.72 -0.0519788 0.996733 -0.0618178 -10.1529 -0.73497 0.00372729 0.678089 92.4184 
0.679617 0.0750576 0.729717 135.374 -0.0512579 0.997179 -0.0548296 -10.2008 -0.731774 -0.000140602 0.681547 93.0408 
0.684196 0.0710835 0.725826 136.03 -0.0492597 0.99747 -0.0512525 -10.2459 -0.727633 -0.000687299 0.685966 93.6654 
0.688879 0.0680192 0.721678 136.685 -0.0434784 0.997672 -0.0525297 -10.2889 -0.723571 0.00480918 0.690233 94.2896 
0.694203 0.0648599 0.716851 137.34 -0.0329528 0.997751 -0.0583638 -10.3329 -0.719025 0.0168941 0.694779 94.9116 
0.69954 0.0664664 0.711496 137.988 -0.0272799 0.997423 -0.0663556 -10.3812 -0.714073 0.0270088 0.69955 95.5426 
0.705146 0.0668426 0.705904 138.635 -0.0243005 0.99724 -0.0701549 -10.4312 -0.708645 0.0323157 0.704825 96.1887 
0.71102 0.0624603 0.700392 139.283 -0.0219667 0.997534 -0.0666591 -10.485 -0.702829 0.0320106 0.710639 96.8485 
0.716937 0.0570032 0.694804 139.932 -0.0175492 0.997811 -0.0637544 -10.5433 -0.696917 0.0335146 0.716368 97.5142 
0.722312 0.053858 0.689467 140.574 -0.0131373 0.997852 -0.0641844 -10.5981 -0.691443 0.0373034 0.721467 98.1843 
0.726935 0.0558786 0.684429 141.209 -0.0108764 0.997496 -0.0698863 -10.6517 -0.68662 0.0433587 0.725722 98.8594 
0.730592 0.0572568 0.68041 141.841 -0.0116228 0.997376 -0.0714497 -10.7065 -0.682716 0.0442923 0.72934 99.5462 
0.73377 0.0544438 0.677213 142.478 -0.00928894 0.997495 -0.0701279 -10.7672 -0.679334 0.0451672 0.732438 100.238 
0.7363 0.0488328 0.674891 143.119 -0.00589215 0.997817 -0.0657703 -10.8273 -0.67663 0.0444501 0.73498 100.934 
0.737699 0.0446094 0.673654 143.76 -0.00278221 0.998007 -0.0630413 -10.8844 -0.675124 0.0446313 0.736353 101.632 
0.738333 0.040031 0.673247 144.402 0.000637995 0.998195 -0.0600519 -10.9389 -0.674436 0.0447678 0.736975 102.336 
0.738609 0.0391802 0.672994 145.041 0.000639998 0.998268 -0.0588193 -10.9923 -0.674133 0.0438752 0.737305 103.041 
0.738484 0.0396804 0.673103 145.677 -0.000774147 0.998316 -0.0580028 -11.0443 -0.674271 0.0423131 0.737271 103.748 
0.737975 0.0418928 0.673526 146.314 -0.00229688 0.998221 -0.059572 -11.0955 -0.674824 0.0424157 0.736759 104.454 
0.736736 0.0458467 0.674624 146.951 -0.00641135 0.998128 -0.0608301 -11.1484 -0.67615 0.0404905 0.735651 105.164 
0.734803 0.0496134 0.676464 147.59 -0.00976824 0.997992 -0.0625844 -11.2021 -0.67821 0.0393793 0.733812 105.873 
0.73277 0.0524182 0.678454 148.231 -0.0139464 0.997976 -0.062042 -11.2564 -0.680333 0.0360006 0.732018 106.581 
0.730406 0.0538833 0.680884 148.874 -0.0162193 0.997971 -0.0615777 -11.3115 -0.68282 0.0339332 0.729798 107.285 
0.72814 0.0531866 0.683362 149.521 -0.0169359 0.998077 -0.0596354 -11.3658 -0.68522 0.0318495 0.72764 107.983 
0.725666 0.0518738 0.686089 150.169 -0.017983 0.998243 -0.0564547 -11.418 -0.687812 0.0286293 0.725324 108.678 
0.723044 0.0478523 0.689142 150.82 -0.0139403 0.998405 -0.0547007 -11.4709 -0.690661 0.0299441 0.722558 109.361 
0.720297 0.0520431 0.691711 151.464 -0.0145446 0.998095 -0.0599493 -11.5264 -0.693513 0.0331206 0.719682 110.036 
0.716728 0.0623124 0.694563 152.098 -0.020149 0.997434 -0.0686923 -11.5805 -0.697062 0.0352389 0.716145 110.708 
0.713318 0.0689536 0.697441 152.739 -0.0226325 0.996896 -0.075412 -11.6363 -0.700475 0.0380079 0.712664 111.377 
0.709794 0.0674064 0.701177 153.391 -0.024116 0.997153 -0.0714471 -11.6965 -0.703997 0.0338031 0.709398 112.045 
0.705982 0.0657531 0.705171 154.044 -0.0271632 0.997462 -0.0658131 -11.7606 -0.707709 0.0273082 0.705976 112.713 
0.702469 0.063928 0.708837 154.695 -0.0290584 0.997704 -0.0611827 -11.8169 -0.71112 0.0223813 0.702714 113.373 
0.699186 0.0640368 0.712066 155.349 -0.028673 0.997691 -0.0615691 -11.8708 -0.714364 0.0226312 0.699408 114.021 
0.696198 0.0624677 0.715126 156.008 -0.0268746 0.997776 -0.0609945 -11.9241 -0.717346 0.0232455 0.696329 114.664 
0.693297 0.0617429 0.718002 156.667 -0.0230755 0.997714 -0.0635145 -11.9792 -0.720283 0.0274661 0.693137 115.299 
0.689916 0.0609949 0.721315 157.33 -0.0195842 0.997652 -0.0656303 -12.0348 -0.723624 0.031153 0.689491 115.93 
0.686152 0.0617139 0.724836 157.993 -0.0167869 0.997473 -0.0690358 -12.091 -0.727265 0.0352013 0.685454 116.557 
0.682216 0.0620646 0.728512 158.66 -0.0171474 0.997475 -0.0689208 -12.1481 -0.73095 0.0345267 0.681557 117.186 
0.67813 0.063703 0.732176 159.328 -0.0192698 0.997435 -0.0689345 -12.2073 -0.73469 0.0326377 0.677618 117.813 
0.673222 0.0633227 0.736724 160.003 -0.0184488 0.997455 -0.0688744 -12.2659 -0.73921 0.0327761 0.672677 118.435 
0.667581 0.0660688 0.7416 160.679 -0.0211199 0.997335 -0.0698402 -12.3245 -0.744237 0.0309615 0.667197 119.053 
0.661297 0.0734138 0.746523 161.356 -0.0252564 0.996814 -0.0756546 -12.3872 -0.749699 0.0311757 0.661044 119.668 
0.655131 0.0790816 0.751365 162.041 -0.0280898 0.996369 -0.0803763 -12.449 -0.754993 0.0315513 0.654974 120.277 
0.6488 0.081568 0.756574 162.739 -0.0279772 0.996123 -0.0834025 -12.5127 -0.760444 0.0329448 0.648567 120.883 
0.642224 0.0760922 0.762731 163.454 -0.0286549 0.996748 -0.0753108 -12.5766 -0.765981 0.0265104 0.642316 121.492 
0.63518 0.072266 0.768976 164.175 -0.0345765 0.997276 -0.0651604 -12.6389 -0.77159 0.0148001 0.635948 122.105 
0.628072 0.0674884 0.775223 164.905 -0.0338635 0.997659 -0.0594173 -12.6973 -0.777418 0.0110666 0.628887 122.706 
0.620899 0.0686118 0.780882 165.64 -0.0385297 0.997629 -0.0570203 -12.7452 -0.782943 0.00531666 0.62207 123.302 
0.612927 0.0701012 0.787024 166.382 -0.0371762 0.997512 -0.0598972 -12.794 -0.789265 0.00745403 0.614008 123.888 
0.606589 0.0699792 0.79193 167.135 -0.0314391 0.997451 -0.0640589 -12.8503 -0.794394 0.0139599 0.607242 124.459 
0.599703 0.0784282 0.79637 167.885 -0.0302883 0.996697 -0.0753484 -12.9075 -0.799649 0.0210659 0.600097 125.027 
0.592409 0.0795048 0.801705 168.646 -0.0263996 0.9965 -0.0793149 -12.9683 -0.805205 0.0258222 0.592434 125.589 
0.585495 0.075224 0.807178 169.42 -0.0235316 0.996843 -0.0758306 -13.0375 -0.810335 0.0254042 0.585417 126.151 
0.578468 0.0693913 0.812748 170.199 -0.0194335 0.997265 -0.0713134 -13.1067 -0.815473 0.025458 0.578234 126.7 
0.571513 0.0686865 0.817713 170.97 -0.0189719 0.99733 -0.0705143 -13.1715 -0.820374 0.0247863 0.57129 127.243 
0.564464 0.0704379 0.822447 171.736 -0.0205554 0.997243 -0.0713006 -13.2335 -0.825202 0.0233409 0.564356 127.777 
0.558546 0.0679787 0.826684 172.503 -0.0155838 0.99732 -0.0714811 -13.2959 -0.829327 0.0270426 0.558108 128.294 
0.5535 0.0619919 0.830539 173.273 -0.0105263 0.997667 -0.0674513 -13.3592 -0.832783 0.0285918 0.552861 128.803 
0.548601 0.0594199 0.83397 174.034 -0.01019 0.997872 -0.0643947 -13.4218 -0.836023 0.0268288 0.548039 129.307 
0.544215 0.0583759 0.836912 174.789 -0.0117603 0.998009 -0.0619652 -13.4798 -0.838863 0.02388 0.543818 129.805 
