1 0 -0 0 -0 1 0 0 0 -0 1 -0 
0.999997 -0.00220345 -0.00135679 -0.00483051 0.00220747 0.999993 0.00296413 -0.0208756 0.00135024 -0.00296712 0.999995 1.51923 
0.999993 -0.00255247 -0.00276161 -0.0155459 0.00256291 0.99999 0.00378562 -0.0398854 0.00275192 -0.00379267 0.999989 3.02999 
0.99999 -0.00131933 -0.00420239 -0.0306326 0.00133439 0.999993 0.00358373 -0.0567575 0.00419763 -0.00358931 0.999985 4.53643 
0.999984 -0.000753674 -0.0056119 -0.0479466 0.000773063 0.999994 0.0034537 -0.0736865 0.00560926 -0.00345799 0.999978 6.03689 
0.999976 -0.00083744 -0.00686999 -0.0662425 0.000863258 0.999993 0.00375587 -0.090478 0.0068668 -0.00376171 0.999969 7.53284 
0.999962 -0.000986781 -0.00861803 -0.0844658 0.00102243 0.999991 0.00413288 -0.107074 0.00861387 -0.00414154 0.999954 9.02468 
0.999943 -0.00283478 -0.0102473 -0.104268 0.00286909 0.99999 0.00333456 -0.123409 0.0102377 -0.00336377 0.999942 10.512 
0.999924 -0.00399124 -0.0116903 -0.125225 0.00403448 0.999985 0.00367714 -0.140011 0.0116755 -0.00372403 0.999925 11.9956 
0.999909 -0.00369047 -0.012954 -0.150851 0.00373842 0.999986 0.00367868 -0.156968 0.0129403 -0.00372677 0.999909 13.4695 
0.999896 -0.00318041 -0.014077 -0.178233 0.00323287 0.999988 0.00370499 -0.172397 0.0140651 -0.00375012 0.999894 14.9426 
0.999893 -0.0018417 -0.0145386 -0.244747 0.00190373 0.999989 0.00425351 -0.202045 0.0145306 -0.00428073 0.999885 17.3844 
0.999887 -0.000493303 -0.0150479 -0.286847 0.000568624 0.999987 0.00500157 -0.22069 0.0150452 -0.00500956 0.999874 19.2246 
0.999877 0.000309345 -0.0156855 -0.326006 -0.000218269 0.999983 0.00580772 -0.23755 0.0156871 -0.00580359 0.99986 21.0267 
0.99987 0.000199845 -0.0161366 -0.363319 -0.000107475 0.999984 0.00572493 -0.253607 0.0161375 -0.00572245 0.999853 22.7905 
0.999862 0.000920001 -0.0165872 -0.404039 -0.000823242 0.999983 0.00583923 -0.269452 0.0165923 -0.00582476 0.999845 24.5555 
0.999859 0.00155121 -0.0167195 -0.441238 -0.00144495 0.999979 0.00636607 -0.284834 0.016729 -0.00634101 0.99984 26.2895 
0.99986 0.0025199 -0.0165428 -0.4822 -0.00239372 0.999968 0.00764278 -0.298495 0.0165615 -0.00760211 0.999834 27.9929 
0.99986 0.00277982 -0.0164777 -0.521272 -0.00267594 0.999976 0.0063227 -0.31281 0.0164949 -0.00627773 0.999844 29.6748 
0.999861 0.00320136 -0.016364 -0.560742 -0.00313136 0.999986 0.00430154 -0.327333 0.0163776 -0.0042497 0.999857 31.3417 
0.999871 0.00132257 -0.016001 -0.595192 -0.00125758 0.999991 0.00407081 -0.343375 0.0160062 -0.00405016 0.999864 32.9844 
0.999876 0.000418142 -0.0157429 -0.627959 -0.00031198 0.999977 0.00674534 -0.358699 0.0157453 -0.00673959 0.999853 34.6089 
0.999877 -0.00123255 -0.0156177 -0.658662 0.00135681 0.999967 0.00794831 -0.373842 0.0156074 -0.00796852 0.999846 36.2136 
0.999879 -0.00204369 -0.0153928 -0.689239 0.00215672 0.999971 0.00733017 -0.387571 0.0153773 -0.00736248 0.999855 37.7921 
0.999887 -0.00196186 -0.0149255 -0.720918 0.00204434 0.999983 0.00551279 -0.402756 0.0149145 -0.00554268 0.999873 39.3436 
0.999896 -0.00106559 -0.0143802 -0.754569 0.00113433 0.999988 0.00477288 -0.419227 0.0143749 -0.0047887 0.999885 40.8816 
0.999909 -0.000450589 -0.0135177 -0.783781 0.000502035 0.999993 0.00380267 -0.438805 0.0135159 -0.00380911 0.999901 42.394 
0.999925 0.000100082 -0.0122351 -0.811391 -4.06061e-05 0.999988 0.0048612 -0.457968 0.0122355 -0.00486034 0.999913 43.8837 
0.999942 0.000533463 -0.0107112 -0.837558 -0.000458783 0.999976 0.00697332 -0.477262 0.0107147 -0.006968 0.999918 45.3519 
0.999959 -7.55697e-05 -0.00905042 -0.857809 0.000148037 0.999968 0.00800669 -0.494369 0.00904952 -0.0080077 0.999927 46.795 
0.999977 0.000439976 -0.00674885 -0.87571 -0.000381665 0.999963 0.00863907 -0.509288 0.0067524 -0.0086363 0.99994 48.2166 
0.999994 0.000113668 -0.0034083 -0.888069 -8.62196e-05 0.999968 0.00805241 -0.524876 0.0034091 -0.00805207 0.999962 49.6122 
1 -0.000604232 0.000210369 -0.894711 0.000602897 0.99998 0.00629027 -0.540804 -0.000214165 -0.00629015 0.99998 50.985 
0.999993 -0.000732527 0.00363936 -0.897013 0.000716031 0.999989 0.00453178 -0.556796 -0.00364264 -0.00452915 0.999983 52.3455 
0.99997 -0.000548987 0.00776858 -0.893655 0.000508964 0.999987 0.00515304 -0.573621 -0.0077713 -0.00514893 0.999957 53.69 
0.999914 -0.00021885 0.01311 -0.883668 0.000152864 0.999987 0.005034 -0.591474 -0.0131109 -0.00503156 0.999901 55.0194 
0.999807 0.00146534 0.0196106 -0.869917 -0.00154666 0.99999 0.00413195 -0.607272 -0.0196043 -0.00416148 0.999799 56.3331 
0.999631 0.00284596 0.0270133 -0.845524 -0.00295928 0.999987 0.0041556 -0.622793 -0.0270011 -0.00423401 0.999626 57.638 
0.999365 0.00388203 0.0354276 -0.810035 -0.0040679 0.999978 0.00517597 -0.638755 -0.0354067 -0.0053168 0.999359 58.9272 
0.998932 0.0061944 0.0457868 -0.763713 -0.00646877 0.999962 0.00584661 -0.655098 -0.0457488 -0.00613655 0.998934 60.1965 
0.998239 0.0084301 0.0587236 -0.704799 -0.00878663 0.999944 0.00581575 -0.670263 -0.0586714 -0.00632149 0.998257 61.4435 
0.997234 0.0105045 0.0735739 -0.628323 -0.0109976 0.99992 0.00630089 -0.684727 -0.0735018 -0.0070926 0.99727 62.6746 
0.995882 0.0127317 0.0897608 -0.533543 -0.0134698 0.99988 0.0076217 -0.698264 -0.089653 -0.00879937 0.995934 63.8879 
0.994134 0.012788 0.107395 -0.414964 -0.0137719 0.99987 0.00842465 -0.711656 -0.107273 -0.00985427 0.994181 65.0832 
0.991901 0.0123535 0.126415 -0.274459 -0.0134122 0.999882 0.00752705 -0.724213 -0.126307 -0.00916159 0.991949 66.2559 
0.98913 0.0114181 0.146601 -0.112053 -0.0125336 0.999899 0.00668742 -0.734817 -0.146509 -0.00845216 0.989173 67.4103 
0.985846 0.008651 0.167429 0.0749875 -0.00987051 0.99993 0.00645296 -0.74513 -0.167361 -0.00801423 0.985863 68.548 
0.981935 0.00358941 0.189182 0.290087 -0.00529428 0.99995 0.00850719 -0.754187 -0.189142 -0.0093551 0.981905 69.6643 
0.977217 -0.00179754 0.212234 0.529842 -0.000325927 0.99995 0.00996992 -0.763864 -0.212241 -0.00981195 0.977168 70.7591 
0.971742 -0.00688241 0.235944 0.792901 0.00478399 0.999944 0.00946501 -0.773746 -0.235996 -0.0080688 0.971721 71.8263 
0.965279 -0.0129047 0.260902 1.08103 0.011293 0.999907 0.00767569 -0.782385 -0.260977 -0.00446283 0.965335 72.8693 
0.95778 -0.016517 0.287026 1.39055 0.0147279 0.999856 0.00839121 -0.790346 -0.287123 -0.00380965 0.957886 73.8934 
0.949186 -0.0191372 0.314134 1.7225 0.0165788 0.999804 0.0108142 -0.798996 -0.314279 -0.00505674 0.949317 74.8962 
0.939512 -0.023594 0.341702 2.08274 0.020108 0.999703 0.0137407 -0.805603 -0.341925 -0.00603858 0.939708 75.8751 
0.928603 -0.0266802 0.370113 2.4663 0.0233738 0.999637 0.0134164 -0.811542 -0.370337 -0.00380753 0.92889 76.827 
0.916525 -0.0260807 0.399126 2.86822 0.0242401 0.99966 0.00965908 -0.817887 -0.399242 0.000822037 0.916845 77.7528 
0.903493 -0.0272319 0.427737 3.2995 0.028096 0.999596 0.00429308 -0.822986 -0.427681 0.00813894 0.903893 78.6509 
0.88933 -0.0291869 0.456333 3.75786 0.0317807 0.999493 0.00199101 -0.831155 -0.456159 0.0127319 0.889807 79.5283 
0.873693 -0.0298689 0.485559 4.24073 0.0311938 0.999499 0.00535483 -0.840675 -0.485476 0.010468 0.874187 80.3915 
0.856037 -0.0287973 0.516112 4.74462 0.02691 0.999576 0.0111393 -0.849892 -0.516214 0.00435297 0.856449 81.2366 
0.836429 -0.0290535 0.547304 5.27386 0.0249469 0.999577 0.0149367 -0.859238 -0.547506 0.00116003 0.836801 82.0531 
0.815339 -0.0229058 0.578531 5.82314 0.0209249 0.99973 0.0100923 -0.863703 -0.578606 0.00387703 0.815598 82.8403 
0.793427 -0.0161004 0.608453 6.39798 0.0179723 0.999834 0.00302083 -0.868318 -0.6084 0.00853847 0.793585 83.6015 
0.771032 -0.0138427 0.636645 7.00419 0.0171164 0.999853 0.00101051 -0.874773 -0.636566 0.0101179 0.771156 84.3375 
0.747785 -0.0163669 0.663739 7.63986 0.0181234 0.999827 0.00423608 -0.885855 -0.663693 0.00886154 0.747952 85.05 
0.723397 -0.0166564 0.690231 8.29399 0.0182783 0.999821 0.00497073 -0.900171 -0.69019 0.00902042 0.723572 85.7331 
0.698085 -0.0147831 0.715863 8.96443 0.0188378 0.99982 0.002277 -0.911952 -0.715767 0.0118958 0.698237 86.3837 
0.671896 -0.0123902 0.740542 9.65175 0.0186232 0.999827 -0.000168536 -0.920955 -0.740411 0.0139045 0.67201 87.0081 
0.644991 -0.0101311 0.764123 10.3615 0.0168894 0.999857 -0.000999581 -0.933344 -0.764003 0.0135503 0.64507 87.6085 
0.617089 -0.00880277 0.786844 11.0963 0.0168458 0.999856 -0.00202562 -0.948423 -0.786713 0.014505 0.617149 88.1841 
0.588479 -0.00230338 0.808509 11.8503 0.0153505 0.999848 -0.00832446 -0.964662 -0.808367 0.0173098 0.588424 88.735 
0.558537 0.00698171 0.82945 12.6258 0.0140918 0.99974 -0.0179043 -0.983699 -0.82936 0.0216887 0.558294 89.2621 
0.527821 0.0153326 0.849217 13.4276 0.0129195 0.999576 -0.0260773 -1.00769 -0.849258 0.0247356 0.527399 89.764 
0.496093 0.020183 0.868035 14.2544 0.0103543 0.999521 -0.0291578 -1.03769 -0.868208 0.0234528 0.495646 90.2437 
0.463736 0.0196906 0.885754 15.106 0.00827245 0.999613 -0.0265528 -1.07283 -0.885935 0.0196409 0.463394 90.6954 
0.430583 0.0183103 0.902365 15.9785 0.00349157 0.999753 -0.0219525 -1.10831 -0.902544 0.0126031 0.430413 91.1218 
0.396316 0.0194516 0.917908 16.8685 -0.000805177 0.999783 -0.0208389 -1.14366 -0.918114 0.00751973 0.396246 91.5156 
0.361091 0.0223748 0.932262 17.7761 -0.00817911 0.99975 -0.0208266 -1.17552 -0.932495 -0.000104793 0.361183 91.8851 
0.325192 0.0243124 0.945335 18.7044 -0.0132349 0.999689 -0.0211575 -1.20424 -0.945555 -0.0056312 0.325412 92.2211 
0.289075 0.0236916 0.957013 19.6549 -0.0159995 0.999674 -0.0199149 -1.23386 -0.957173 -0.00955481 0.28936 92.5205 
0.252789 0.0232303 0.967242 20.6231 -0.0169016 0.999665 -0.0195918 -1.26393 -0.967374 -0.0113954 0.253097 92.7821 
0.21688 0.0226586 0.975935 21.6054 -0.016313 0.999675 -0.0195846 -1.29358 -0.976062 -0.0116729 0.217179 93.0045 
0.18156 0.0214031 0.983147 22.6006 -0.0141821 0.999716 -0.0191448 -1.31985 -0.983278 -0.0104672 0.181812 93.1889 
0.147066 0.0204849 0.988914 23.6061 -0.00610863 0.999785 -0.0198016 -1.35065 -0.989108 -0.00312876 0.14716 93.3309 
0.113424 0.0239254 0.993259 24.6149 -0.00402043 0.999713 -0.0236218 -1.38286 -0.993539 -0.00131405 0.113487 93.4433 
0.0808676 0.0289081 0.996306 25.6279 -0.00320042 0.999582 -0.0287433 -1.41536 -0.99672 -0.000864194 0.0809263 93.5276 
0.0518524 0.032825 0.998115 26.6439 0.00360426 0.999447 -0.033056 -1.45169 -0.998648 0.0053115 0.0517054 93.574 
0.0263892 0.0310097 0.999171 27.6682 0.00541395 0.9995 -0.0311629 -1.48938 -0.999637 0.00623183 0.0262081 93.5979 
0.00411362 0.027958 0.999601 28.6974 0.0070672 0.999583 -0.0279866 -1.52895 -0.999967 0.0071795 0.00391432 93.6024 
-0.0147152 0.0253395 0.999571 29.7262 0.00747156 0.999654 -0.0252316 -1.56795 -0.999864 0.00709707 -0.0148995 93.5871 
-0.0312282 0.0284793 0.999106 30.7549 0.00905718 0.999561 -0.0282091 -1.60546 -0.999471 0.00816816 -0.0314724 93.5556 
-0.0458479 0.032807 0.99841 31.7789 0.0118971 0.999408 -0.0322935 -1.64272 -0.998878 0.0103975 -0.046211 93.5074 
-0.0576717 0.0380806 0.997609 32.8036 0.0163716 0.999174 -0.0371939 -1.68375 -0.998201 0.0141874 -0.0582475 93.4422 
-0.0665363 0.0415937 0.996917 33.8338 0.0217979 0.998953 -0.0402238 -1.72968 -0.997546 0.0190544 -0.0673733 93.3673 
-0.0722347 0.0469315 0.996283 34.8617 0.0256774 0.998649 -0.0451813 -1.78149 -0.997057 0.0223183 -0.0733422 93.2869 
-0.0757582 0.0516746 0.995786 35.8916 0.0275725 0.998383 -0.0497116 -1.83601 -0.996745 0.0236902 -0.0770605 93.2069 
-0.078486 0.0557697 0.995354 36.9226 0.0297011 0.998122 -0.0535827 -1.89561 -0.996473 0.0253577 -0.079995 93.1222 
-0.0810826 0.0587101 0.994977 37.954 0.0300691 0.997953 -0.0564353 -1.95894 -0.996254 0.0253421 -0.082682 93.0367 
-0.0834745 0.0621686 0.994569 38.9829 0.0310733 0.997729 -0.0597582 -2.02651 -0.996025 0.0259163 -0.0852167 92.9508 
-0.0854458 0.0659147 0.99416 40.0116 0.0323292 0.997467 -0.0633553 -2.09607 -0.995818 0.0267269 -0.0873604 92.8604 
-0.0875803 0.0673713 0.993877 41.0444 0.0349725 0.997303 -0.0645218 -2.16708 -0.995543 0.0291075 -0.0897003 92.7671 
-0.0896748 0.0660809 0.993777 42.0806 0.0350839 0.997387 -0.0631551 -2.24073 -0.995353 0.0292022 -0.0917589 92.6739 
-0.0920758 0.0657091 0.993582 43.1183 0.0345147 0.997431 -0.0627652 -2.31434 -0.995154 0.028514 -0.0941072 92.5813 
-0.0943464 0.0671371 0.993273 44.1551 0.0343937 0.997348 -0.0641456 -2.38542 -0.994945 0.0281105 -0.0964052 92.4858 
-0.096786 0.0693194 0.992888 45.1991 0.0332544 0.99724 -0.0663816 -2.45811 -0.99475 0.0265931 -0.098824 92.3871 
-0.0994895 0.0714751 0.992468 46.2455 0.0317364 0.997137 -0.06863 -2.53644 -0.994532 0.0246694 -0.101473 92.2874 
-0.101984 0.0750194 0.991953 47.292 0.0294601 0.996943 -0.0723679 -2.61746 -0.99435 0.0218427 -0.103882 92.1842 
-0.10419 0.0791585 0.991402 48.3402 0.02611 0.996702 -0.0768377 -2.70173 -0.994215 0.0178798 -0.105913 92.0796 
-0.106801 0.08152 0.990933 49.3919 0.0238908 0.996556 -0.0794077 -2.78826 -0.993993 0.0151934 -0.108381 91.971 
-0.109591 0.0800401 0.990749 50.4508 0.0219364 0.996705 -0.0780948 -2.8762 -0.993735 0.013175 -0.110986 91.8588 
-0.112545 0.0758132 0.99075 51.5149 0.0188998 0.997068 -0.0741497 -2.96423 -0.993467 0.0103797 -0.113648 91.7455 
-0.114912 0.0742261 0.990599 52.5797 0.0191215 0.997185 -0.0725015 -3.04971 -0.993192 0.0106104 -0.116007 91.6255 
-0.116786 0.0746086 0.990351 53.64 0.0184383 0.997165 -0.0729477 -3.135 -0.992986 0.0097411 -0.117831 91.5028 
-0.118037 0.0774399 0.989985 54.6997 0.0198876 0.996939 -0.0756126 -3.21953 -0.99281 0.0107633 -0.119216 91.3779 
-0.118783 0.0802277 0.989674 55.7612 0.0203231 0.996718 -0.0783595 -3.30585 -0.992712 0.0108054 -0.120024 91.2538 
-0.119137 0.0809107 0.989576 56.8224 0.0190281 0.996677 -0.0792005 -3.39473 -0.992695 0.00939401 -0.120281 91.1303 
-0.118953 0.0796869 0.989697 57.8911 0.0160132 0.996799 -0.0783341 -3.48431 -0.992771 0.00653015 -0.119848 91.0044 
-0.119052 0.0789996 0.98974 58.9562 0.0121245 0.996871 -0.0781104 -3.57547 -0.992814 0.00270086 -0.119638 90.8847 
-0.119137 0.0801161 0.98964 60.0235 0.00826791 0.996785 -0.0796992 -3.66664 -0.992843 -0.00131285 -0.119416 90.766 
-0.119423 0.0802951 0.989591 61.0943 0.0040281 0.996755 -0.0803903 -3.75739 -0.992835 -0.00561428 -0.119359 90.6469 
-0.119775 0.0797615 0.989592 62.1703 0.000608559 0.996773 -0.0802667 -3.84992 -0.992801 -0.00901171 -0.119437 90.5275 
-0.120076 0.0746727 0.989952 63.2548 0.000926498 0.997175 -0.0751051 -3.93861 -0.992764 -0.00810117 -0.119806 90.4012 
-0.120398 0.066064 0.990525 64.3464 0.00404493 0.997808 -0.066058 -4.02284 -0.992717 -0.00394664 -0.120401 90.2702 
-0.120191 0.0607326 0.990891 65.4384 0.0094845 0.998152 -0.0600272 -4.10255 -0.992705 0.00218339 -0.120545 90.1343 
-0.119332 0.0631892 0.990842 66.5257 0.0178102 0.997948 -0.0614975 -4.17489 -0.992695 0.0103085 -0.120212 89.9927 
-0.118163 0.0689107 0.9906 67.6135 0.0233031 0.997507 -0.0666114 -4.24715 -0.992721 0.0152131 -0.119474 89.8557 
-0.117249 0.0746484 0.990293 68.7057 0.026907 0.997044 -0.0719715 -4.32672 -0.992738 0.0182072 -0.118911 89.7224 
-0.116493 0.0790813 0.990038 69.8043 0.0276465 0.996697 -0.0763601 -4.41292 -0.992807 0.0184756 -0.118295 89.5915 
-0.116341 0.0762531 0.990278 70.9158 0.0246468 0.996963 -0.0738723 -4.49875 -0.992903 0.0158128 -0.117867 89.465 
-0.116019 0.0716951 0.990656 72.0315 0.0238147 0.997306 -0.0693873 -4.58664 -0.992961 0.0155419 -0.117414 89.3362 
-0.115841 0.0696881 0.99082 73.1501 0.0213875 0.997479 -0.067656 -4.6697 -0.993038 0.0133539 -0.117039 89.21 
-0.11565 0.0704126 0.990791 74.2679 0.0195333 0.997453 -0.068606 -4.75108 -0.993098 0.0114191 -0.116731 89.0847 
-0.11537 0.0756834 0.990435 75.3864 0.020564 0.997061 -0.0737943 -4.83562 -0.99311 0.0118536 -0.116588 88.9554 
-0.114724 0.0783468 0.990303 76.5087 0.0201977 0.996863 -0.0765259 -4.92247 -0.993192 0.0112225 -0.115947 88.8263 
-0.114318 0.07733 0.99043 77.6418 0.0203587 0.996939 -0.0754884 -5.01195 -0.993236 0.0115341 -0.115543 88.697 
-0.113678 0.0705564 0.991009 78.7826 0.02204 0.997409 -0.0684838 -5.1032 -0.993273 0.0140568 -0.114938 88.5641 
-0.113982 0.0690236 0.991082 79.9227 0.0213778 0.997523 -0.0670136 -5.18827 -0.993253 0.0135488 -0.115175 88.4361 
-0.113723 0.0721492 0.990889 81.0604 0.0189688 0.997336 -0.0704415 -5.27129 -0.993331 0.0107851 -0.114789 88.3123 
-0.113395 0.0753151 0.990691 82.2048 0.0183936 0.997111 -0.0736978 -5.35595 -0.99338 0.00986535 -0.114453 88.1847 
-0.113457 0.074796 0.990724 83.3573 0.0175376 0.997158 -0.0732734 -5.44581 -0.993388 0.00906155 -0.114446 88.0593 
-0.11316 0.0712964 0.991015 84.5196 0.0171608 0.997414 -0.0697972 -5.53632 -0.993429 0.0091084 -0.114091 87.9299 
-0.112352 0.0701458 0.991189 85.6833 0.0178583 0.997487 -0.0685672 -5.62649 -0.993508 0.00999734 -0.113322 87.8006 
-0.111142 0.0706362 0.991291 86.852 0.0194322 0.997435 -0.0688952 -5.71349 -0.993614 0.0116058 -0.11223 87.6697 
-0.110033 0.0709252 0.991394 88.0263 0.0219809 0.99738 -0.0689138 -5.80002 -0.993685 0.014209 -0.111304 87.5378 
-0.108929 0.0703418 0.991558 89.2058 0.0217029 0.997424 -0.0683737 -5.88863 -0.993813 0.0140718 -0.110175 87.4103 
-0.107569 0.0710954 0.991652 90.3887 0.0229401 0.997352 -0.0690156 -5.97589 -0.993933 0.0153247 -0.108915 87.2845 
-0.106376 0.0693425 0.991905 91.5805 0.0231299 0.997468 -0.0672508 -6.06411 -0.994057 0.0157888 -0.107711 87.1595 
-0.105318 0.0685255 0.992075 92.7748 0.0215912 0.997545 -0.0666113 -6.15195 -0.994204 0.0144047 -0.106539 87.0391 
-0.103918 0.06783 0.99227 93.9751 0.0227924 0.997572 -0.0658054 -6.23674 -0.994325 0.0157779 -0.105211 86.9155 
-0.102355 0.0685992 0.99238 95.1761 0.0210406 0.997545 -0.0667862 -6.32525 -0.994525 0.0140443 -0.103547 86.7973 
-0.100793 0.0713001 0.992349 96.3858 0.0215824 0.997351 -0.0694674 -6.41295 -0.994673 0.0144154 -0.102064 86.6783 
-0.0997217 0.0702002 0.992536 97.6055 0.019584 0.997453 -0.0685803 -6.5015 -0.994823 0.0125989 -0.100843 86.5612 
-0.0992593 0.0688544 0.992677 98.8262 0.0160739 0.997584 -0.0675876 -6.59432 -0.994932 0.00924753 -0.100126 86.4482 
-0.0991765 0.0699357 0.992609 100.046 0.0134104 0.99753 -0.0689425 -6.68302 -0.994979 0.0064738 -0.0998695 86.3345 
-0.0995607 0.0693406 0.992612 101.277 0.0107211 0.997586 -0.0686127 -6.77298 -0.994974 0.00381077 -0.100064 86.2196 
-0.100704 0.0667163 0.992677 102.516 0.00811917 0.997771 -0.066235 -6.86568 -0.994883 0.00138958 -0.101021 86.1045 
-0.102016 0.0652241 0.992642 103.756 0.0059885 0.99787 -0.0649522 -6.95682 -0.994765 -0.000681749 -0.10219 85.9861 
-0.103362 0.0644636 0.992553 104.996 0.00411686 0.997917 -0.0643833 -7.04671 -0.994635 -0.00256862 -0.103413 85.8647 
-0.105014 0.0646512 0.992367 106.237 0.00415856 0.997904 -0.0645719 -7.13677 -0.994462 -0.00265412 -0.105063 85.7391 
-0.10732 0.0633662 0.992203 107.485 0.00371033 0.997985 -0.0633341 -7.22452 -0.994218 -0.0031156 -0.107339 85.6097 
-0.11041 0.0585379 0.992161 108.732 0.00100031 0.99827 -0.0587871 -7.31249 -0.993886 -0.00549821 -0.110278 85.4798 
-0.114626 0.0585224 0.991683 109.971 0.000483262 0.998266 -0.058855 -7.39877 -0.993409 -0.00626707 -0.114456 85.345 
-0.120276 0.0643143 0.990655 111.2 -0.00467499 0.997852 -0.0653491 -7.48539 -0.992729 -0.0124912 -0.119717 85.2128 
-0.127489 0.0674402 0.989544 112.429 -0.00387989 0.997644 -0.0684921 -7.5747 -0.991832 -0.0125713 -0.126927 85.0637 
-0.136515 0.063372 0.988609 113.659 -0.00208723 0.997931 -0.0642578 -7.66833 -0.990636 -0.0108356 -0.136101 84.8996 
-0.147475 0.0610952 0.987177 114.891 -9.35241e-05 0.99809 -0.0617846 -7.76208 -0.989066 -0.00920401 -0.147188 84.7229 
-0.160399 0.0620795 0.985098 116.111 0.000206599 0.998022 -0.0628603 -7.85004 -0.987052 -0.00987919 -0.160094 84.5344 
-0.174661 0.0623232 0.982654 117.317 0.00217802 0.998017 -0.0629104 -7.93629 -0.984626 -0.00884777 -0.174451 84.3305 
-0.189114 0.060045 0.980118 118.513 0.00272669 0.998157 -0.060624 -8.02479 -0.981951 -0.00879235 -0.188929 84.108 
-0.204388 0.0626588 0.976883 119.7 0.00700952 0.998017 -0.0625479 -8.11205 -0.978865 -0.00593656 -0.204422 83.8621 
-0.219484 0.0658188 0.973393 120.872 0.007502 0.997806 -0.065778 -8.20139 -0.975587 -0.00713481 -0.219496 83.6059 
-0.234712 0.069692 0.969563 122.032 0.00742055 0.997526 -0.0699055 -8.29152 -0.972037 -0.00921297 -0.234648 83.3337 
-0.250788 0.0675459 0.965683 123.191 0.00389869 0.997625 -0.0687677 -8.38393 -0.968034 -0.0134812 -0.250456 83.0492 
-0.266852 0.061823 0.961753 124.347 -0.0017571 0.997907 -0.0646347 -8.47561 -0.963736 -0.0189378 -0.266185 82.7476 
-0.282501 0.0578014 0.957524 125.496 -0.00568596 0.998065 -0.0619262 -8.56354 -0.95925 -0.0229387 -0.281626 82.4266 
-0.297757 0.0592353 0.952802 126.638 -0.00754815 0.997896 -0.0643976 -8.64909 -0.954612 -0.0263668 -0.296684 82.0868 
-0.312205 0.0611254 0.948046 127.768 -0.00783762 0.997728 -0.0669097 -8.73581 -0.949982 -0.02832 -0.311017 81.7282 
-0.326164 0.0633459 0.943188 128.892 -0.00621132 0.997587 -0.0691473 -8.82708 -0.945293 -0.0284118 -0.324984 81.3502 
-0.340168 0.0631801 0.93824 130.009 -0.00413128 0.99763 -0.0686773 -8.91968 -0.940356 -0.0272379 -0.339101 80.9525 
-0.354288 0.061118 0.933137 131.121 -0.00444194 0.997741 -0.0670359 -9.01274 -0.935126 -0.0278949 -0.353216 80.5415 
-0.368763 0.0597015 0.927604 132.226 -0.00480921 0.997799 -0.0661312 -9.10474 -0.929511 -0.0288478 -0.367664 80.1129 
-0.383583 0.0610019 0.92149 133.322 -0.00627738 0.997621 -0.0686548 -9.196 -0.923485 -0.0321193 -0.382287 79.672 
-0.398443 0.0631315 0.915018 134.408 -0.00541133 0.997449 -0.0711752 -9.28678 -0.917177 -0.0333107 -0.397085 79.2104 
-0.413136 0.0647804 0.908362 135.488 -0.00428821 0.997317 -0.0730746 -9.38098 -0.910659 -0.034085 -0.41175 78.7296 
-0.427561 0.0673268 0.901476 136.562 -0.00153955 0.997167 -0.0752037 -9.47843 -0.903985 -0.033542 -0.426246 78.2267 
-0.442405 0.0707267 0.894022 137.633 -0.00174451 0.996816 -0.079722 -9.57816 -0.896814 -0.0368291 -0.440873 77.7089 
-0.457469 0.0730336 0.886221 138.703 -0.000677205 0.996593 -0.0824789 -9.67943 -0.889225 -0.0383317 -0.455861 77.1686 
-0.472843 0.0703674 0.878332 139.775 -0.00200037 0.996718 -0.0809287 -9.78268 -0.881144 -0.0400236 -0.471151 76.6064 
-0.488861 0.0658787 0.86987 140.846 -0.00488369 0.996922 -0.0782455 -9.88764 -0.872348 -0.0424994 -0.487035 76.0248 
-0.50499 0.0659843 0.860599 141.905 -0.00535958 0.996815 -0.0795732 -9.98994 -0.863109 -0.0447961 -0.503027 75.4221 
-0.52099 0.0650507 0.85108 142.958 -0.00673369 0.996747 -0.0803065 -10.0915 -0.853536 -0.0475698 -0.518857 74.7967 
-0.536892 0.0639112 0.841227 144.002 -0.00734834 0.996734 -0.0804156 -10.1971 -0.843619 -0.0493561 -0.534669 74.1493 
-0.552561 0.063352 0.831062 145.037 -0.00867788 0.996616 -0.081742 -10.3051 -0.833428 -0.0523793 -0.550141 73.4805 
-0.567995 0.0626059 0.820647 146.065 -0.0091196 0.996563 -0.0823381 -10.4135 -0.822982 -0.0542516 -0.565472 72.7883 
-0.583264 0.0597945 0.810079 147.083 -0.00970759 0.996703 -0.0805593 -10.522 -0.812225 -0.0548513 -0.58076 72.0721 
-0.598296 0.0562414 0.799299 148.094 -0.00964978 0.996956 -0.0773723 -10.6297 -0.801217 -0.0540046 -0.595932 71.3316 
-0.613183 0.0545815 0.788053 149.094 -0.00876946 0.997078 -0.0758824 -10.7348 -0.789892 -0.0534406 -0.610913 70.5691 
-0.627945 0.0527236 0.776469 150.081 -0.00980569 0.997087 -0.075634 -10.8386 -0.778196 -0.0551079 -0.625599 69.7883 
-0.642735 0.0536928 0.764204 151.054 -0.0111759 0.996778 -0.0794328 -10.9466 -0.766007 -0.0595949 -0.640064 68.9896 
-0.658079 0.0530304 0.751079 152.019 -0.0133536 0.996538 -0.0820613 -11.0546 -0.752831 -0.0640324 -0.655092 68.1707 
-0.673885 0.0497179 0.737162 152.974 -0.0152358 0.996586 -0.0811427 -11.1669 -0.73868 -0.0659121 -0.670826 67.326 
-0.690137 0.042011 0.722458 153.92 -0.0189423 0.996923 -0.076066 -11.2793 -0.723431 -0.066181 -0.687217 66.4564 
-0.706938 0.0395028 0.706172 154.842 -0.0197902 0.996943 -0.0755801 -11.3893 -0.706999 -0.0674057 -0.703995 65.563 
-0.724378 0.0367799 0.688421 155.749 -0.0215893 0.996876 -0.0759764 -11.4934 -0.689065 -0.0698981 -0.721321 64.6421 
-0.741795 0.0329822 0.669815 156.636 -0.024682 0.99677 -0.0764161 -11.6031 -0.670172 -0.0732174 -0.738586 63.7004 
-0.758557 0.0309648 0.650871 157.503 -0.0244328 0.996816 -0.0758981 -11.7095 -0.651149 -0.0734757 -0.755385 62.7274 
-0.774542 0.0329526 0.631663 158.327 -0.0222387 0.996606 -0.07926 -11.8234 -0.632131 -0.0754377 -0.771181 61.7448 
-0.789733 0.0323376 0.612597 159.141 -0.0190279 0.996838 -0.0771507 -11.932 -0.613155 -0.0725849 -0.786621 60.7221 
-0.804286 0.0336946 0.593287 159.919 -0.0148904 0.996935 -0.0768051 -12.047 -0.594056 -0.0706075 -0.801319 59.6855 
-0.818702 0.0346874 0.57317 160.675 -0.0133422 0.996755 -0.0793799 -12.1585 -0.574063 -0.0726358 -0.815583 58.6322 
-0.832531 0.0362772 0.552789 161.404 -0.0123184 0.996395 -0.0839413 -12.2731 -0.553841 -0.0766932 -0.829083 57.5662 
-0.845483 0.0368206 0.532732 162.109 -0.00949291 0.996426 -0.0839355 -12.3896 -0.533918 -0.0760232 -0.842112 56.4776 
-0.857264 0.0348155 0.513699 162.789 -0.00833471 0.996642 -0.0814555 -12.5089 -0.51481 -0.0741104 -0.854095 55.3721 
-0.867771 0.0364157 0.495629 163.442 -0.00564891 0.996524 -0.0831087 -12.6272 -0.496933 -0.074919 -0.864549 54.255 
-0.877328 0.0392091 0.478286 164.068 -0.00287132 0.99621 -0.0869346 -12.7426 -0.479882 -0.0776434 -0.87389 53.1298 
-0.886416 0.0369753 0.46141 164.68 -0.00447174 0.996074 -0.0884116 -12.8655 -0.462867 -0.0804328 -0.882771 51.9941 
-0.89466 0.0341115 0.445443 165.271 -0.00567787 0.996132 -0.0876865 -12.9899 -0.446711 -0.0809788 -0.891006 50.8435 
-0.901948 0.0319939 0.430658 165.842 -0.00665838 0.996103 -0.0879461 -13.1163 -0.431794 -0.0821903 -0.89822 49.6862 
-0.908619 0.0299583 0.416551 166.395 -0.00719396 0.996153 -0.0873353 -13.2417 -0.417565 -0.0823511 -0.904908 48.5192 
-0.914866 0.0273561 0.40283 166.93 -0.00833578 0.99621 -0.086584 -13.3661 -0.403671 -0.0825706 -0.91117 47.3427 
-0.920582 0.0222897 0.389913 167.452 -0.0109334 0.996508 -0.08278 -13.4886 -0.390396 -0.0804688 -0.917123 46.1567 
-0.925701 0.0188951 0.377783 167.955 -0.0120951 0.996762 -0.0794909 -13.6075 -0.378062 -0.0781542 -0.922475 44.9642 
-0.930018 0.019099 0.367018 168.437 -0.00957142 0.997051 -0.0761386 -13.7208 -0.36739 -0.0743231 -0.927092 43.7638 
-0.933212 0.0232433 0.358573 168.901 -0.00513389 0.996941 -0.0779846 -13.8312 -0.359289 -0.0746171 -0.930238 42.565 
-0.93544 0.0283959 0.352343 169.352 0.000305134 0.996833 -0.0795262 -13.9414 -0.353486 -0.0742845 -0.932486 41.3658 
-0.937283 0.0317747 0.347117 169.797 0.00345302 0.996634 -0.0819068 -14.0535 -0.348551 -0.0755713 -0.934238 40.1646 
-0.939111 0.0289469 0.342392 170.245 0.0012711 0.996731 -0.0807803 -14.1671 -0.343611 -0.0754265 -0.936078 38.9622 
-0.940961 0.0216405 0.337822 170.693 -0.00473804 0.997015 -0.077065 -14.2799 -0.338481 -0.0741158 -0.93805 37.756 
-0.94279 0.0154351 0.333029 171.137 -0.0102505 0.997113 -0.0752323 -14.3891 -0.333229 -0.074342 -0.93991 36.5493 
-0.944436 0.00901504 0.328571 171.575 -0.0171457 0.996912 -0.0766357 -14.4954 -0.328247 -0.0780112 -0.941365 35.3462 
-0.945689 0.00662155 0.325005 172.004 -0.0202802 0.996643 -0.0793158 -14.604 -0.324439 -0.0815993 -0.94238 34.1406 
-0.946418 0.00700786 0.322868 172.425 -0.0204877 0.996448 -0.0816833 -14.7163 -0.322293 -0.0839213 -0.942913 32.9335 
-0.946672 0.0076677 0.322106 172.842 -0.0203679 0.996293 -0.0835782 -14.8311 -0.321553 -0.0856818 -0.943007 31.7282 
-0.946551 0.0104952 0.322383 173.256 -0.0179878 0.996198 -0.0852454 -14.9487 -0.322052 -0.086488 -0.942763 30.5209 
-0.946148 0.0114547 0.323531 173.674 -0.0175909 0.996078 -0.0867099 -15.0681 -0.323255 -0.0877316 -0.942236 29.317 
-0.945661 0.0125443 0.324913 174.094 -0.017184 0.995931 -0.0884652 -15.1897 -0.324701 -0.0892414 -0.941597 28.1125 
-0.94499 0.013976 0.326801 174.515 -0.0157273 0.99599 -0.0880724 -15.3118 -0.326722 -0.0883672 -0.94098 26.9104 
-0.944119 0.0135419 0.329328 174.94 -0.0164999 0.995961 -0.0882559 -15.4353 -0.329193 -0.0887579 -0.940082 25.7149 
-0.942835 0.0123987 0.333029 175.369 -0.0180629 0.995938 -0.0882164 -15.5569 -0.33277 -0.089189 -0.938781 24.5262 
-0.941178 0.0109941 0.337733 175.803 -0.0191919 0.996118 -0.0859095 -15.6769 -0.337366 -0.0873378 -0.937313 23.3405 
-0.939117 0.00883261 0.343484 176.245 -0.0209647 0.996334 -0.08294 -15.7956 -0.342957 -0.0850914 -0.935489 22.1603 
-0.936575 0.00654567 0.350407 176.692 -0.0229546 0.996533 -0.0799689 -15.9093 -0.349715 -0.0829403 -0.933177 20.9875 
-0.933811 0.00895006 0.357654 177.141 -0.0209783 0.996597 -0.0797124 -16.0218 -0.35715 -0.0819393 -0.930446 19.8212 
-0.930512 0.00940101 0.36614 177.601 -0.021263 0.996598 -0.0796265 -16.1316 -0.365643 -0.0818786 -0.927147 18.6629 
-0.926701 0.0126875 0.375585 178.069 -0.0195811 0.996442 -0.0819738 -16.2423 -0.375289 -0.0833196 -0.923156 17.5117 
-0.922459 0.0140035 0.38584 178.551 -0.0186972 0.996549 -0.0808693 -16.3516 -0.385641 -0.0818127 -0.919015 16.3645 
-0.917468 0.0159906 0.397488 179.05 -0.018187 0.996461 -0.0820654 -16.4644 -0.397394 -0.0825215 -0.91393 15.2242 
-0.911663 0.0181671 0.410538 179.562 -0.0175132 0.996397 -0.0829834 -16.5768 -0.410566 -0.0828427 -0.90806 14.0891 
-0.905543 0.0206453 0.423751 180.093 -0.0160644 0.99643 -0.0828756 -16.6896 -0.42395 -0.0818548 -0.901979 12.9574 
-0.899266 0.0199865 0.436946 180.644 -0.0166759 0.996663 -0.079909 -16.8036 -0.437085 -0.0791459 -0.895931 11.8341 
-0.892694 0.0229232 0.450079 181.208 -0.0147779 0.996679 -0.0800732 -16.9164 -0.45042 -0.0781321 -0.889391 10.7204 
-0.885811 0.0252792 0.463357 181.784 -0.0128261 0.9968 -0.078902 -17.0261 -0.463869 -0.0758354 -0.882652 9.61939 
-0.878393 0.0271381 0.477168 182.376 -0.010736 0.997014 -0.0764669 -17.1361 -0.477818 -0.0722909 -0.875479 8.52694 
-0.870566 0.0292249 0.491183 182.982 -0.00786993 0.99728 -0.0732858 -17.2445 -0.491989 -0.0676657 -0.867968 7.44815 
-0.862387 0.0321494 0.505228 183.601 -0.00470583 0.997429 -0.0715024 -17.3492 -0.506228 -0.0640402 -0.860019 6.38626 
-0.853209 0.0356796 0.520347 184.237 -0.000987674 0.997545 -0.0700199 -17.4502 -0.521568 -0.0602556 -0.851079 5.33869 
-0.84281 0.0384903 0.536833 184.889 0.0018473 0.997641 -0.0686295 -17.55 -0.538208 -0.0568499 -0.840892 4.30743 
-0.831768 0.0416632 0.553558 185.56 0.00502894 0.997704 -0.0675351 -17.6462 -0.555101 -0.0533898 -0.830068 3.28905 
-0.82039 0.0434831 0.570149 186.249 0.00644654 0.997744 -0.0668182 -17.742 -0.571768 -0.0511415 -0.81882 2.28847 
-0.808502 0.0455308 0.58673 186.954 0.00791073 0.997753 -0.0665259 -17.8367 -0.58844 -0.0491448 -0.807046 1.3103 
-0.79554 0.0479389 0.604001 187.688 0.00982847 0.997755 -0.0662455 -17.9291 -0.605821 -0.0467645 -0.794225 0.332642 
-0.781765 0.0490026 0.621645 188.435 0.0116048 0.997878 -0.0640662 -18.0175 -0.623465 -0.0428706 -0.780675 -0.616341 
-0.766475 0.0505716 0.640281 189.204 0.0137768 0.99796 -0.0623304 -18.1094 -0.642127 -0.0389537 -0.765608 -1.54869 
-0.749928 0.0533498 0.659364 189.989 0.0154902 0.997886 -0.063122 -18.2001 -0.661338 -0.0371233 -0.749169 -2.45908 
-0.732531 0.05633 0.678399 190.781 0.0164 0.997742 -0.0651376 -18.2897 -0.680536 -0.0365895 -0.7318 -3.32642 
-0.714528 0.0570551 0.697277 191.595 0.0160173 0.997742 -0.0652272 -18.3808 -0.699424 -0.0354381 -0.713828 -4.17086 
-0.695438 0.0572038 0.716305 192.43 0.0154789 0.997788 -0.0646549 -18.4717 -0.718419 -0.0338759 -0.694785 -4.9844 
-0.675344 0.0565883 0.735329 193.284 0.013873 0.99785 -0.0640498 -18.5625 -0.737372 -0.0330544 -0.674677 -5.77364 
-0.654925 0.0569704 0.753543 194.158 0.0119973 0.997812 -0.0650107 -18.6513 -0.755599 -0.0335366 -0.654176 -6.53396 
-0.634203 0.0565271 0.771097 195.053 0.00955678 0.997821 -0.0652874 -18.7391 -0.773107 -0.0340363 -0.633362 -7.26915 
-0.612859 0.0564799 0.788171 195.967 0.00856413 0.997858 -0.0648468 -18.8272 -0.790146 -0.0329919 -0.61203 -7.98082 
-0.590274 0.0562736 0.805239 196.9 0.00849026 0.997945 -0.0635169 -18.9138 -0.807158 -0.0306557 -0.589538 -8.6666 
-0.566301 0.0568609 0.822235 197.85 0.00829134 0.99796 -0.0633025 -19.0005 -0.824157 -0.0290309 -0.565617 -9.32406 
-0.540788 0.0599668 0.839019 198.817 0.0103089 0.997853 -0.0646745 -19.0855 -0.841096 -0.0263259 -0.540245 -9.9549 
-0.514152 0.0605813 0.855557 199.805 0.0101058 0.997861 -0.0645846 -19.1695 -0.857639 -0.0245603 -0.513665 -10.5541 
-0.486832 0.0594298 0.871472 200.814 0.00876691 0.997965 -0.0631585 -19.2554 -0.873452 -0.0231075 -0.486362 -11.122 
-0.458722 0.057477 0.886719 201.84 0.00768571 0.998125 -0.0607223 -19.3383 -0.888546 -0.0210396 -0.458304 -11.6571 
-0.42877 0.0584708 0.901519 202.885 0.00847265 0.99812 -0.0607064 -19.4258 -0.903374 -0.0183909 -0.428459 -12.1653 
-0.397751 0.0612501 0.915447 203.942 0.00856904 0.997974 -0.0630487 -19.4978 -0.917453 -0.0172332 -0.39747 -12.6282 
-0.366134 0.0627878 0.928442 205.012 0.0100037 0.997929 -0.063542 -19.5814 -0.930508 -0.013977 -0.366004 -13.0536 
-0.333877 0.0630768 0.940504 206.114 0.012049 0.997963 -0.062653 -19.6693 -0.94254 -0.00958629 -0.333957 -13.4595 
-0.301127 0.0629935 0.951501 207.219 0.0119006 0.997986 -0.0623048 -19.7501 -0.95351 -0.00743825 -0.30127 -13.8167 
-0.267349 0.0618946 0.96161 208.338 0.0132218 0.998077 -0.0605659 -19.8298 -0.963509 -0.00347804 -0.267653 -14.1379 
-0.232884 0.0599362 0.970656 209.467 0.0130053 0.998202 -0.0585168 -19.9107 -0.972418 -0.00100398 -0.233244 -14.4176 
-0.198017 0.0586885 0.97844 210.603 0.0139289 0.998274 -0.0570593 -19.9905 -0.9801 0.00232993 -0.198492 -14.6574 
-0.162688 0.0582638 0.984956 211.746 0.014725 0.998287 -0.0566202 -20.0688 -0.986568 0.00529205 -0.163267 -14.857 
-0.127132 0.0577299 0.990204 212.892 0.015085 0.998302 -0.0562652 -20.1444 -0.991771 0.00778416 -0.127787 -15.0141 
-0.0913998 0.0576965 0.994141 214.039 0.0155286 0.998281 -0.0565091 -20.2196 -0.995693 0.0102727 -0.0921387 -15.1295 
-0.0560842 0.0581001 0.996734 215.188 0.0142649 0.99825 -0.0573858 -20.2973 -0.998324 0.0109999 -0.0568148 -15.2005 
-0.0215978 0.0576058 0.998106 216.341 0.0135797 0.998263 -0.0573211 -20.3721 -0.999675 0.012316 -0.0223426 -15.2317 
0.0120566 0.0567206 0.998317 217.496 0.0121755 0.998308 -0.0568671 -20.4493 -0.999853 0.0128406 0.0113456 -15.2225 
0.0451925 0.0571225 0.997344 218.649 0.0110024 0.998275 -0.0576743 -20.5256 -0.998918 0.0135796 0.0444861 -15.1759 
0.0779449 0.056933 0.995331 219.8 0.0117624 0.998246 -0.0580209 -20.6002 -0.996888 0.0162299 0.0771386 -15.0923 
0.109933 0.0547316 0.992431 220.952 0.0128059 0.998322 -0.0564751 -20.6756 -0.993856 0.0189174 0.109048 -14.9717 
0.14115 0.0534981 0.988542 222.099 0.014002 0.998331 -0.0560271 -20.752 -0.989889 0.0217497 0.140165 -14.816 
0.171363 0.053402 0.98376 223.24 0.0151638 0.998269 -0.056831 -20.8269 -0.985091 0.0246563 0.170256 -14.6245 
0.201384 0.0529311 0.978081 224.375 0.0169948 0.9982 -0.0575191 -20.9025 -0.979365 0.0282057 0.200122 -14.3986 
0.231568 0.0519147 0.971432 225.506 0.0193866 0.99813 -0.0579628 -20.9795 -0.972626 0.0322551 0.230129 -14.1382 
0.261691 0.0500833 0.963851 226.635 0.0218533 0.998089 -0.0577956 -21.0569 -0.964904 0.0361879 0.260097 -13.8424 
0.29166 0.048563 0.955288 227.758 0.0238509 0.998031 -0.0580178 -21.1353 -0.956224 0.0397059 0.289928 -13.5103 
0.321306 0.0477437 0.945771 228.873 0.026644 0.997877 -0.0594258 -21.2145 -0.9466 0.044293 0.319352 -13.1446 
0.349994 0.0468001 0.935582 229.977 0.0274574 0.99781 -0.0601845 -21.2936 -0.93635 0.0467529 0.347942 -12.7426 
0.378102 0.0448374 0.924678 231.071 0.0281533 0.997808 -0.0598954 -21.3743 -0.925336 0.0486792 0.376011 -12.3042 
0.406195 0.0436847 0.912741 232.154 0.028172 0.997783 -0.0602922 -21.4559 -0.913352 0.0502042 0.404064 -11.832 
0.43452 0.0445501 0.89956 233.219 0.0293831 0.997543 -0.0635957 -21.5397 -0.900183 0.0540655 0.432143 -11.3278 
0.462535 0.0453365 0.885441 234.272 0.030833 0.997265 -0.0671686 -21.625 -0.886065 0.0583686 0.459872 -10.7913 
0.489761 0.0434921 0.870772 235.311 0.0319327 0.99719 -0.0677666 -21.714 -0.871272 0.0609955 0.486995 -10.2183 
0.516254 0.0406941 0.855468 236.34 0.0326506 0.997209 -0.0671405 -21.8062 -0.855813 0.0625931 0.513485 -9.60926 
0.541413 0.0383239 0.839883 237.35 0.0321343 0.997287 -0.066221 -21.8991 -0.840143 0.0628419 0.538712 -8.96823 
0.564485 0.0382788 0.824555 238.34 0.0305867 0.997268 -0.0672363 -21.9912 -0.824876 0.0631743 0.561772 -8.29896 
0.585362 0.0379969 0.809881 239.314 0.0292786 0.997259 -0.0679499 -22.0816 -0.810243 0.0634875 0.582645 -7.6014 
0.604875 0.0364724 0.795485 240.275 0.0284776 0.997321 -0.0673804 -22.1727 -0.795811 0.0634102 0.602216 -6.87794 
0.623158 0.0337802 0.781366 241.22 0.0281735 0.997449 -0.0655909 -22.2633 -0.781588 0.0628873 0.620616 -6.13022 
0.640195 0.0304536 0.767608 242.152 0.0293038 0.997519 -0.0640146 -22.353 -0.767653 0.0634757 0.637714 -5.36048 
0.65628 0.0278101 0.754005 243.07 0.0301147 0.997559 -0.0630047 -22.4404 -0.753917 0.0640553 0.65384 -4.56926 
0.671618 0.0255275 0.740458 243.973 0.0316918 0.997502 -0.0631346 -22.5271 -0.740219 0.0658688 0.669131 -3.75753 
0.686777 0.0249789 0.726439 244.862 0.0312383 0.997472 -0.0638313 -22.6135 -0.726197 0.0665306 0.68426 -2.92323 
0.701736 0.0234163 0.712053 245.735 0.0318219 0.997432 -0.064162 -22.6999 -0.711726 0.0676836 0.699188 -2.07021 
0.716287 0.0209522 0.697491 246.593 0.0313095 0.997577 -0.0621199 -22.7858 -0.697103 0.0663338 0.713896 -1.19296 
0.730566 0.0178907 0.682607 247.437 0.0319081 0.99767 -0.0602982 -22.8729 -0.682096 0.0658326 0.728293 -0.297992 
0.744568 0.0160122 0.667355 248.264 0.0321876 0.997688 -0.0598497 -22.9572 -0.66677 0.0660427 0.742331 0.616841 
0.757999 0.015379 0.652075 249.076 0.0330871 0.997528 -0.0619882 -23.0414 -0.651416 0.0685623 0.755616 1.54974 
0.770386 0.0143939 0.637415 249.871 0.0334409 0.997457 -0.0629412 -23.1258 -0.6367 0.0698048 0.767945 2.50331 
0.781965 0.0135829 0.623174 250.649 0.0327991 0.997481 -0.0628981 -23.213 -0.622458 0.0696237 0.77955 3.47566 
0.792905 0.0108043 0.609249 251.414 0.0332321 0.997588 -0.0609409 -23.2995 -0.608438 0.068567 0.790634 4.46594 
0.803431 0.00807397 0.595343 252.165 0.0346156 0.997583 -0.0602438 -23.3868 -0.594391 0.0690099 0.80121 5.47237 
0.813294 0.00739166 0.581806 252.898 0.0345316 0.997544 -0.0609446 -23.4726 -0.580827 0.0696566 0.811041 6.49553 
0.822301 0.00443076 0.569035 253.623 0.0384455 0.997252 -0.0633218 -23.5587 -0.567752 0.0739465 0.819872 7.53197 
0.830745 0.00204115 0.556649 254.335 0.0394848 0.997258 -0.062584 -23.645 -0.555251 0.0739705 0.828387 8.58692 
0.838453 -0.00135264 0.544973 255.038 0.0420809 0.997172 -0.0622674 -23.7338 -0.543347 0.0751412 0.836139 9.6571 
0.845372 -0.00302634 0.53417 255.728 0.0432119 0.997094 -0.0627376 -23.8195 -0.532428 0.0761191 0.843046 10.7413 
0.85082 -0.00451838 0.525438 256.408 0.0437577 0.997099 -0.0622807 -23.9075 -0.523632 0.0759816 0.84855 11.8414 
0.854778 -0.00559485 0.518964 257.082 0.0433068 0.997224 -0.060579 -23.9965 -0.517185 0.0742562 0.852647 12.9525 
0.857665 -0.00679421 0.514165 257.754 0.0434872 0.997289 -0.0593615 -24.0839 -0.512367 0.0732718 0.855635 14.0753 
0.860314 -0.00782201 0.509704 258.422 0.044044 0.997284 -0.059036 -24.1723 -0.507858 0.0732389 0.858322 15.202 
0.862751 -0.00911753 0.505547 259.087 0.0448615 0.997275 -0.0585733 -24.2566 -0.503636 0.0732138 0.860808 16.3376 
0.86492 -0.0113275 0.501782 259.751 0.0458771 0.997344 -0.0565635 -24.3419 -0.499809 0.0719432 0.863143 17.4806 
0.867057 -0.013211 0.498033 260.415 0.0473279 0.997312 -0.0559411 -24.4267 -0.495955 0.072075 0.865352 18.6318 
0.869297 -0.014487 0.494079 261.072 0.0486225 0.997229 -0.0563079 -24.5099 -0.491894 0.0729716 0.867592 19.7859 
0.87146 -0.0156085 0.490219 261.726 0.049284 0.997221 -0.0558605 -24.5933 -0.487985 0.0728402 0.869807 20.9482 
0.873545 -0.0154414 0.486499 262.372 0.048672 0.997258 -0.0557413 -24.6782 -0.484304 0.0723714 0.871901 22.117 
0.875623 -0.0159511 0.482732 263.019 0.048708 0.997276 -0.0553977 -24.7638 -0.480533 0.0720203 0.874014 23.2925 
0.877553 -0.0155692 0.479226 263.661 0.0478554 0.997326 -0.0552309 -24.8502 -0.477085 0.0714017 0.875952 24.4762 
0.878839 -0.0145371 0.476897 264.298 0.0464877 0.997389 -0.0552658 -24.9356 -0.474848 0.0707396 0.87722 25.6604 
0.87967 -0.012545 0.475419 264.93 0.0439376 0.99752 -0.054976 -25.0208 -0.473551 0.0692495 0.87804 26.8488 
