1 0 -0 0 -0 1 0 0 0 -0 1 -0 
0.999991 -0.00270347 -0.00338024 -0.00158674 0.00269615 0.999994 -0.00216977 -0.00457845 0.00338609 0.00216063 0.999992 0.673926 
0.999971 -0.00135694 -0.00747354 -0.0113085 0.00132891 0.999992 -0.00375445 -0.0070878 0.00747857 0.00374441 0.999965 1.36535 
0.999934 -0.00140226 -0.0113947 -0.025792 0.00134232 0.999985 -0.00526658 -0.0102936 0.0114019 0.00525094 0.999921 2.07378 
0.999866 -0.000113723 -0.016342 -0.0428867 1.85167e-05 0.999983 -0.00582589 -0.0173186 0.0163423 0.00582481 0.999849 2.79866 
0.999784 -0.00116647 -0.0207311 -0.0612403 0.00104215 0.999981 -0.0060066 -0.026871 0.0207378 0.0059837 0.999767 3.53951 
0.99968 0.00057561 -0.0252796 -0.0866197 -0.000759606 0.999973 -0.00726947 -0.0356179 0.0252747 0.00728635 0.999654 4.29371 
0.999539 0.00324405 -0.0301908 -0.117806 -0.00348342 0.999963 -0.00787946 -0.0447901 0.0301641 0.007981 0.999513 5.06141 
0.999399 0.00358717 -0.034476 -0.150451 -0.00380639 0.999973 -0.00629513 -0.0533973 0.0344525 0.00642257 0.999386 5.84453 
0.999239 0.00278871 -0.0389134 -0.18473 -0.00293183 0.999989 -0.0036213 -0.0624387 0.0389029 0.00373263 0.999236 6.63906 
0.999095 0.00242948 -0.0424651 -0.221216 -0.00247061 0.999997 -0.000916033 -0.0726145 0.0424627 0.00102012 0.999098 7.44224 
0.998975 0.00391403 -0.045099 -0.26483 -0.00398735 0.999991 -0.00153598 -0.0824286 0.0450926 0.00171423 0.998981 8.25053 
0.998875 0.00337782 -0.0472979 -0.307834 -0.00346431 0.999992 -0.00174669 -0.0894949 0.0472916 0.00190858 0.998879 9.06651 
0.998793 0.000394161 -0.0491074 -0.347982 -0.000509029 0.999997 -0.00232663 -0.0963487 0.0491063 0.00234882 0.998791 9.89115 
0.998691 0.00028933 -0.0511399 -0.392547 -0.000365561 0.999999 -0.00148129 -0.105185 0.0511394 0.00149805 0.99869 10.727 
0.998615 -0.00115557 -0.0525908 -0.43823 0.00106833 0.999998 -0.00168689 -0.115429 0.0525927 0.00162837 0.998615 11.5707 
0.998514 0.00117123 -0.05448 -0.490443 -0.0013911 0.999991 -0.00399799 -0.125879 0.0544748 0.00406784 0.998507 12.4216 
0.99844 0.00160522 -0.0558193 -0.543962 -0.00197749 0.999976 -0.00661471 -0.136518 0.0558073 0.00671477 0.998419 13.2807 
0.998326 0.00550063 -0.057583 -0.602349 -0.00598471 0.999948 -0.00823765 -0.147748 0.0575347 0.00856847 0.998307 14.1477 
0.99826 0.00637276 -0.0586212 -0.659812 -0.0068442 0.999946 -0.00784478 -0.161449 0.0585681 0.00823234 0.998249 15.0251 
0.998185 0.00547272 -0.0599679 -0.716012 -0.00586607 0.999962 -0.00638534 -0.175598 0.0599307 0.00672553 0.99818 15.9106 
0.998096 0.00610764 -0.0613794 -0.774863 -0.0064194 0.999967 -0.00488332 -0.188416 0.0613476 0.00526804 0.998103 16.801 
0.998037 0.00568557 -0.0623664 -0.834517 -0.00599632 0.999971 -0.00479672 -0.202261 0.0623373 0.00516127 0.998042 17.6952 
0.997932 0.00555274 -0.0640402 -0.894798 -0.00592554 0.999967 -0.00563289 -0.215308 0.0640068 0.00600071 0.997931 18.5928 
0.997872 0.00412001 -0.0650716 -0.955558 -0.00454521 0.999969 -0.00638761 -0.227963 0.0650433 0.00666978 0.99786 19.497 
0.997835 0.00424651 -0.0656358 -1.01856 -0.00456487 0.999979 -0.00470115 -0.239989 0.0656144 0.00499059 0.997833 20.4073 
0.997833 0.00561761 -0.065551 -1.08512 -0.00571393 0.999983 -0.00128193 -0.252826 0.0655427 0.00165371 0.997848 21.3272 
0.997882 0.00661081 -0.0647081 -1.15053 -0.00646542 0.999976 0.00245605 -0.263178 0.0647228 -0.00203248 0.997901 22.2518 
0.997988 0.00549492 -0.0631627 -1.21143 -0.00517156 0.999973 0.00528179 -0.269602 0.06319 -0.00494451 0.997989 23.1823 
0.998083 0.00567791 -0.0616333 -1.27142 -0.00531532 0.999968 0.00604543 -0.275502 0.0616657 -0.00570624 0.998081 24.1142 
0.998164 0.00592257 -0.0602794 -1.33137 -0.00573897 0.999978 0.00321841 -0.282227 0.0602972 -0.00286656 0.998176 25.0497 
0.998212 0.00672637 -0.0593994 -1.39122 -0.00683511 0.999975 -0.00162772 -0.288535 0.0593869 0.00203081 0.998233 25.9876 
0.998288 0.00586809 -0.058194 -1.44921 -0.00614538 0.999971 -0.00458699 -0.296984 0.0581654 0.00493677 0.998295 26.9321 
0.99834 0.00330447 -0.0574967 -1.50397 -0.00351498 0.999987 -0.00356046 -0.308126 0.0574843 0.00375665 0.998339 27.8858 
0.99833 0.00145608 -0.0577506 -1.55949 -0.00137745 0.999998 0.00140143 -0.318635 0.0577525 -0.00131955 0.99833 28.8476 
0.998281 -0.00233556 -0.058563 -1.61441 0.00262543 0.999985 0.00487332 -0.329702 0.0585507 -0.00501869 0.998272 29.8131 
0.998173 -0.00974511 -0.0596371 -1.66324 0.0100183 0.999941 0.00428304 -0.338592 0.0595918 -0.00487268 0.998211 30.7758 
0.998061 -0.0119447 -0.0610824 -1.71975 0.01199 0.999928 0.000374299 -0.344653 0.0610735 -0.00110595 0.998133 31.7406 
0.997977 -0.0117407 -0.062488 -1.78393 0.0115425 0.999927 -0.00353258 -0.354299 0.062525 0.00280417 0.998039 32.7095 
0.997856 -0.0104316 -0.0646181 -1.84962 0.0101776 0.999939 -0.00425915 -0.36576 0.0646586 0.00359236 0.997901 33.684 
0.997802 -0.0104484 -0.0654422 -1.91695 0.0102821 0.999943 -0.00287738 -0.378209 0.0654685 0.00219818 0.997852 34.6666 
0.997751 -0.00735298 -0.0666314 -1.9889 0.00736564 0.999973 -5.57889e-05 -0.391628 0.06663 -0.000435119 0.997778 35.6513 
0.99766 -0.00741073 -0.067968 -2.05815 0.00751378 0.999971 0.00126063 -0.402485 0.0679567 -0.00176837 0.997687 36.6363 
0.9976 -0.00605206 -0.0689761 -2.12856 0.0063329 0.999973 0.00385359 -0.411028 0.0689509 -0.00428116 0.997611 37.6219 
0.997607 -0.00615177 -0.0688679 -2.19896 0.00664497 0.999954 0.00693476 -0.420297 0.0688221 -0.00737579 0.997602 38.6098 
0.997587 -0.000335943 -0.0694333 -2.2774 0.00097844 0.999957 0.00921965 -0.425579 0.0694272 -0.00926534 0.997544 39.5951 
0.997575 -0.000479511 -0.0695967 -2.35017 0.00108885 0.999961 0.00871762 -0.43261 0.0695898 -0.00877226 0.997537 40.5764 
0.997581 -0.000359958 -0.0695062 -2.42068 0.000849396 0.999975 0.00701221 -0.436088 0.069502 -0.00705429 0.997557 41.5559 
0.997582 0.00188051 -0.0694677 -2.49632 -0.00154911 0.999987 0.00482412 -0.443249 0.0694759 -0.00470485 0.997573 42.5318 
0.997513 0.00147247 -0.0704665 -2.5678 -0.00112908 0.999987 0.00491263 -0.452545 0.0704729 -0.00482085 0.997502 43.5082 
0.997426 -0.000486085 -0.0717079 -2.63752 0.000925049 0.999981 0.00608848 -0.460267 0.0717036 -0.00613914 0.997407 44.4858 
0.997365 5.0029e-05 -0.0725404 -2.71212 0.00047168 0.999974 0.00717483 -0.469549 0.0725389 -0.00719015 0.99734 45.4578 
0.997348 0.00248647 -0.0727396 -2.79066 -0.00222841 0.999991 0.0036287 -0.48076 0.072748 -0.00345698 0.997344 46.4209 
0.997289 0.00297025 -0.0735311 -2.86829 -0.00301817 0.999995 -0.00054062 -0.489765 0.0735291 0.000761084 0.997293 47.3809 
0.997241 0.00383453 -0.0741364 -2.94431 -0.00397772 0.99999 -0.00178392 -0.500606 0.0741288 0.00207389 0.997247 48.3406 
0.997236 0.00261557 -0.0742565 -3.01784 -0.00248858 0.999995 0.00180261 -0.514566 0.0742609 -0.00161283 0.997238 49.3034 
0.997222 0.000719903 -0.0744847 -3.08965 -0.000354438 0.999988 0.00491968 -0.526562 0.0744873 -0.00487961 0.99721 50.2614 
0.997206 -0.00114143 -0.0746945 -3.16225 0.00156348 0.999983 0.00559206 -0.537014 0.0746868 -0.00569321 0.997191 51.2125 
0.997185 -0.00428205 -0.0748574 -3.23291 0.00462207 0.99998 0.00436947 -0.546832 0.0748371 -0.00470316 0.997185 52.1597 
0.997136 -0.007003 -0.0752988 -3.30287 0.00725579 0.999969 0.00308406 -0.556873 0.0752748 -0.00362158 0.997156 53.1024 
0.997041 -0.00856836 -0.0763887 -3.37542 0.00892276 0.999951 0.0042993 -0.565887 0.0763481 -0.00496818 0.997069 54.0461 
0.996921 -0.0116014 -0.0775493 -3.44606 0.0122914 0.999889 0.00842548 -0.573182 0.0774429 -0.00935272 0.996953 54.9894 
0.996861 -0.0124568 -0.0781865 -3.51807 0.0135449 0.999818 0.013401 -0.577837 0.0780054 -0.014418 0.996849 55.9314 
0.996841 -0.0107019 -0.0786993 -3.59758 0.0119706 0.999806 0.0156667 -0.581179 0.0785163 -0.0165593 0.996775 56.8653 
0.996739 -0.0096195 -0.0801133 -3.67626 0.0105924 0.999875 0.0117278 -0.585726 0.0799904 -0.0125382 0.996717 57.7865 
0.996647 -0.0080944 -0.0814165 -3.75518 0.00844319 0.999957 0.00394072 -0.590466 0.0813811 -0.00461493 0.996672 58.6944 
0.996591 -0.00642065 -0.0822554 -3.83473 0.0063702 0.999979 -0.000875684 -0.598614 0.0822593 0.000348715 0.996611 59.5942 
0.996526 -0.0014722 -0.083275 -3.92011 0.00148036 0.999999 3.62194e-05 -0.610335 0.0832748 -0.00015937 0.996527 60.4909 
0.996451 0.00132132 -0.0841688 -4.00361 -0.00112859 0.999997 0.00233738 -0.625144 0.0841716 -0.00223409 0.996449 61.3769 
0.996348 0.00386427 -0.0852922 -4.08426 -0.00354057 0.999986 0.00394612 -0.639924 0.0853062 -0.00362973 0.996348 62.2489 
0.996255 0.00458393 -0.0863396 -4.16449 -0.00428218 0.999984 0.00367982 -0.649102 0.0863551 -0.00329631 0.996259 63.1044 
0.996105 0.00631598 -0.0879464 -4.24491 -0.00594064 0.999972 0.00452885 -0.659543 0.0879726 -0.00398876 0.996115 63.95 
0.99598 0.0071765 -0.0892836 -4.32393 -0.00674251 0.999964 0.00516142 -0.672601 0.0893174 -0.00453867 0.995993 64.7816 
0.995848 0.00713746 -0.090756 -4.40224 -0.00665194 0.999962 0.00565111 -0.683791 0.0907929 -0.00502395 0.995857 65.6015 
0.995732 0.00701932 -0.0920226 -4.47996 -0.00643081 0.999957 0.00669025 -0.691103 0.0920656 -0.00606992 0.995734 66.4082 
0.995589 0.0097965 -0.0933095 -4.56224 -0.00896077 0.999916 0.00937137 -0.697709 0.0933935 -0.00849391 0.995593 67.2034 
0.995457 0.0112692 -0.0945393 -4.64305 -0.0100372 0.999859 0.0134972 -0.703545 0.094678 -0.012487 0.99543 67.9868 
0.99526 0.0144431 -0.0961726 -4.72478 -0.0130365 0.999799 0.0152379 -0.708561 0.0963734 -0.013912 0.995248 68.7523 
0.995088 0.0172528 -0.0974796 -4.80711 -0.0162417 0.999806 0.0111573 -0.716569 0.0976531 -0.00951928 0.995175 69.4961 
0.99496 0.0172032 -0.0987873 -4.88485 -0.0168971 0.999849 0.00393513 -0.725774 0.0988402 -0.00224608 0.995101 70.2167 
0.994826 0.0163196 -0.100278 -4.95786 -0.016593 0.999861 -0.00189276 -0.733208 0.100233 0.00354688 0.994958 70.921 
0.99477 0.0171854 -0.100688 -5.03415 -0.0175875 0.999841 -0.00310674 -0.739304 0.100619 0.00486134 0.994913 71.6092 
0.994644 0.0199948 -0.101411 -5.11072 -0.0200467 0.999799 0.000507265 -0.751705 0.101401 0.00152842 0.994844 72.281 
0.994508 0.020221 -0.102691 -5.18202 -0.0200298 0.999795 0.00289345 -0.769272 0.102729 -0.000820681 0.994709 72.9297 
0.994462 0.017109 -0.103691 -5.2482 -0.0172359 0.999851 -0.00032833 -0.782301 0.10367 0.00211373 0.994609 73.5557 
0.994571 0.00899679 -0.10367 -5.3031 -0.00961728 0.999939 -0.00548689 -0.795632 0.103614 0.00645412 0.994597 74.1636 
0.994705 0.00495647 -0.102654 -5.35959 -0.00604527 0.999929 -0.0102981 -0.806924 0.102596 0.0108642 0.994664 74.7541 
0.995006 0.00746897 -0.0995353 -5.42136 -0.0085572 0.999908 -0.0105106 -0.818825 0.0994476 0.0113099 0.994979 75.333 
0.995358 0.0124603 -0.0954361 -5.4846 -0.0132371 0.999884 -0.00750971 -0.831518 0.0953314 0.00873814 0.995407 75.8986 
0.995808 0.0108895 -0.0908221 -5.53266 -0.011341 0.999926 -0.00445731 -0.842916 0.0907668 0.00546864 0.995857 76.4519 
0.996339 0.00718989 -0.0851892 -5.56929 -0.00723509 0.999974 -0.000221821 -0.854991 0.0851854 0.00083736 0.996365 76.9941 
0.997023 0.00279766 -0.0770572 -5.59966 -0.00255243 0.999991 0.00328075 -0.869116 0.0770657 -0.00307429 0.997021 77.5237 
0.997776 0.00646104 -0.066346 -5.63362 -0.00626723 0.999975 0.00312894 -0.877967 0.0663646 -0.00270618 0.997792 78.0378 
0.99862 0.0116895 -0.0512056 -5.66335 -0.0115709 0.99993 0.00261271 -0.885488 0.0512325 -0.00201661 0.998685 78.5391 
0.999309 0.0167656 -0.0331667 -5.67853 -0.0166703 0.999856 0.0031486 -0.891198 0.0332147 -0.00259353 0.999445 79.0306 
0.999823 0.0151726 -0.0111677 -5.66971 -0.0151329 0.999879 0.00363029 -0.896518 0.0112214 -0.00346064 0.999931 79.5099 
0.999819 0.0116875 0.0149863 -5.64227 -0.0117573 0.99992 0.00457854 -0.90438 -0.0149316 -0.00475391 0.999877 79.9766 
0.998953 0.0106079 0.044491 -5.60194 -0.010892 0.999922 0.00614973 -0.912124 -0.0444223 -0.00662789 0.998991 80.4342 
0.996937 0.0102066 0.0775422 -5.5467 -0.0108276 0.999913 0.00759231 -0.918992 -0.0774579 -0.00840865 0.99696 80.8846 
0.993308 0.0101703 0.115048 -5.47312 -0.0111781 0.999905 0.00811758 -0.925145 -0.114955 -0.00934928 0.993327 81.3255 
0.987577 0.0104179 0.156792 -5.38165 -0.0118237 0.999898 0.00803587 -0.929374 -0.156693 -0.0097899 0.987599 81.7576 
0.979324 0.0101551 0.202041 -5.27005 -0.0120149 0.999896 0.00798063 -0.935645 -0.201939 -0.0102431 0.979344 82.1763 
0.96786 0.0123325 0.251186 -5.14001 -0.0142787 0.99988 0.00592672 -0.945223 -0.251082 -0.00932283 0.967921 82.5802 
0.952416 0.0133354 0.30451 -4.98858 -0.0149662 0.999883 0.00302184 -0.954007 -0.304434 -0.0074354 0.952504 82.966 
0.932674 0.0136401 0.360462 -4.81389 -0.0149262 0.999888 0.000784375 -0.960911 -0.360411 -0.0061119 0.932774 83.3338 
0.90838 0.0143916 0.417898 -4.61835 -0.0152599 0.999883 -0.00126366 -0.965855 -0.417867 -0.00522922 0.908493 83.6847 
0.879339 0.0146188 0.475971 -4.4003 -0.0147563 0.999885 -0.00344838 -0.970599 -0.475967 -0.00399126 0.879454 84.0156 
0.845883 0.0130804 0.533208 -4.16053 -0.0119199 0.999913 -0.00561963 -0.979475 -0.533235 -0.00160222 0.845965 84.3231 
0.809056 0.0126694 0.587594 -3.90148 -0.0107547 0.999919 -0.00675152 -0.991708 -0.587632 -0.000857054 0.809128 84.6118 
0.769096 0.0112955 0.639033 -3.62496 -0.00991464 0.999934 -0.00574212 -1.00328 -0.639056 -0.00191954 0.769158 84.8849 
0.726161 0.0109331 0.687437 -3.33302 -0.0115276 0.999927 -0.00372594 -1.01177 -0.687428 -0.00521888 0.726234 85.1427 
0.680788 0.00990378 0.732413 -3.02508 -0.0107953 0.999936 -0.00348689 -1.01951 -0.732401 -0.00553277 0.680851 85.3771 
0.634043 0.00857698 0.77325 -2.70301 -0.00761884 0.999959 -0.00484443 -1.02841 -0.77326 -0.00281969 0.634083 85.5877 
0.58703 0.0059653 0.809544 -2.36761 -0.00213772 0.999981 -0.00581844 -1.03776 -0.809563 0.00168502 0.587031 85.7751 
0.540065 0.00801198 0.841585 -2.0284 -0.00413514 0.999968 -0.00686618 -1.0485 -0.841613 0.000228113 0.540081 85.9526 
0.492449 0.0108928 0.870273 -1.68402 -0.00807321 0.999936 -0.00794743 -1.05887 -0.870304 -0.00311219 0.492506 86.1178 
0.446784 0.013017 0.894547 -1.33221 -0.00881504 0.99991 -0.0101475 -1.06834 -0.894598 -0.00335173 0.446858 86.2602 
0.404402 0.0104474 0.914522 -0.968985 -0.00146126 0.999941 -0.010777 -1.0745 -0.91458 0.0030219 0.404393 86.3752 
0.364929 0.00292373 0.931031 -0.593811 0.01371 0.99987 -0.0085137 -1.07761 -0.930935 0.0158713 0.364841 86.4666 
0.329604 -0.000695841 0.944119 -0.217816 0.0180029 0.999823 -0.00554816 -1.08062 -0.943947 0.0188256 0.329558 86.5593 
0.29641 0.00340383 0.955055 0.156265 0.0154582 0.999846 -0.00836105 -1.08799 -0.954936 0.0172417 0.296311 86.6578 
0.265214 0.0110834 0.964126 0.531404 0.00458932 0.999908 -0.0127572 -1.10273 -0.964179 0.00780808 0.265139 86.7608 
0.236821 0.0154104 0.971431 0.918897 -8.40162e-05 0.999875 -0.0158411 -1.12018 -0.971553 0.00366989 0.236793 86.8478 
0.21118 0.0171028 0.977298 1.31819 0.00123377 0.999841 -0.017764 -1.13527 -0.977446 0.00495715 0.211125 86.9151 
0.187847 0.0184571 0.982025 1.72854 0.00874481 0.999752 -0.020463 -1.14569 -0.982159 0.0124315 0.187639 86.9675 
0.167805 0.0247653 0.985509 2.14557 0.01588 0.999487 -0.0278205 -1.14581 -0.985692 0.0203183 0.167326 87.012 
0.148127 0.0315553 0.988465 2.57084 0.0180594 0.999238 -0.0346055 -1.14643 -0.988803 0.0229771 0.147445 87.0613 
0.130485 0.0323742 0.990922 3.01231 0.0155916 0.999276 -0.0347002 -1.16026 -0.991328 0.0199779 0.129886 87.1151 
0.114987 0.0279272 0.992974 3.47109 0.0137149 0.999465 -0.029698 -1.18349 -0.993272 0.0170335 0.114543 87.1632 
0.100488 0.02467 0.994632 3.94184 0.0140961 0.999557 -0.0262162 -1.20424 -0.994838 0.0166549 0.100096 87.2035 
0.0872539 0.0222183 0.995938 4.42635 0.01652 0.999581 -0.0237469 -1.22082 -0.996049 0.0185249 0.0868504 87.2357 
0.0757165 0.0214084 0.9969 4.92418 0.0203535 0.999528 -0.0230107 -1.23554 -0.996922 0.0220326 0.0752451 87.2619 
0.065623 0.0220518 0.997601 5.43588 0.0235694 0.999443 -0.023643 -1.25042 -0.997566 0.0250644 0.0650667 87.2861 
0.0577782 0.0226029 0.998074 5.96365 0.0256276 0.999381 -0.0241161 -1.26544 -0.998 0.0269716 0.0571631 87.3104 
0.0521874 0.0229546 0.998373 6.50898 0.0273362 0.999328 -0.0244055 -1.2813 -0.998263 0.0285654 0.0515249 87.3343 
0.0466205 0.0240734 0.998623 7.07068 0.0285484 0.999269 -0.0254217 -1.29732 -0.998505 0.0296943 0.0458991 87.3569 
0.0406471 0.0247559 0.998867 7.65147 0.0291019 0.99924 -0.0259494 -1.31417 -0.99875 0.0301236 0.0398957 87.3779 
0.0363655 0.0247895 0.999031 8.25064 0.0315802 0.999164 -0.0259424 -1.33229 -0.998839 0.032493 0.0355522 87.3948 
0.033456 0.0247887 0.999133 8.86844 0.0330825 0.999117 -0.0258961 -1.35083 -0.998893 0.0339202 0.0326064 87.4117 
0.0304102 0.0243461 0.999241 9.50392 0.0339346 0.999102 -0.0253755 -1.36999 -0.998961 0.0346805 0.0295568 87.4298 
0.0280154 0.0237995 0.999324 10.1562 0.035987 0.999044 -0.0248017 -1.38963 -0.998959 0.0366575 0.0271321 87.4458 
0.0273947 0.0234957 0.999349 10.8251 0.0404384 0.998879 -0.0245932 -1.409 -0.998806 0.0410858 0.0264139 87.4581 
0.0284818 0.0231268 0.999327 11.5098 0.0439906 0.998735 -0.0243668 -1.42987 -0.998626 0.044655 0.0274284 87.4723 
0.030949 0.0230703 0.999255 12.2104 0.0457604 0.998653 -0.0244737 -1.45038 -0.998473 0.0464837 0.0298516 87.4933 
0.0348293 0.0230042 0.999128 12.9265 0.0482631 0.99853 -0.0246728 -1.47192 -0.998227 0.0490804 0.0336678 87.5173 
0.0391893 0.0225688 0.998977 13.6603 0.0486542 0.998516 -0.0244671 -1.49238 -0.998047 0.0495633 0.038033 87.5459 
0.0432302 0.0209572 0.998845 14.4092 0.0501316 0.998475 -0.0231191 -1.51344 -0.997807 0.0510731 0.0421136 87.5786 
0.0472432 0.0193847 0.998695 15.1727 0.0500136 0.998512 -0.021747 -1.53526 -0.997631 0.0509757 0.0462033 87.6172 
0.0513856 0.0172995 0.998529 15.951 0.0469394 0.998703 -0.0197181 -1.55768 -0.997575 0.0478836 0.0505069 87.6634 
0.0554258 0.0162638 0.99833 16.7404 0.0461412 0.998757 -0.0188324 -1.57849 -0.997396 0.0471079 0.0546065 87.7136 
0.0594537 0.0172286 0.998082 17.534 0.0433782 0.998862 -0.019826 -1.60165 -0.997288 0.0444737 0.0586387 87.768 
0.0626233 0.0213239 0.997809 18.3306 0.041282 0.998861 -0.0239373 -1.62843 -0.997183 0.0426906 0.0616717 87.8232 
0.0639029 0.0266012 0.997602 19.1309 0.0354938 0.998952 -0.0289108 -1.65542 -0.997325 0.0372562 0.0628918 87.8848 
0.0637144 0.0296873 0.997527 19.9369 0.0325982 0.998962 -0.0318122 -1.6861 -0.997436 0.0345445 0.0626805 87.9435 
0.0638278 0.0291538 0.997535 20.7461 0.030282 0.999056 -0.0311359 -1.7202 -0.997501 0.0321947 0.0628848 88.0009 
0.0638054 0.027315 0.997588 21.5593 0.0274812 0.999198 -0.0291168 -1.75665 -0.997584 0.0292728 0.0630036 88.0599 
0.063664 0.0261602 0.997628 22.3705 0.0284801 0.999202 -0.028019 -1.78898 -0.997565 0.0301963 0.0628681 88.114 
0.0641413 0.025514 0.997615 23.1821 0.0259603 0.999292 -0.027226 -1.82283 -0.997603 0.0276447 0.0634336 88.1711 
0.064273 0.0258439 0.997598 23.9912 0.0243508 0.999326 -0.0274575 -1.85712 -0.997635 0.0260571 0.0636004 88.2293 
0.0644097 0.0264282 0.997574 24.7994 0.0214721 0.999381 -0.0278624 -1.89087 -0.997693 0.0232146 0.0638024 88.288 
0.0632342 0.0277666 0.997612 25.6051 0.0186901 0.999405 -0.0290011 -1.92485 -0.997824 0.0204794 0.0626776 88.3455 
0.060379 0.0273581 0.997801 26.4119 0.0156767 0.999475 -0.0283526 -1.95781 -0.998052 0.0173542 0.0599184 88.4023 
0.0565103 0.0260464 0.998062 27.2188 0.0132072 0.999553 -0.0268331 -1.99087 -0.998315 0.014698 0.056141 88.4543 
0.0516688 0.0236482 0.998384 28.0271 0.0112529 0.999642 -0.0242604 -2.02307 -0.998601 0.0124882 0.0513842 88.5016 
0.0453956 0.0215969 0.998736 28.8328 0.00905429 0.999716 -0.0220296 -2.05496 -0.998928 0.0100429 0.0451872 88.5436 
0.0380294 0.0217947 0.999039 29.633 0.0085913 0.999718 -0.0221365 -2.08626 -0.99924 0.00942488 0.0378314 88.5764 
0.0293443 0.0227817 0.99931 30.43 0.00835289 0.9997 -0.0230358 -2.11533 -0.999534 0.00902309 0.0291452 88.6009 
0.0194518 0.023212 0.999541 31.2254 0.00873294 0.999688 -0.0233854 -2.14317 -0.999773 0.00918382 0.019243 88.6166 
0.00925095 0.0221944 0.999711 32.0188 0.00992049 0.999702 -0.022286 -2.17257 -0.999908 0.0101238 0.00902802 88.6231 
-0.00147993 0.0212027 0.999774 32.8094 0.00887641 0.999736 -0.0211888 -2.20235 -0.99996 0.00884304 -0.00166774 88.623 
-0.0125341 0.0203978 0.999713 33.5955 0.010267 0.999742 -0.0202697 -2.22979 -0.999869 0.01001 -0.0127403 88.611 
-0.0235028 0.0207452 0.999509 34.3769 0.010459 0.999735 -0.020504 -2.25812 -0.999669 0.00997199 -0.0237135 88.5918 
-0.0344883 0.0213563 0.999177 35.1543 0.0107268 0.999722 -0.0209977 -2.28694 -0.999348 0.00999379 -0.0347078 88.5644 
-0.0451301 0.0223917 0.99873 35.9258 0.0103428 0.999706 -0.0219462 -2.3151 -0.998928 0.00933921 -0.0453484 88.531 
-0.0554038 0.0234625 0.998188 36.6903 0.0112771 0.999675 -0.0228715 -2.34219 -0.9984 0.00998955 -0.0556504 88.4871 
-0.0648365 0.0241498 0.997604 37.4479 0.0121343 0.999652 -0.0234108 -2.37033 -0.997822 0.0105873 -0.065107 88.436 
-0.0744184 0.0246123 0.996923 38.1966 0.0128298 0.999636 -0.0237216 -2.39985 -0.997145 0.011025 -0.0747071 88.3779 
-0.0837211 0.0248916 0.996178 38.938 0.0135637 0.999624 -0.0238378 -2.42948 -0.996397 0.0115161 -0.0840273 88.3139 
-0.0922953 0.0243825 0.995433 39.6725 0.0146712 0.999625 -0.0231249 -2.45786 -0.995624 0.0124698 -0.0926184 88.2436 
-0.0995426 0.0232105 0.994763 40.399 0.0164549 0.99963 -0.0216775 -2.48614 -0.994897 0.0142108 -0.0998876 88.1672 
-0.104721 0.0215404 0.994268 41.118 0.0192757 0.999622 -0.0196261 -2.51309 -0.994315 0.0171099 -0.105097 88.0877 
-0.108484 0.019943 0.993898 41.8254 0.0222738 0.999597 -0.0176262 -2.5387 -0.993849 0.0202258 -0.108884 88.0059 
-0.11121 0.0188087 0.993619 42.5236 0.0238377 0.999584 -0.0162536 -2.56269 -0.993511 0.021878 -0.111612 87.9264 
-0.112912 0.0179411 0.993443 43.2068 0.0241385 0.999591 -0.0153087 -2.5857 -0.993312 0.0222517 -0.113299 87.8486 
-0.113675 0.0183576 0.993348 43.875 0.0249333 0.999567 -0.0156192 -2.60874 -0.993205 0.0229919 -0.114083 87.7724 
-0.112683 0.0193428 0.993443 44.5258 0.0257614 0.999531 -0.0165393 -2.63188 -0.993297 0.0237288 -0.113129 87.6966 
-0.109727 0.0209589 0.993741 45.1589 0.0267242 0.999478 -0.0181291 -2.65445 -0.993602 0.0245677 -0.11023 87.6275 
-0.104523 0.0214612 0.994291 45.7767 0.0268167 0.999464 -0.0187538 -2.67645 -0.994161 0.0247034 -0.105043 87.5655 
-0.0964333 0.0221667 0.995093 46.3753 0.0263314 0.999459 -0.0197122 -2.69927 -0.994991 0.0243012 -0.0969648 87.5121 
-0.0852575 0.0221077 0.996114 46.9542 0.0252876 0.99948 -0.0200181 -2.72237 -0.996038 0.0234826 -0.0857722 87.4701 
-0.071519 0.0223921 0.997188 47.5131 0.0245294 0.999485 -0.0206844 -2.74559 -0.997138 0.0229811 -0.0720314 87.4399 
-0.0542878 0.0237347 0.998243 48.0553 0.0236599 0.999467 -0.0224771 -2.76804 -0.998245 0.0223981 -0.0548205 87.4226 
-0.0329522 0.0262489 0.999112 48.5855 0.0220758 0.99943 -0.0255292 -2.79097 -0.999213 0.0212149 -0.0335129 87.4184 
-0.00826279 0.0292471 0.999538 49.1125 0.0201317 0.999374 -0.0290759 -2.81455 -0.999763 0.0198821 -0.00884642 87.4302 
0.0201109 0.0309787 0.999318 49.6364 0.0183104 0.999341 -0.0313479 -2.83807 -0.99963 0.0189284 0.0195304 87.4591 
0.0533649 0.0304911 0.998109 50.1589 0.0161638 0.999376 -0.031394 -2.86002 -0.998444 0.0178086 0.0528387 87.5063 
0.0915556 0.0280786 0.995404 50.6787 0.0150509 0.999449 -0.0295771 -2.88199 -0.995686 0.0176897 0.0910826 87.573 
0.133747 0.0242712 0.990718 51.1931 0.0127381 0.999575 -0.0262078 -2.90649 -0.990934 0.016125 0.133381 87.6645 
0.178965 0.0199232 0.983654 51.7024 0.010112 0.999705 -0.0220881 -2.92951 -0.983803 0.0138997 0.178711 87.7834 
0.227253 0.0166689 0.973693 52.1991 0.00557327 0.999815 -0.0184168 -2.95011 -0.97382 0.00961194 0.227118 87.9309 
0.278636 0.0151812 0.960277 52.6829 0.00189595 0.999864 -0.0163571 -2.96822 -0.960395 0.00637833 0.27857 88.1049 
0.333285 0.0149022 0.942708 53.1527 0.00111581 0.999868 -0.0162002 -2.9841 -0.942826 0.00645116 0.333224 88.3036 
0.391125 0.0153915 0.920209 53.6017 0.00327882 0.99983 -0.0181169 -3.00037 -0.920332 0.0101032 0.391008 88.5264 
0.450777 0.0186276 0.892442 54.0238 0.00414859 0.999728 -0.0229625 -3.01897 -0.892627 0.0140533 0.450577 88.7763 
0.510396 0.0216956 0.859666 54.4221 0.00549378 0.999579 -0.0284884 -3.03754 -0.859922 0.0192632 0.510062 89.0486 
0.56861 0.0258374 0.822201 54.7987 0.00154026 0.999471 -0.0324733 -3.05242 -0.822606 0.0197311 0.56827 89.3528 
0.624407 0.0284718 0.78058 55.147 -0.00197268 0.99939 -0.0348749 -3.06782 -0.781097 0.0202363 0.624082 89.682 
0.677321 0.0290106 0.735115 55.4744 -0.00324974 0.99933 -0.0364434 -3.08538 -0.73568 0.0222949 0.676962 90.0307 
0.726415 0.0266467 0.68674 55.7772 -0.00323203 0.999369 -0.0353585 -3.10573 -0.687249 0.0234654 0.726043 90.3984 
0.771502 0.0231643 0.635806 56.0528 -0.00529386 0.999536 -0.0299924 -3.12322 -0.636205 0.0197733 0.771266 90.7938 
0.812626 0.0179208 0.58251 56.3017 -0.00563611 0.999722 -0.0228936 -3.13889 -0.582759 0.0153209 0.812501 91.2093 
0.849024 0.0150876 0.528139 56.5203 -0.00758962 0.999837 -0.0163619 -3.15389 -0.5283 0.00988328 0.849 91.6369 
0.880077 0.0112593 0.474697 56.7176 -0.00798052 0.999928 -0.00892149 -3.1669 -0.474764 0.00406327 0.880104 92.0771 
0.90554 0.0117376 0.424098 56.8829 -0.0113535 0.99993 -0.00343254 -3.17978 -0.424109 -0.0017067 0.90561 92.5245 
0.925564 0.0135304 0.378349 57.0266 -0.0146668 0.999892 0.000121923 -3.19155 -0.378307 -0.00566203 0.925663 92.9793 
0.940723 0.0193716 0.338624 57.1498 -0.021602 0.999763 0.00281876 -3.19892 -0.338489 -0.0099666 0.940918 93.4453 
0.952506 0.0236399 0.303599 57.2631 -0.02537 0.999677 0.00175508 -3.20013 -0.30346 -0.00937404 0.952798 93.916 
0.961719 0.0255421 0.272844 57.3749 -0.0270762 0.999632 0.00185856 -3.20052 -0.272696 -0.009175 0.962057 94.3938 
0.967811 0.02003 0.25088 57.4926 -0.0211855 0.999774 0.00190577 -3.2043 -0.250785 -0.00715945 0.968016 94.8765 
0.971756 0.0169764 0.235378 57.6016 -0.0181031 0.999833 0.00262654 -3.21206 -0.235294 -0.00681343 0.9719 95.3668 
0.974641 0.0211743 0.222769 57.6979 -0.0222422 0.99975 0.00228578 -3.21528 -0.222665 -0.0071827 0.974869 95.8661 
0.97664 0.0267312 0.213213 57.7891 -0.0279555 0.999605 0.00272847 -3.21447 -0.213056 -0.0086252 0.977002 96.3738 
0.97768 0.0343657 0.207271 57.8812 -0.0354137 0.999372 0.00134704 -3.21459 -0.207095 -0.00865722 0.978283 96.8924 
0.978073 0.0401916 0.204347 57.9758 -0.0405957 0.999173 -0.0022161 -3.22017 -0.204267 -0.0061281 0.978896 97.4155 
0.978186 0.0415565 0.203534 58.0826 -0.0414787 0.999129 -0.00464967 -3.23136 -0.20355 -0.0038941 0.979057 97.9475 
0.977741 0.0401041 0.205948 58.1989 -0.0392527 0.999196 -0.00821982 -3.24063 -0.206112 -4.71464e-05 0.978528 98.4888 
0.976937 0.0388062 0.20997 58.3186 -0.0365446 0.999225 -0.0146413 -3.24689 -0.210375 0.00663039 0.977598 99.0372 
0.97604 0.0390103 0.214064 58.4444 -0.0356645 0.999174 -0.019471 -3.25358 -0.214647 0.01137 0.976625 99.6062 
0.974861 0.043939 0.218438 58.5649 -0.040781 0.998988 -0.0189466 -3.26582 -0.21905 0.00956213 0.975667 100.181 
0.973437 0.0469865 0.22408 58.6928 -0.0447708 0.998885 -0.0149615 -3.27825 -0.224533 0.00453184 0.974456 100.776 
0.972435 0.04414 0.228957 58.8327 -0.0429151 0.999025 -0.0103285 -3.29155 -0.22919 0.000218019 0.973382 101.378 
0.97172 0.0397631 0.232764 58.9871 -0.0397496 0.999198 -0.00475048 -3.30323 -0.232767 -0.00463614 0.972522 102 
0.970936 0.0372266 0.236425 59.14 -0.0382828 0.999267 -0.000123017 -3.31276 -0.236257 -0.00893159 0.97165 102.626 
0.970376 0.0326946 0.239377 59.298 -0.0337986 0.999429 0.000507295 -3.31874 -0.239223 -0.00858287 0.970927 103.26 
0.970415 0.0292748 0.23966 59.461 -0.0295173 0.999561 -0.00257837 -3.3273 -0.23963 -0.00457202 0.970854 103.899 
0.970542 0.028636 0.239224 59.6212 -0.0271301 0.999586 -0.00958625 -3.33691 -0.239399 0.00281369 0.970917 104.548 
0.970676 0.0309686 0.238389 59.778 -0.0279014 0.999479 -0.0162306 -3.34667 -0.238767 0.00910327 0.971034 105.21 
0.971225 0.0339776 0.235729 59.9356 -0.0301003 0.999346 -0.0200279 -3.35499 -0.236255 0.0123561 0.971612 105.889 
0.971862 0.0323485 0.23332 60.1001 -0.0294811 0.999441 -0.0157674 -3.36635 -0.2337 0.00844518 0.972272 106.586 
0.972317 0.0282588 0.231951 60.27 -0.027121 0.999599 -0.00809374 -3.38102 -0.232087 0.00157894 0.972694 107.298 
0.972882 0.028652 0.229519 60.4351 -0.0289121 0.999579 -0.00223038 -3.39712 -0.229486 -0.00446597 0.973302 108.02 
0.973191 0.0320267 0.227757 60.5949 -0.0322023 0.999477 -0.00294586 -3.40862 -0.227732 -0.00446743 0.973714 108.748 
0.973482 0.0377177 0.225631 60.7515 -0.036962 0.999288 -0.00757456 -3.41786 -0.225756 -0.000966067 0.974183 109.485 
0.97436 0.0385451 0.221667 60.9161 -0.0365868 0.999247 -0.0129352 -3.42704 -0.221999 0.00449349 0.975037 110.231 
0.9753 0.0373501 0.217703 61.0834 -0.0347383 0.999271 -0.0158133 -3.43945 -0.218135 0.00786013 0.975887 110.992 
0.976228 0.0350751 0.213887 61.2512 -0.0327783 0.999361 -0.0142764 -3.45521 -0.214252 0.0069262 0.976754 111.767 
0.977088 0.0311714 0.21054 61.421 -0.0292599 0.999498 -0.0121889 -3.47295 -0.210814 0.00574927 0.977509 112.553 
0.97749 0.0302111 0.208806 61.5877 -0.0288913 0.999539 -0.00936837 -3.49017 -0.208992 0.00312482 0.977912 113.349 
0.977855 0.0269263 0.207545 61.7591 -0.026025 0.999636 -0.00707246 -3.50304 -0.20766 0.00151447 0.9782 114.153 
0.978081 0.0218356 0.207076 61.9337 -0.0210749 0.999761 -0.0058793 -3.5157 -0.207155 0.00138634 0.978307 114.963 
0.9782 0.0225745 0.206433 62.1026 -0.0221741 0.999745 -0.0042534 -3.52859 -0.206477 -0.000416801 0.978451 115.78 
0.977957 0.028044 0.206913 62.2645 -0.0273575 0.999607 -0.00617873 -3.54223 -0.207005 0.000381907 0.97834 116.601 
0.97768 0.0336581 0.207387 62.4271 -0.0323948 0.99943 -0.0094853 -3.55562 -0.207588 0.00255532 0.978213 117.427 
0.977171 0.0425208 0.208154 62.5906 -0.0411108 0.999093 -0.0110973 -3.56901 -0.208437 0.00228659 0.978033 118.261 
0.976251 0.0484544 0.211156 62.7557 -0.0473014 0.998825 -0.0105111 -3.58551 -0.211417 0.000273528 0.977396 119.101 
0.97547 0.0509332 0.214157 62.9283 -0.050283 0.998699 -0.00848614 -3.60429 -0.214311 -0.00249049 0.976762 119.946 
0.974877 0.0515348 0.216701 63.1089 -0.0507112 0.998669 -0.00936356 -3.62148 -0.216895 -0.00186086 0.976193 120.79 
0.974528 0.050113 0.218594 63.2934 -0.0486403 0.998743 -0.0121169 -3.63862 -0.218926 0.00117578 0.975741 121.632 
0.974574 0.0437888 0.219747 63.4895 -0.0424815 0.99904 -0.0106734 -3.65772 -0.220004 0.00106678 0.975498 122.476 
0.974775 0.0371899 0.220068 63.6865 -0.035386 0.9993 -0.0121351 -3.67994 -0.220365 0.00404165 0.975409 123.319 
0.974493 0.0365893 0.221414 63.8759 -0.0347813 0.999322 -0.0120605 -3.70253 -0.221705 0.00405181 0.975105 124.163 
0.974015 0.0392464 0.223058 64.0625 -0.038153 0.999229 -0.00921131 -3.71989 -0.223248 0.000461625 0.974762 125.009 
0.973628 0.0414243 0.22435 64.246 -0.0416996 0.999124 -0.00351316 -3.73494 -0.224299 -0.0059348 0.974502 125.856 
0.973232 0.0449227 0.22539 64.4306 -0.046273 0.998929 0.000708919 -3.75301 -0.225117 -0.0111194 0.974268 126.698 
0.973014 0.0442768 0.226457 64.6177 -0.0441198 0.99901 -0.00575747 -3.77096 -0.226487 -0.00438912 0.974004 127.528 
0.973285 0.0400687 0.226078 64.8114 -0.0364772 0.999133 -0.0200429 -3.79223 -0.226685 0.0112607 0.973903 128.343 
0.973547 0.0379382 0.225315 65.0063 -0.0322237 0.99906 -0.028987 -3.81424 -0.226203 0.0209598 0.973855 129.163 
0.973785 0.0350756 0.224749 65.1978 -0.0313898 0.999308 -0.0199531 -3.83323 -0.225293 0.0123752 0.974212 130.002 
0.974185 0.0286463 0.223927 65.3906 -0.0295968 0.999562 0.000888597 -3.85549 -0.223803 -0.00749317 0.974606 130.85 
0.974458 0.0252702 0.223145 65.5807 -0.0295936 0.999433 0.0160515 -3.87667 -0.222613 -0.0222452 0.974653 131.69 
0.974483 0.0298553 0.222468 65.7554 -0.0329873 0.999402 0.0103753 -3.88611 -0.222025 -0.0174492 0.974885 132.508 
0.974622 0.0381531 0.220582 65.9237 -0.0378305 0.999268 -0.00568828 -3.89145 -0.220637 -0.0028008 0.975352 133.314 
0.974903 0.0383158 0.219308 66.1005 -0.0362272 0.999252 -0.0135386 -3.89922 -0.219663 0.00525393 0.975562 134.124 
0.975507 0.0342727 0.217284 66.282 -0.0319427 0.999388 -0.0142275 -3.92143 -0.217638 0.00693834 0.976005 134.94 
0.976103 0.0340144 0.214629 66.4559 -0.032076 0.999407 -0.0125091 -3.94882 -0.214927 0.00532576 0.976616 135.76 
0.976907 0.0336075 0.211008 66.6239 -0.0313986 0.999412 -0.013811 -3.96576 -0.211348 0.00686669 0.977387 136.575 
0.977894 0.0346972 0.2062 66.7894 -0.0322073 0.999362 -0.0154204 -3.98593 -0.206604 0.00843843 0.978388 137.387 
0.978298 0.0398299 0.203341 66.9426 -0.0374848 0.999179 -0.0153726 -4.01117 -0.203786 0.00741683 0.978987 138.198 
0.978444 0.0459511 0.201337 67.0913 -0.0436865 0.998922 -0.0156793 -4.03034 -0.201841 0.00654561 0.979396 139.009 
0.978737 0.0473759 0.199572 67.2456 -0.0455537 0.998868 -0.0137149 -4.05314 -0.199996 0.00433206 0.979787 139.818 
0.979058 0.0452769 0.198484 67.4038 -0.0444111 0.998974 -0.00881382 -4.07449 -0.19868 -0.000185657 0.980064 140.627 
0.979407 0.043899 0.197065 67.5603 -0.043011 0.999036 -0.00878609 -4.09485 -0.197261 0.0001292 0.980351 141.429 
0.980001 0.0422818 0.194451 67.715 -0.0407828 0.999099 -0.0117077 -4.11627 -0.194771 0.00354331 0.980842 142.225 
0.981146 0.0375665 0.189581 67.8711 -0.0352722 0.999258 -0.0154626 -4.13673 -0.190022 0.00848413 0.981743 143.019 
0.982481 0.0347716 0.183091 68.0203 -0.032301 0.999343 -0.0164595 -4.15513 -0.183543 0.0102571 0.982958 143.815 
0.983701 0.0330313 0.176752 68.1601 -0.0315698 0.99944 -0.0110752 -4.17376 -0.177019 0.00531464 0.984193 144.617 
0.984825 0.0304352 0.170862 68.2943 -0.03043 0.999533 -0.0026495 -4.19107 -0.170863 -0.00259005 0.985291 145.423 
0.985543 0.0274675 0.167184 68.4294 -0.0290054 0.999556 0.00676389 -4.20216 -0.166924 -0.0115154 0.985902 146.228 
0.985997 0.0341536 0.163226 68.5458 -0.0361784 0.999301 0.00944772 -4.21106 -0.162789 -0.0152207 0.986543 147.029 
0.98667 0.0369877 0.158473 68.6609 -0.038248 0.999256 0.00490859 -4.21988 -0.158174 -0.0109044 0.987351 147.823 
0.987815 0.0375813 0.151026 68.7781 -0.0372124 0.999293 -0.0052689 -4.22813 -0.151117 -0.000415336 0.988516 148.613 
0.988901 0.0344001 0.14454 68.8941 -0.033196 0.999391 -0.0107348 -4.23404 -0.144821 0.00581754 0.989441 149.411 
0.989871 0.0335593 0.137945 69.0015 -0.0325445 0.999424 -0.00960629 -4.24711 -0.138188 0.00501962 0.990393 150.221 
0.990647 0.0401848 0.130396 69.0921 -0.0397273 0.999192 -0.00610855 -4.26518 -0.130536 0.000871148 0.991443 151.037 
0.991431 0.045661 0.122387 69.1731 -0.0450824 0.998955 -0.00749441 -4.28153 -0.122602 0.00191267 0.992454 151.851 
0.992508 0.0483401 0.11221 69.255 -0.0471525 0.9988 -0.0132158 -4.29664 -0.112714 0.00782577 0.993597 152.662 
0.993496 0.0469554 0.103736 69.3349 -0.0455896 0.99884 -0.0154996 -4.31193 -0.104343 0.0106695 0.994484 153.477 
0.994299 0.0470028 0.0957095 69.4062 -0.0460071 0.998862 -0.0125851 -4.32833 -0.0961921 0.00811004 0.99533 154.298 
0.994873 0.0496556 0.0881041 69.4655 -0.0493742 0.998766 -0.005372 -4.34618 -0.0882622 0.000994392 0.996097 155.125 
0.995373 0.0530874 0.080084 69.5164 -0.0532952 0.998579 0.000457535 -4.35875 -0.0799459 -0.00472351 0.996788 155.953 
0.995998 0.0520607 0.0726511 69.5683 -0.0524794 0.998615 0.00386489 -4.36803 -0.0723492 -0.00766211 0.99735 156.776 
0.996386 0.0528836 0.0664711 69.6156 -0.0534012 0.998555 0.00603429 -4.37515 -0.0660559 -0.00956212 0.99777 157.599 
0.996707 0.0519874 0.0622256 69.6603 -0.0523553 0.998619 0.00429533 -4.38402 -0.0619163 -0.00753903 0.998053 158.417 
0.996726 0.0568274 0.0575212 69.6943 -0.0568577 0.998382 -0.00111194 -4.39334 -0.0574913 -0.00216223 0.998344 159.229 
0.99658 0.0628033 0.0536971 69.7209 -0.0624769 0.998016 -0.00773742 -4.40454 -0.0540765 0.00435613 0.998527 160.042 
0.996658 0.0640611 0.0506904 69.7508 -0.0636333 0.997923 -0.0100117 -4.41473 -0.0512265 0.00675265 0.998664 160.857 
0.996696 0.0657227 0.04772 69.7812 -0.0656101 0.997838 -0.00392314 -4.42599 -0.0478746 0.000779264 0.998853 161.683 
0.996633 0.0678521 0.04602 69.8053 -0.0682223 0.997649 0.00652175 -4.43389 -0.0454693 -0.00963938 0.998919 162.511 
0.996683 0.0691471 0.0429047 69.8298 -0.0697975 0.997465 0.0138497 -4.44241 -0.0418382 -0.0167984 0.998983 163.336 
0.997114 0.0658025 0.0378694 69.8566 -0.0662531 0.997745 0.0107675 -4.44987 -0.0370754 -0.0132454 0.999225 164.147 
0.998056 0.0535527 0.0318815 69.8911 -0.0536093 0.998562 0.000923313 -4.45587 -0.0317862 -0.00263066 0.999491 164.952 
0.998382 0.0512319 0.0246703 69.9132 -0.0511571 0.998684 -0.0036543 -4.45638 -0.0248251 0.00238632 0.999689 165.761 
0.998321 0.0550839 0.017936 69.9146 -0.0550525 0.998481 -0.00224038 -4.46387 -0.0180322 0.0012492 0.999837 166.581 
0.998538 0.053044 0.0104337 69.9163 -0.0530901 0.998581 0.00419315 -4.47464 -0.0101965 -0.00474095 0.999937 167.407 
0.998858 0.0476798 0.0029343 69.9219 -0.0477015 0.998831 0.00784343 -4.48124 -0.0025569 -0.00797444 0.999965 168.236 
0.99924 0.03889 -0.00271781 69.9233 -0.0388548 0.999173 0.0120085 -4.47982 0.00318257 -0.0118938 0.999924 169.067 
0.999356 0.0347288 -0.00897713 69.9169 -0.0346193 0.999328 0.0120852 -4.48503 0.0093908 -0.0117667 0.999887 169.892 
0.999385 0.0315223 -0.0153847 69.9018 -0.0314433 0.999491 0.00534975 -4.49334 0.0155455 -0.00486271 0.999867 170.714 
0.999484 0.0224223 -0.0229878 69.8885 -0.0225359 0.999735 -0.00469619 -4.49832 0.0228764 0.00521182 0.999725 171.532 
0.999483 0.0122583 -0.0297078 69.8771 -0.0125216 0.999884 -0.00869272 -4.50454 0.0295978 0.00906022 0.999521 172.358 
0.99922 0.0160251 -0.0361014 69.8407 -0.0160776 0.99987 -0.00116311 -4.51307 0.0360781 0.00174263 0.999347 173.198 
0.998805 0.0267458 -0.0409147 69.7848 -0.0262704 0.999581 0.0121121 -4.51837 0.0412215 -0.0110228 0.999089 174.044 
0.998462 0.0317618 -0.0454463 69.7323 -0.0308842 0.999325 0.0198838 -4.52509 0.0460472 -0.0184496 0.998769 174.887 
0.998303 0.0312001 -0.049178 69.6834 -0.0303996 0.999394 0.0169417 -4.52531 0.0496768 -0.015418 0.998646 175.72 
0.998144 0.0327694 -0.0513241 69.6308 -0.0324934 0.999453 0.00620243 -4.52465 0.0514992 -0.00452323 0.998663 176.545 
0.99758 0.0433955 -0.0543153 69.5645 -0.0436187 0.999044 -0.00293098 -4.527 0.0541362 0.00529305 0.99852 177.373 
0.997527 0.0417227 -0.0565588 69.5107 -0.0421579 0.99909 -0.00652293 -4.53449 0.0562352 0.0088912 0.998378 178.21 
0.997599 0.0364206 -0.0589006 69.4677 -0.0365815 0.999329 -0.00165548 -4.54444 0.0588008 0.00380618 0.998262 179.057 
0.997605 0.0367406 -0.0586102 69.4133 -0.0363829 0.999312 0.00715789 -4.55189 0.0588329 -0.00500833 0.998255 179.912 
0.997561 0.0385986 -0.058152 69.3533 -0.0379215 0.9992 0.0127032 -4.5572 0.0585958 -0.010467 0.998227 180.764 
0.997463 0.038511 -0.0598733 69.2971 -0.0378651 0.999212 0.0118855 -4.56143 0.0602839 -0.00958822 0.998135 181.611 
0.997444 0.035215 -0.0621668 69.2417 -0.0351058 0.99938 0.0028485 -4.56792 0.0622285 -0.000658809 0.998062 182.449 
0.99761 0.0244308 -0.0646265 69.1984 -0.0250452 0.999648 -0.00871425 -4.57784 0.0643909 0.010312 0.997871 183.285 
0.997672 0.0140203 -0.0667318 69.1544 -0.014906 0.999807 -0.0127926 -4.58917 0.0665396 0.0137576 0.997689 184.128 
0.997569 0.0167188 -0.0676464 69.0906 -0.0173117 0.999817 -0.00818721 -4.60273 0.0674971 0.00933839 0.997676 184.978 
0.997381 0.0227754 -0.0686443 69.0208 -0.0226505 0.99974 0.00259721 -4.61765 0.0686856 -0.00103558 0.997638 185.83 
0.997255 0.0238522 -0.0700982 68.9556 -0.0234747 0.999705 0.00620467 -4.63327 0.0702256 -0.0045421 0.997521 186.673 
0.997212 0.0228233 -0.0710493 68.8948 -0.0227036 0.999739 0.00249217 -4.64324 0.0710876 -0.000872149 0.99747 187.506 
0.997219 0.0230226 -0.0708857 68.8299 -0.0233463 0.99972 -0.00374097 -4.65067 0.0707798 0.00538549 0.997477 188.336 
0.997012 0.0297101 -0.0713057 68.7564 -0.0300797 0.999539 -0.0041148 -4.66069 0.0711506 0.00624736 0.997446 189.167 
0.996904 0.0324979 -0.0716043 68.6877 -0.0326552 0.999466 -0.00102621 -4.6747 0.0715328 0.00336128 0.997433 190 
0.996719 0.0363221 -0.0723362 68.6179 -0.0362584 0.99934 0.00219408 -4.68768 0.0723681 0.000435914 0.997378 190.83 
0.996582 0.0398804 -0.0723468 68.5487 -0.0396219 0.999202 0.005005 -4.69659 0.0724887 -0.00212137 0.997367 191.657 
