1 0 -0 0 -0 1 0 0 0 -0 1 -0 
0.999991 -0.0026962 -0.00332754 -0.00191016 0.00268901 0.999994 -0.00216491 -0.00458536 0.00333336 0.00215594 0.999992 0.671865 
0.999972 -0.00134245 -0.00738689 -0.0118782 0.0013148 0.999992 -0.00374677 -0.00717574 0.00739187 0.00373695 0.999966 1.36084 
0.999935 -0.00139059 -0.0112991 -0.0262284 0.00133138 0.999985 -0.0052464 -0.0104668 0.0113062 0.00523102 0.999922 2.06672 
0.999868 -9.88856e-05 -0.0162364 -0.0431844 4.57091e-06 0.999983 -0.00580878 -0.0174344 0.0162367 0.00580794 0.999851 2.7889 
0.999787 -0.00116109 -0.0206049 -0.0616787 0.00103788 0.999982 -0.00598919 -0.0270547 0.0206115 0.00596653 0.99977 3.52755 
0.999684 0.000585665 -0.0251322 -0.0871628 -0.000768242 0.999973 -0.00725564 -0.0357026 0.0251273 0.00727265 0.999658 4.27985 
0.999544 0.00325371 -0.0300312 -0.118231 -0.003491 0.999963 -0.00785252 -0.0450475 0.0300046 0.00795377 0.999518 5.0455 
0.999405 0.00358764 -0.0342943 -0.151043 -0.00380445 0.999973 -0.00625896 -0.0537853 0.0342709 0.00638571 0.999392 5.82709 
0.999246 0.00277625 -0.0387172 -0.185265 -0.00291772 0.999989 -0.00359793 -0.0626941 0.0387067 0.00370819 0.999244 6.62063 
0.999104 0.00244329 -0.0422435 -0.22208 -0.00248366 0.999997 -0.00090318 -0.0727576 0.0422411 0.00100729 0.999107 7.42254 
0.998985 0.00393294 -0.0448614 -0.265625 -0.00400478 0.999991 -0.00151165 -0.0827222 0.044855 0.00168978 0.998992 8.22997 
0.998887 0.00339998 -0.047048 -0.308452 -0.00348493 0.999992 -0.00172381 -0.0897541 0.0470418 0.00188585 0.998891 9.04525 
0.998806 0.000422762 -0.0488504 -0.348532 -0.00053583 0.999997 -0.00230149 -0.0967017 0.0488493 0.00232492 0.998803 9.86924 
0.998705 0.000316857 -0.0508768 -0.393069 -0.000391638 0.999999 -0.00145989 -0.105468 0.0508763 0.00147792 0.998704 10.7047 
0.99863 -0.00112185 -0.0523082 -0.438714 0.00103571 0.999998 -0.00167383 -0.115633 0.0523099 0.00161736 0.99863 11.5477 
0.99853 0.00121061 -0.0541929 -0.490735 -0.00142813 0.999991 -0.00397522 -0.126202 0.0541876 0.00404677 0.998523 12.3977 
0.998456 0.00164331 -0.0555291 -0.54396 -0.00201242 0.999976 -0.00659186 -0.136816 0.0555169 0.00669343 0.998435 13.2558 
0.998342 0.00553857 -0.0572917 -0.602245 -0.00601936 0.999948 -0.00822278 -0.148058 0.0572432 0.00855401 0.998324 14.1221 
0.998276 0.00640374 -0.0583365 -0.659336 -0.00687198 0.999946 -0.00782941 -0.161802 0.0582832 0.0082168 0.998266 14.9989 
0.998202 0.00548734 -0.0596861 -0.715346 -0.00587663 0.999963 -0.00634875 -0.176159 0.059649 0.00668809 0.998197 15.8843 
0.998113 0.00614465 -0.0611017 -0.7739 -0.00645351 0.999967 -0.00485891 -0.188898 0.0610698 0.00524406 0.99812 16.7745 
0.998054 0.00572877 -0.062086 -0.833472 -0.0060371 0.99997 -0.00477966 -0.202719 0.0620567 0.00514518 0.998059 17.6682 
0.99795 0.00559226 -0.0637482 -0.893769 -0.00596234 0.999966 -0.00561662 -0.215761 0.0637147 0.0059852 0.99795 18.5654 
0.997891 0.0041576 -0.0647711 -0.954321 -0.0045798 0.999969 -0.00637123 -0.228429 0.0647426 0.00665444 0.99788 19.4689 
0.997855 0.00428708 -0.0653296 -1.01731 -0.00460263 0.999978 -0.00468035 -0.240595 0.0653081 0.004971 0.997853 20.3784 
0.997853 0.00565753 -0.065255 -1.08345 -0.00575185 0.999983 -0.00125762 -0.253437 0.0652468 0.00163026 0.997868 21.298 
0.997901 0.00666609 -0.064408 -1.14872 -0.00651988 0.999976 0.00248 -0.263747 0.064423 -0.00205486 0.997921 22.2216 
0.998007 0.00555726 -0.062861 -1.20936 -0.00523417 0.999972 0.0053033 -0.270293 0.0628887 -0.0049637 0.998008 23.1513 
0.998102 0.00574785 -0.0613153 -1.26935 -0.00538531 0.999967 0.00607625 -0.276415 0.0613482 -0.00573451 0.9981 24.0828 
0.998183 0.00599794 -0.0599482 -1.32931 -0.00581377 0.999978 0.00324595 -0.283062 0.0599664 -0.00289153 0.998196 25.0184 
0.998231 0.00682343 -0.0590624 -1.38917 -0.00693035 0.999975 -0.0016055 -0.289439 0.0590499 0.00201198 0.998253 25.9561 
0.998306 0.0059341 -0.0578702 -1.44641 -0.00620758 0.99997 -0.0045471 -0.297967 0.0578415 0.00489864 0.998314 26.9006 
0.998359 0.00336931 -0.0571677 -1.50104 -0.00357661 0.999987 -0.00352423 -0.309033 0.0571551 0.00372291 0.998358 27.8544 
0.998349 0.00150928 -0.0574137 -1.55642 -0.00142886 0.999998 0.00144177 -0.319588 0.0574157 -0.00135735 0.998349 28.8158 
0.9983 -0.00227598 -0.0582323 -1.61088 0.0025666 0.999985 0.00491642 -0.330722 0.0582202 -0.00505752 0.998291 29.781 
0.998193 -0.00971119 -0.0592955 -1.65982 0.00998514 0.999941 0.00432554 -0.339529 0.05925 -0.00490979 0.998231 30.7433 
0.998082 -0.0119163 -0.0607483 -1.71572 0.0119639 0.999928 0.000420978 -0.34554 0.0607389 -0.00114696 0.998153 31.7075 
0.997998 -0.0117279 -0.062156 -1.77965 0.0115336 0.999927 -0.00348336 -0.355145 0.0621923 0.0027595 0.99806 32.6757 
0.997876 -0.0104439 -0.0642936 -1.84516 0.010194 0.999939 -0.00421305 -0.366459 0.0643337 0.0035487 0.997922 33.6502 
0.997822 -0.0104785 -0.0651289 -1.91195 0.0103156 0.999943 -0.00283818 -0.378793 0.0651549 0.00216015 0.997873 34.6327 
0.997772 -0.00740573 -0.0663003 -1.98397 0.007422 0.999972 -8.55212e-07 -0.392397 0.0662985 -0.000491227 0.9978 35.6168 
0.997683 -0.00748466 -0.0676224 -2.05325 0.00759239 0.99997 0.00133618 -0.403554 0.0676104 -0.0018465 0.99771 36.6014 
0.997622 -0.00614629 -0.0686436 -2.12298 0.00643131 0.999972 0.00393206 -0.41214 0.0686175 -0.00436418 0.997633 37.5865 
0.997628 -0.0062582 -0.0685437 -2.19287 0.00675419 0.999953 0.00700674 -0.421225 0.0684966 -0.00745308 0.997624 38.5742 
0.997609 -0.000447644 -0.0691021 -2.27104 0.00109324 0.999956 0.00930507 -0.426608 0.0690949 -0.00935837 0.997566 39.5587 
0.9976 -0.000595553 -0.0692446 -2.34395 0.00120829 0.99996 0.00880729 -0.433682 0.0692367 -0.00886981 0.997561 40.5389 
0.997606 -0.000480745 -0.069159 -2.41393 0.000974262 0.999974 0.00710242 -0.437107 0.0691538 -0.0071528 0.99758 41.5179 
0.997607 0.00176472 -0.0691118 -2.48923 -0.00142746 0.999987 0.00492899 -0.444526 0.0691196 -0.00481854 0.997597 42.4934 
0.997537 0.00135988 -0.0701236 -2.56014 -0.00101067 0.999987 0.00501525 -0.453679 0.0701295 -0.00493203 0.997526 43.4693 
0.997451 -0.000601527 -0.071358 -2.62959 0.00104591 0.99998 0.00619029 -0.461163 0.0713528 -0.00624914 0.997432 44.4465 
0.997392 -4.56151e-05 -0.0721774 -2.70415 0.000571826 0.999973 0.00726988 -0.470439 0.0721751 -0.00729219 0.997365 45.4182 
0.997375 0.00239468 -0.0723687 -2.78261 -0.00213119 0.999991 0.00371803 -0.481485 0.0723769 -0.00355404 0.997371 46.3818 
0.997317 0.00290526 -0.0731447 -2.86016 -0.00294555 0.999996 -0.000442889 -0.490584 0.0731431 0.000657152 0.997321 47.3417 
0.99727 0.00377119 -0.07374 -2.93579 -0.00390594 0.999991 -0.00168329 -0.501388 0.073733 0.00196672 0.997276 48.3016 
0.997266 0.00256728 -0.0738477 -3.00904 -0.00243382 0.999995 0.00189721 -0.515167 0.0738522 -0.00171229 0.997268 49.2643 
0.997251 0.00067097 -0.0740908 -3.08019 -0.000299913 0.999987 0.00501915 -0.527242 0.0740933 -0.00498313 0.997239 50.2228 
0.997234 -0.00119967 -0.0743154 -3.15233 0.00162732 0.999982 0.00569423 -0.537702 0.0743072 -0.00579942 0.997219 51.1743 
0.997214 -0.0043464 -0.0744688 -3.22297 0.00469209 0.999979 0.00446771 -0.547467 0.0744478 -0.00480467 0.997213 52.1217 
0.997166 -0.00706181 -0.0748996 -3.2929 0.00732022 0.999968 0.00317614 -0.557377 0.0748748 -0.00371542 0.997186 53.0646 
0.997072 -0.00861836 -0.0759802 -3.36525 0.00897766 0.99995 0.00438854 -0.566173 0.0759386 -0.00505781 0.9971 54.0081 
0.996951 -0.0116783 -0.0771457 -3.4355 0.0123711 0.999887 0.00850814 -0.57329 0.0770377 -0.00943658 0.996984 54.951 
0.996892 -0.0125556 -0.0777716 -3.50729 0.0136453 0.999816 0.0134959 -0.578032 0.0775878 -0.0145152 0.99688 55.8923 
0.996872 -0.010791 -0.0782892 -3.58635 0.0120606 0.999803 0.0157626 -0.581337 0.0781037 -0.0166575 0.996806 56.8257 
0.996772 -0.00970269 -0.0796956 -3.66444 0.0106789 0.999873 0.0118318 -0.585925 0.0795707 -0.0126447 0.996749 57.7457 
0.996681 -0.00817787 -0.0809956 -3.74284 0.00853381 0.999955 0.00404937 -0.590684 0.0809589 -0.00472713 0.996706 58.6531 
0.996626 -0.00650956 -0.0818171 -3.82232 0.00646906 0.999979 -0.000760109 -0.598926 0.0818203 0.000228265 0.996647 59.5521 
0.996561 -0.00157834 -0.082842 -3.90705 0.00159753 0.999999 0.000165387 -0.610633 0.0828416 -0.000297161 0.996563 60.4472 
0.996489 0.00121414 -0.0837199 -3.99007 -0.00101147 0.999996 0.00246323 -0.625192 0.0837226 -0.0023699 0.996486 61.33 
0.996387 0.00377895 -0.0848396 -4.07024 -0.00344621 0.999986 0.00406808 -0.639721 0.0848537 -0.00376101 0.996386 62.1986 
0.996294 0.00448065 -0.085897 -4.14945 -0.00416955 0.999984 0.00380075 -0.648779 0.0859127 -0.00342851 0.996297 63.051 
0.996146 0.00621205 -0.0874914 -4.22933 -0.00582723 0.999972 0.00465309 -0.659171 0.0875178 -0.00412533 0.996154 63.893 
0.996023 0.00706361 -0.088818 -4.30769 -0.0066196 0.999964 0.00529268 -0.672153 0.0888522 -0.00468369 0.996034 64.721 
0.99589 0.00699741 -0.0903049 -4.38503 -0.0065027 0.999962 0.00577126 -0.68294 0.0903418 -0.00516031 0.995897 65.5371 
0.995776 0.00687008 -0.0915552 -4.46212 -0.00627219 0.999957 0.00681645 -0.690187 0.0915981 -0.00621341 0.995777 66.3401 
0.995636 0.00964073 -0.0928193 -4.54394 -0.0087971 0.999916 0.00949385 -0.69665 0.0929031 -0.00863589 0.995638 67.1316 
0.995508 0.0111237 -0.0940234 -4.62385 -0.00988548 0.999858 0.0136245 -0.702472 0.0941616 -0.0126338 0.995477 67.9103 
0.995312 0.0143164 -0.095653 -4.70398 -0.0129027 0.999798 0.0153817 -0.70762 0.0958539 -0.0140754 0.995296 68.6703 
0.995142 0.0171164 -0.0969495 -4.78518 -0.0160964 0.999807 0.0112931 -0.715342 0.097124 -0.00967766 0.995225 69.4084 
0.995018 0.0170738 -0.098223 -4.86211 -0.016755 0.999851 0.00407048 -0.724628 0.0982779 -0.00240448 0.995156 70.1233 
0.994886 0.0161925 -0.099693 -4.93383 -0.0164496 0.999863 -0.00175812 -0.731974 0.0996509 0.00338904 0.995017 70.8218 
0.994834 0.0170542 -0.100077 -5.00886 -0.0174387 0.999844 -0.00296934 -0.738107 0.100011 0.00469923 0.994975 71.5041 
0.994713 0.0198468 -0.100761 -5.08428 -0.0198807 0.999802 0.000667429 -0.750861 0.100755 0.00133931 0.99491 72.1699 
0.994579 0.0200928 -0.10202 -5.1543 -0.0198853 0.999798 0.00305051 -0.768186 0.10206 -0.00100528 0.994778 72.8134 
0.994536 0.0169761 -0.103005 -5.21942 -0.0170848 0.999854 -0.000172471 -0.781009 0.102987 0.00193135 0.994681 73.4344 
0.994648 0.00886867 -0.102943 -5.27383 -0.00946799 0.999941 -0.00533475 -0.79418 0.10289 0.00628087 0.994673 74.0375 
0.99478 0.00483593 -0.101926 -5.32882 -0.00589847 0.999931 -0.0101257 -0.805632 0.10187 0.0106741 0.99474 74.6238 
0.995082 0.00734868 -0.0987828 -5.38947 -0.00840955 0.999911 -0.0103273 -0.817463 0.0986981 0.0111072 0.995055 75.198 
0.995434 0.0123392 -0.094655 -5.45185 -0.0130905 0.999888 -0.00732017 -0.830019 0.094554 0.00852582 0.995483 75.7591 
0.99588 0.0107676 -0.0900346 -5.49854 -0.0111972 0.999928 -0.00426739 -0.84118 0.0899822 0.00525795 0.995929 76.3081 
0.996408 0.0070703 -0.0843821 -5.53469 -0.00709804 0.999975 -2.87689e-05 -0.853139 0.0843798 0.000627613 0.996433 76.8471 
0.997085 0.00267774 -0.0762519 -5.56433 -0.00241966 0.999991 0.00347684 -0.867162 0.0762606 -0.0032822 0.997083 77.3739 
0.997832 0.00632727 -0.0655107 -5.59801 -0.00612234 0.999976 0.00332858 -0.875878 0.0655302 -0.00292029 0.997846 77.8849 
0.998664 0.0115559 -0.0503573 -5.62735 -0.0114284 0.999931 0.00281835 -0.883309 0.0503864 -0.00223908 0.998727 78.3833 
0.999339 0.0166253 -0.0323208 -5.64219 -0.0165253 0.999858 0.00335854 -0.888885 0.032372 -0.00282221 0.999472 78.8722 
0.999834 0.0150272 -0.0103175 -5.63346 -0.0149881 0.99988 0.00385589 -0.89428 0.0103742 -0.00370061 0.999939 79.3483 
0.999808 0.0115493 0.0158328 -5.60604 -0.0116266 0.999921 0.0047992 -0.901845 -0.0157761 -0.00498236 0.999863 79.812 
0.998917 0.0104841 0.045337 -5.56604 -0.0107831 0.999922 0.00635566 -0.90925 -0.0452668 -0.00683765 0.998952 80.2667 
0.996871 0.0100882 0.0783985 -5.51135 -0.010733 0.999912 0.00780748 -0.916039 -0.0783128 -0.0086245 0.996892 80.7142 
0.993211 0.0100574 0.115895 -5.43811 -0.0110962 0.999904 0.00832129 -0.921892 -0.1158 -0.00955078 0.993227 81.1529 
0.987447 0.0103167 0.157613 -5.34649 -0.0117612 0.999897 0.00823486 -0.925915 -0.157512 -0.00998521 0.987467 81.5833 
0.979158 0.0100676 0.202848 -5.23488 -0.0119751 0.999895 0.0081784 -0.932032 -0.202744 -0.0104371 0.979176 82.0011 
0.967659 0.0122399 0.251964 -5.10466 -0.0142445 0.99988 0.0061332 -0.941625 -0.251858 -0.00952393 0.967717 82.404 
0.952187 0.0132437 0.305229 -4.95238 -0.0149388 0.999883 0.00321855 -0.950325 -0.305151 -0.00762442 0.952273 82.7898 
0.93242 0.0135707 0.361123 -4.77636 -0.0149262 0.999888 0.000964333 -0.957036 -0.361069 -0.00628934 0.932518 83.1587 
0.908115 0.0143455 0.418476 -4.5787 -0.015281 0.999883 -0.00111574 -0.961626 -0.418443 -0.00538152 0.908227 83.5111 
0.879071 0.0145833 0.476468 -4.35859 -0.0147866 0.999885 -0.0033228 -0.966243 -0.476462 -0.00412435 0.879186 83.8435 
0.845623 0.0130644 0.53362 -4.11646 -0.0119755 0.999913 -0.00550297 -0.975142 -0.533646 -0.00173691 0.845706 84.1523 
0.808778 0.0126785 0.587978 -3.85464 -0.0108385 0.999919 -0.00665253 -0.98738 -0.588015 -0.000992355 0.80885 84.4439 
0.768785 0.0113619 0.639406 -3.57539 -0.0100341 0.999933 -0.00570391 -0.998582 -0.639428 -0.00203079 0.768848 84.7202 
0.725812 0.0110206 0.687805 -3.28024 -0.0116601 0.999925 -0.00371714 -1.00701 -0.687794 -0.00532196 0.725886 84.9812 
0.680421 0.0100097 0.732753 -2.96849 -0.0109352 0.999934 -0.00350531 -1.01466 -0.73274 -0.00562769 0.680485 85.2187 
0.633681 0.00869523 0.773546 -2.64257 -0.00778378 0.999958 -0.00486388 -1.02387 -0.773556 -0.00293897 0.633722 85.4314 
0.586699 0.00608239 0.809782 -2.30255 -0.00233957 0.99998 -0.00581595 -1.03373 -0.809802 0.00151767 0.586702 85.6207 
0.53977 0.0081485 0.841773 -1.95832 -0.00434572 0.999967 -0.00689324 -1.04447 -0.841802 6.26549e-05 0.539787 85.8001 
0.49221 0.0110205 0.870406 -1.60851 -0.00829401 0.999934 -0.0079703 -1.05516 -0.870437 -0.0032961 0.492269 85.967 
0.446583 0.0131379 0.894646 -1.2505 -0.00901857 0.999907 -0.0101818 -1.06486 -0.894697 -0.00352139 0.44666 86.1114 
0.404247 0.0105641 0.914589 -0.880872 -0.00167903 0.99994 -0.0108078 -1.07131 -0.914648 0.00283341 0.404241 86.228 
0.364777 0.00304129 0.93109 -0.498751 0.013459 0.999873 -0.00853885 -1.07484 -0.930998 0.0156463 0.36469 86.3211 
0.329454 -0.000581261 0.944171 -0.114882 0.0177181 0.999828 -0.00556692 -1.07821 -0.944005 0.0185629 0.329408 86.4163 
0.29631 0.00350438 0.955085 0.267064 0.0151857 0.99985 -0.00837991 -1.08602 -0.954971 0.0169867 0.296212 86.5165 
0.265129 0.0111643 0.964148 0.650885 0.0044013 0.999909 -0.0127887 -1.10098 -0.964203 0.00763416 0.265056 86.6218 
0.236718 0.0154949 0.971455 1.04636 -0.000282452 0.999874 -0.0158794 -1.11895 -0.971578 0.00348454 0.236692 86.7109 
0.211071 0.0171716 0.97732 1.4537 0.00103942 0.999841 -0.0177918 -1.13469 -0.97747 0.00477117 0.211019 86.7796 
0.187739 0.0185208 0.982044 1.87198 0.00852286 0.999754 -0.0204841 -1.14556 -0.982182 0.0122155 0.187534 86.8328 
0.167698 0.0248527 0.985525 2.29757 0.0156541 0.999489 -0.0278685 -1.14547 -0.985714 0.020101 0.167223 86.8782 
0.148023 0.03164 0.988478 2.73252 0.0178506 0.99924 -0.0346576 -1.14609 -0.988823 0.0227751 0.147346 86.9287 
0.130383 0.0324434 0.990933 3.18369 0.0153873 0.999278 -0.0347412 -1.16045 -0.991344 0.0197775 0.12979 86.984 
0.114892 0.0279958 0.992983 3.65177 0.0134888 0.999467 -0.0297393 -1.18449 -0.993286 0.016811 0.114453 87.0331 
0.100376 0.0247382 0.994642 4.13105 0.01383 0.99956 -0.0262562 -1.2058 -0.994853 0.0163914 0.0999899 87.0743 
0.0871442 0.0222804 0.995947 4.62304 0.0162196 0.999586 -0.023781 -1.22305 -0.996064 0.0182263 0.0867467 87.1071 
0.0756047 0.0214665 0.996907 5.12817 0.0200754 0.999533 -0.0230455 -1.23807 -0.996936 0.0217556 0.0751384 87.1339 
0.0654948 0.0221256 0.997608 5.64659 0.0232885 0.999448 -0.0236954 -1.25301 -0.997581 0.0247847 0.0649433 87.1583 
0.0576376 0.0226775 0.99808 6.18082 0.0253479 0.999386 -0.024171 -1.26853 -0.998016 0.0266923 0.0570274 87.1832 
0.0520767 0.0230272 0.998378 6.73272 0.0271009 0.999333 -0.0244629 -1.28474 -0.998275 0.0283309 0.051418 87.207 
0.0465414 0.0241317 0.998625 7.29993 0.0283306 0.999274 -0.0254678 -1.30116 -0.998515 0.029477 0.0458239 87.2295 
0.0405808 0.0248233 0.998868 7.88576 0.0288549 0.999245 -0.026005 -1.31814 -0.99876 0.0298776 0.0398339 87.2508 
0.0362825 0.0248746 0.999032 8.48859 0.0313274 0.999171 -0.0260158 -1.33644 -0.99885 0.032241 0.0354732 87.268 
0.0333758 0.0248679 0.999133 9.10986 0.0328223 0.999124 -0.0259641 -1.35519 -0.998904 0.0336604 0.0325304 87.285 
0.0303162 0.0244127 0.999242 9.74798 0.0336756 0.999109 -0.0254311 -1.37471 -0.998973 0.0344211 0.0294671 87.3035 
0.0279162 0.0238652 0.999325 10.4028 0.0357209 0.999053 -0.0248566 -1.39433 -0.998972 0.0363907 0.0270373 87.3195 
0.0272701 0.0235164 0.999351 11.0735 0.0401935 0.998889 -0.0246023 -1.41461 -0.99882 0.0408384 0.0262946 87.3323 
0.028345 0.0231635 0.99933 11.7602 0.0437267 0.998746 -0.0243902 -1.4355 -0.998641 0.0443887 0.0272966 87.3466 
0.030815 0.0230966 0.999258 12.4628 0.0454976 0.998664 -0.0244859 -1.45631 -0.998489 0.0462184 0.029723 87.3675 
0.0346906 0.0230256 0.999133 13.1808 0.047985 0.998543 -0.0246781 -1.47804 -0.998245 0.0487995 0.0335352 87.3915 
0.0390458 0.0225703 0.998982 13.9159 0.04839 0.998529 -0.0244514 -1.49883 -0.998065 0.0492955 0.0378962 87.42 
0.0430905 0.0209531 0.998851 14.6669 0.0498525 0.99849 -0.0230961 -1.51992 -0.997827 0.0507905 0.0419809 87.4527 
0.0471 0.0193862 0.998702 15.4324 0.0497352 0.998526 -0.0217284 -1.54195 -0.997651 0.0506941 0.0460664 87.4914 
0.0512258 0.0172865 0.998537 16.2126 0.0466625 0.998717 -0.0196835 -1.56448 -0.997596 0.0476025 0.0503535 87.5376 
0.0552567 0.0162493 0.99834 17.0043 0.0458676 0.998771 -0.018795 -1.58535 -0.997418 0.04683 0.0544435 87.5879 
0.0592827 0.0172219 0.998093 17.8003 0.0430792 0.998876 -0.0197942 -1.6085 -0.997311 0.0441705 0.0584742 87.6427 
0.0624408 0.0213073 0.997821 18.5985 0.0410007 0.998873 -0.0238955 -1.63562 -0.997206 0.0424035 0.0614969 87.6984 
0.063706 0.0265756 0.997615 19.3997 0.0351907 0.998964 -0.0288588 -1.66305 -0.997348 0.0369453 0.0627047 87.7603 
0.0635338 0.0296633 0.997539 20.2075 0.0322713 0.998974 -0.0317613 -1.69401 -0.997458 0.0342098 0.0625114 87.819 
0.063615 0.0291176 0.99755 21.0165 0.0299617 0.999068 -0.0310726 -1.72828 -0.997525 0.031865 0.0626833 87.8768 
0.0635849 0.027279 0.997604 21.8294 0.0271386 0.999209 -0.0290527 -1.76494 -0.997607 0.0289209 0.0627943 87.9357 
0.063429 0.026117 0.997645 22.6396 0.028145 0.999213 -0.0279475 -1.79725 -0.997589 0.0298514 0.062644 87.99 
0.0638971 0.0254467 0.997632 23.4498 0.0256071 0.999304 -0.0271294 -1.83146 -0.997628 0.0272799 0.063201 88.047 
0.0640205 0.0257786 0.997616 24.2576 0.0240099 0.999337 -0.0273639 -1.86554 -0.99766 0.0257045 0.0633591 88.1052 
0.0641455 0.0263501 0.997593 25.0637 0.0211291 0.999391 -0.0277563 -1.89937 -0.997717 0.0228587 0.0635497 88.1637 
0.0629486 0.0276897 0.997633 25.8667 0.0183539 0.999414 -0.0288972 -1.93311 -0.997848 0.0201295 0.0624035 88.2213 
0.0601109 0.0272872 0.997819 26.671 0.0153712 0.999482 -0.0282587 -1.96597 -0.998073 0.0170363 0.0596604 88.2775 
0.0562173 0.0259767 0.998081 27.4749 0.0128951 0.999559 -0.0267415 -1.99891 -0.998335 0.0143736 0.0558576 88.3294 
0.0513719 0.0235716 0.998401 28.2801 0.0109428 0.999648 -0.0241641 -2.03095 -0.99862 0.0121667 0.0510958 88.3763 
0.045098 0.0215123 0.998751 29.0824 0.00877224 0.999721 -0.0219293 -2.06262 -0.998944 0.00975026 0.0448967 88.4179 
0.0377172 0.0217101 0.999053 29.8786 0.00831921 0.999723 -0.0220387 -2.09376 -0.999254 0.00914256 0.0375261 88.4505 
0.0290323 0.0226932 0.999321 30.6717 0.0080997 0.999704 -0.0229372 -2.12268 -0.999546 0.00876012 0.0288399 88.4746 
0.0191111 0.0231052 0.99955 31.4632 0.00846327 0.999693 -0.0232704 -2.15055 -0.999782 0.00890418 0.0189097 88.4903 
0.00887753 0.022085 0.999717 32.2536 0.00961578 0.999708 -0.0221702 -2.17995 -0.999914 0.00980988 0.00866257 88.4969 
-0.00189941 0.0210929 0.999776 33.0408 0.00855322 0.999741 -0.0210759 -2.20968 -0.999962 0.00851127 -0.00207933 88.4972 
-0.0129605 0.0202872 0.99971 33.8244 0.00992926 0.999747 -0.0201592 -2.23703 -0.999867 0.00966511 -0.0131586 88.485 
-0.0239688 0.020626 0.9995 34.6032 0.0101104 0.999741 -0.0203885 -2.26543 -0.999662 0.00961669 -0.0241712 88.4663 
-0.0349678 0.0212115 0.999163 35.378 0.0103775 0.999729 -0.0208603 -2.29439 -0.999335 0.00963937 -0.0351784 88.4388 
-0.045629 0.0222497 0.998711 36.1466 0.009982 0.999712 -0.021816 -2.3227 -0.998909 0.00897369 -0.045838 88.4054 
-0.0559154 0.0233015 0.998164 36.9084 0.0109257 0.999682 -0.0227249 -2.34977 -0.998376 0.009635 -0.0561522 88.3616 
-0.0653372 0.0239968 0.997575 37.6643 0.0117502 0.99966 -0.0232774 -2.37778 -0.997794 0.0102008 -0.065597 88.3101 
-0.0749572 0.0244509 0.996887 38.4113 0.0124263 0.999645 -0.0235842 -2.40743 -0.997109 0.0106198 -0.0752344 88.2526 
-0.0842652 0.024745 0.996136 39.1511 0.0131516 0.999632 -0.0237193 -2.43688 -0.996357 0.0111021 -0.0845596 88.1889 
-0.092841 0.0242658 0.995385 39.8829 0.014272 0.999633 -0.0230382 -2.46482 -0.995579 0.0120673 -0.0931532 88.1186 
-0.100113 0.0230964 0.994708 40.6076 0.0160258 0.999638 -0.0215979 -2.49321 -0.994847 0.0137788 -0.100447 88.0426 
-0.105295 0.0214281 0.99421 41.3243 0.0188219 0.999632 -0.0195515 -2.52023 -0.994263 0.0166542 -0.105659 87.9628 
-0.109077 0.0198279 0.993835 42.0295 0.0218143 0.999608 -0.0175489 -2.54574 -0.993794 0.0197656 -0.109467 87.8813 
-0.111826 0.0186901 0.993552 42.7267 0.0233582 0.999596 -0.0161748 -2.56988 -0.993453 0.0213989 -0.112217 87.8025 
-0.113509 0.017806 0.993377 43.4079 0.023645 0.999605 -0.0152159 -2.59312 -0.993256 0.0217613 -0.113885 87.7239 
-0.114285 0.0182093 0.993281 44.0747 0.0244275 0.999581 -0.0155142 -2.6165 -0.993148 0.0224904 -0.114682 87.6478 
-0.113315 0.0192191 0.993373 44.7258 0.0252428 0.999546 -0.016459 -2.63947 -0.993238 0.0232105 -0.113748 87.5723 
-0.110362 0.0208269 0.993673 45.359 0.026203 0.999494 -0.0180386 -2.66222 -0.993546 0.0240465 -0.110852 87.5028 
-0.105155 0.0213247 0.994227 45.9771 0.0262644 0.999481 -0.0186595 -2.68429 -0.994109 0.0241506 -0.10566 87.4404 
-0.0971096 0.0220481 0.995029 46.576 0.025817 0.999474 -0.019627 -2.70688 -0.994939 0.0237827 -0.0976277 87.3873 
-0.0859385 0.021979 0.996058 47.1553 0.0247679 0.999495 -0.0199179 -2.73011 -0.995993 0.0229585 -0.0864394 87.345 
-0.0721958 0.0222619 0.997142 47.7153 0.0240094 0.9995 -0.0205762 -2.75335 -0.997101 0.0224553 -0.0726942 87.3144 
-0.054945 0.02361 0.99821 48.2587 0.0231712 0.999481 -0.0223646 -2.77575 -0.99822 0.0219009 -0.0554635 87.2964 
-0.0336307 0.0261293 0.999093 48.7906 0.021576 0.999444 -0.0254123 -2.79867 -0.999201 0.0207018 -0.0341758 87.2923 
-0.00898452 0.029121 0.999536 49.3192 0.0196213 0.999389 -0.0289403 -2.82242 -0.999767 0.0193521 -0.00955041 87.3044 
0.01934 0.0308622 0.999337 49.8449 0.0177753 0.999355 -0.0312068 -2.84605 -0.999655 0.018367 0.0187789 87.3338 
0.0525259 0.0303862 0.998157 50.3714 0.0156516 0.999389 -0.0312474 -2.86771 -0.998497 0.0172641 0.0520182 87.3817 
0.09063 0.0280027 0.995491 50.8941 0.0145473 0.999461 -0.0294388 -2.88925 -0.995778 0.0171497 0.0901738 87.4496 
0.13269 0.0241942 0.990862 51.4122 0.0122258 0.999586 -0.0260444 -2.91379 -0.991082 0.0155699 0.132339 87.543 
0.177775 0.0198614 0.983871 51.9248 0.00963345 0.999713 -0.0219218 -2.93675 -0.984024 0.0133752 0.177533 87.6639 
0.225956 0.0166134 0.973996 52.4244 0.00512239 0.99982 -0.0182422 -2.95735 -0.974124 0.00911113 0.22583 87.813 
0.277176 0.0151137 0.9607 52.9118 0.00142838 0.999869 -0.016142 -2.97593 -0.960818 0.00584642 0.277118 87.9898 
0.331664 0.0148284 0.943281 53.3836 0.000694516 0.999872 -0.0159622 -2.99238 -0.943397 0.00594922 0.331612 88.1915 
0.389418 0.015327 0.920933 53.8342 0.00284002 0.999837 -0.0178411 -3.0092 -0.921057 0.00956313 0.389311 88.4171 
0.448937 0.0185659 0.893371 54.2604 0.00375091 0.999736 -0.0226613 -3.02807 -0.893556 0.0135245 0.448749 88.6707 
0.508453 0.0216432 0.860818 54.6601 0.00510845 0.999591 -0.0281497 -3.04712 -0.861075 0.0187102 0.508134 88.9458 
0.566579 0.0256868 0.823607 55.0373 0.00121201 0.999487 -0.0320059 -3.06333 -0.824007 0.0191321 0.566257 89.2518 
0.622332 0.0281898 0.782246 55.3867 -0.00221316 0.999411 -0.034255 -3.08001 -0.782751 0.0195867 0.622027 89.5831 
0.675117 0.0287345 0.737151 55.7124 -0.00347523 0.999354 -0.0357725 -3.09825 -0.737702 0.0215888 0.674781 89.9341 
0.72412 0.0264025 0.689169 56.0127 -0.00341454 0.999392 -0.0346997 -3.11864 -0.689666 0.0227735 0.72377 90.3041 
0.769228 0.0228907 0.638564 56.2886 -0.00541801 0.999556 -0.0293045 -3.13624 -0.638951 0.0190821 0.769011 90.7013 
0.81047 0.0177092 0.585512 56.5381 -0.00578341 0.999736 -0.0222323 -3.15128 -0.585751 0.0146324 0.810359 91.1184 
0.847015 0.0149118 0.53136 56.7593 -0.00773013 0.999846 -0.0157369 -3.16555 -0.531513 0.00922195 0.847 91.5491 
0.878269 0.0112017 0.478035 56.9598 -0.00819445 0.999931 -0.00837595 -3.17772 -0.478096 0.00343911 0.878301 91.9925 
0.903934 0.0116267 0.427514 57.1281 -0.0115007 0.99993 -0.00287698 -3.19011 -0.427517 -0.00231611 0.904004 92.4423 
0.924148 0.0133909 0.3818 57.2749 -0.0147759 0.999891 0.000695917 -3.20201 -0.381749 -0.00628458 0.924245 92.8991 
0.939471 0.0192633 0.342088 57.4014 -0.0217294 0.999758 0.00337759 -3.20922 -0.34194 -0.0106065 0.939662 93.3678 
0.951382 0.0235255 0.307114 57.5168 -0.0254724 0.999673 0.00233196 -3.21044 -0.306958 -0.0100415 0.95167 93.8415 
0.960699 0.0254218 0.276424 57.6308 -0.027154 0.999628 0.00244014 -3.21082 -0.27626 -0.00985027 0.961033 94.3237 
0.966865 0.019957 0.254507 57.7508 -0.0212874 0.99977 0.00247367 -3.21413 -0.254399 -0.0078095 0.967068 94.8102 
0.970874 0.0169014 0.238992 57.8628 -0.018191 0.999829 0.00319101 -3.22167 -0.238898 -0.00744558 0.971016 95.304 
0.973807 0.0211133 0.226395 57.9616 -0.0223393 0.999746 0.00285417 -3.22467 -0.226278 -0.00783691 0.974031 95.8066 
0.975834 0.0266809 0.216877 58.0545 -0.0280619 0.999601 0.00328994 -3.22314 -0.216703 -0.00929642 0.976193 96.3171 
0.976898 0.0342969 0.210938 58.1493 -0.035494 0.999368 0.00189019 -3.22286 -0.21074 -0.00933355 0.977498 96.8399 
0.977299 0.0401559 0.208024 58.2463 -0.0407021 0.99917 -0.00165574 -3.22855 -0.207918 -0.00684885 0.978122 97.3643 
0.977417 0.0414883 0.207205 58.3554 -0.0415442 0.999128 -0.00408359 -3.23953 -0.207194 -0.0046168 0.978289 97.8977 
0.976962 0.0400861 0.209613 58.4739 -0.0393557 0.999196 -0.00765599 -3.24852 -0.209751 -0.000769846 0.977755 98.4405 
0.976139 0.0388133 0.213652 58.5951 -0.0366531 0.999229 -0.0140645 -3.25463 -0.214033 0.00589789 0.976809 98.9895 
0.975222 0.0390535 0.217753 58.7237 -0.0357972 0.999181 -0.0188806 -3.26137 -0.218312 0.0106179 0.975821 99.559 
0.974035 0.0439542 0.222092 58.8472 -0.0408933 0.998995 -0.0183642 -3.27273 -0.222676 0.0088053 0.974853 100.135 
0.972586 0.0469945 0.227747 58.9778 -0.0448969 0.998888 -0.0143847 -3.28489 -0.22817 0.00376524 0.973614 100.731 
0.971567 0.0441286 0.232614 59.1201 -0.0430418 0.999026 -0.00974835 -3.29795 -0.232818 -0.000540951 0.97252 101.334 
0.970839 0.0397498 0.236415 59.2774 -0.0398928 0.999195 -0.00418035 -3.30914 -0.236391 -0.00537281 0.971643 101.956 
0.970041 0.0371769 0.240081 59.4326 -0.0384119 0.999262 0.000465119 -3.31864 -0.239887 -0.00967315 0.970753 102.582 
0.969469 0.0326514 0.243032 59.5931 -0.0339357 0.999423 0.00109882 -3.32439 -0.242856 -0.00931275 0.970018 103.216 
0.969505 0.0292314 0.243321 59.7586 -0.0296372 0.999559 -0.00199334 -3.33258 -0.243272 -0.0052788 0.969944 103.855 
0.969629 0.0286309 0.242898 59.9213 -0.0272618 0.999588 -0.00899629 -3.34188 -0.243055 0.00210123 0.97001 104.504 
0.96976 0.0310192 0.242082 60.0805 -0.0280663 0.999484 -0.0156377 -3.3512 -0.242442 0.00837042 0.97013 105.167 
0.970316 0.0340497 0.23943 60.2409 -0.0302754 0.999353 -0.0194252 -3.35937 -0.239937 0.0115997 0.970719 105.846 
0.970961 0.0323706 0.237039 60.4085 -0.0296223 0.999446 -0.0151477 -3.37062 -0.237399 0.00768621 0.971382 106.544 
0.97142 0.0282316 0.235683 60.5811 -0.027237 0.999601 -0.00747537 -3.38483 -0.2358 0.000842421 0.971801 107.256 
0.971998 0.0285867 0.233246 60.7494 -0.0290111 0.999578 -0.00161188 -3.40058 -0.233193 -0.00519996 0.972417 107.978 
0.972309 0.0319709 0.231502 60.9122 -0.0323125 0.999475 -0.0023168 -3.41175 -0.231455 -0.00522777 0.972832 108.707 
0.972605 0.0376942 0.22939 61.0717 -0.037092 0.999288 -0.00693777 -3.42059 -0.229488 -0.00176082 0.97331 109.444 
0.973492 0.0385534 0.225447 61.2392 -0.0367275 0.99925 -0.0122894 -3.42943 -0.225751 0.00368352 0.974178 110.19 
0.974448 0.0373546 0.221485 61.4093 -0.034859 0.999277 -0.0151672 -3.44149 -0.221891 0.00705894 0.975046 110.95 
0.97539 0.0350736 0.217679 61.5801 -0.0328926 0.999366 -0.0136358 -3.45668 -0.218019 0.0061402 0.975925 111.724 
0.976262 0.0311785 0.214339 61.7527 -0.0293844 0.999501 -0.0115524 -3.47377 -0.214592 0.00497995 0.976691 112.509 
0.97667 0.0301977 0.212611 61.9225 -0.0290041 0.999541 -0.00873147 -3.49053 -0.212777 0.00236118 0.977098 113.304 
0.977036 0.0268975 0.211371 62.0967 -0.026128 0.999638 -0.00643341 -3.50293 -0.211468 0.000762978 0.977385 114.106 
0.977261 0.0217891 0.210916 62.274 -0.0211597 0.999762 -0.0052408 -3.51513 -0.21098 0.000658714 0.97749 114.914 
0.977381 0.0225464 0.21028 62.4458 -0.0222868 0.999745 -0.00360443 -3.52774 -0.210308 -0.00116356 0.977635 115.73 
0.977132 0.0280421 0.210777 62.6105 -0.0274947 0.999607 -0.00552771 -3.54095 -0.210849 -0.000393953 0.977519 116.55 
0.976851 0.0336726 0.211254 62.7762 -0.032543 0.999431 -0.00882241 -3.55416 -0.211431 0.00174334 0.977391 117.374 
0.976334 0.0425246 0.212047 62.9425 -0.0412481 0.999094 -0.010442 -3.56693 -0.212299 0.00144836 0.977204 118.206 
0.9754 0.0484695 0.215048 63.1108 -0.0474621 0.998824 -0.00984929 -3.58308 -0.215272 -0.000599604 0.976554 119.045 
0.974611 0.0509157 0.218038 63.2869 -0.0504272 0.998697 -0.00780848 -3.60173 -0.218151 -0.0033848 0.975909 119.888 
0.974011 0.0515051 0.220566 63.4711 -0.0508428 0.998669 -0.00868274 -3.61831 -0.22072 -0.0027571 0.975333 120.731 
0.973653 0.0500913 0.222465 63.6588 -0.0487662 0.998745 -0.011449 -3.63478 -0.222759 0.000298588 0.974873 121.571 
0.973691 0.0437781 0.223629 63.8581 -0.0426202 0.999041 -0.0100042 -3.65338 -0.223852 0.000209933 0.974623 122.414 
0.973892 0.0371979 0.223942 64.0588 -0.03553 0.999303 -0.0114743 -3.675 -0.224212 0.00321808 0.974535 123.255 
0.973601 0.036599 0.225302 64.2514 -0.0349314 0.999325 -0.0113848 -3.69735 -0.225566 0.00321413 0.974223 124.098 
0.973114 0.0392383 0.226955 64.4414 -0.0383025 0.99923 -0.0085278 -3.71426 -0.227115 -0.000394426 0.973868 124.943 
0.972722 0.0413773 0.228256 64.6285 -0.0418306 0.999121 -0.00285398 -3.72831 -0.228173 -0.00677193 0.973597 125.791 
0.972318 0.0448453 0.229318 64.8166 -0.0463962 0.998922 0.00137299 -3.74602 -0.229009 -0.0119744 0.973351 126.633 
0.972095 0.0442094 0.230383 65.0071 -0.0442243 0.999009 -0.0051018 -3.76339 -0.230381 -0.0052291 0.973087 127.462 
0.972365 0.0400387 0.230007 65.2042 -0.0365537 0.999143 -0.0193945 -3.78401 -0.230586 0.0104509 0.972996 128.276 
0.97263 0.0379295 0.229242 65.4021 -0.032283 0.999077 -0.0283327 -3.80552 -0.230105 0.0201566 0.972957 129.095 
0.97287 0.0350621 0.228681 65.5968 -0.0314749 0.999318 -0.0193161 -3.82368 -0.229202 0.0115943 0.97331 129.933 
0.973272 0.0285586 0.227874 65.7926 -0.029686 0.999558 0.00152092 -3.84535 -0.22773 -0.00824493 0.973689 130.78 
0.973546 0.0251344 0.227103 65.986 -0.0296931 0.99942 0.0166786 -3.86601 -0.226552 -0.0229808 0.973728 131.62 
0.973573 0.0297531 0.226429 66.1641 -0.0331036 0.999391 0.0110135 -3.8753 -0.225964 -0.0182181 0.973965 132.436 
0.973714 0.0381351 0.22456 66.3355 -0.0379746 0.999266 -0.00503516 -3.88051 -0.224587 -0.00362477 0.974447 133.242 
0.973995 0.0383619 0.223298 66.5154 -0.0364053 0.999254 -0.012874 -3.88792 -0.223625 0.00441001 0.974665 134.051 
0.974608 0.0343047 0.221274 66.7002 -0.0320973 0.999393 -0.0135653 -3.90955 -0.221605 0.00611859 0.975117 134.865 
0.975217 0.034013 0.21862 66.8776 -0.0321983 0.999411 -0.0118588 -3.9364 -0.218895 0.00452572 0.975738 135.684 
0.976037 0.0336269 0.21499 67.0489 -0.0315335 0.999416 -0.0131607 -3.95284 -0.215307 0.00606593 0.976527 136.499 
0.977049 0.0347067 0.210168 67.2179 -0.0323188 0.999368 -0.0147868 -3.97224 -0.210549 0.00765502 0.977553 137.31 
0.977464 0.0398087 0.207316 67.3741 -0.0375659 0.999185 -0.0147451 -3.99685 -0.207735 0.00662477 0.978163 138.12 
0.977617 0.0459219 0.205319 67.5257 -0.0437603 0.998929 -0.015059 -4.01554 -0.20579 0.00573715 0.978579 138.929 
0.977916 0.0473336 0.203568 67.6831 -0.0456224 0.998873 -0.0130931 -4.03792 -0.203958 0.00351668 0.978973 139.738 
0.978238 0.0452254 0.202496 67.8445 -0.044489 0.998976 -0.00818898 -4.05876 -0.202659 -0.000998065 0.979249 140.546 
0.978593 0.0438335 0.201082 68.0043 -0.043072 0.999039 -0.00816289 -4.07864 -0.201247 -0.000672863 0.97954 141.348 
0.979195 0.042226 0.198482 68.1623 -0.0408369 0.999104 -0.0110885 -4.09956 -0.198772 0.00275244 0.980042 142.144 
0.980359 0.0375047 0.193622 68.3216 -0.0352978 0.999267 -0.0148369 -4.11971 -0.194037 0.00771107 0.980964 142.937 
0.981717 0.0347309 0.18715 68.4739 -0.0323364 0.999352 -0.0158333 -4.13766 -0.187578 0.00949211 0.982204 143.732 
0.982959 0.0329742 0.180841 68.6168 -0.0316084 0.999446 -0.01043 -4.15624 -0.181085 0.00453622 0.983457 144.535 
0.984105 0.0303326 0.174979 68.7539 -0.0304514 0.999534 -0.00200623 -4.17297 -0.174958 -0.00335402 0.98457 145.341 
0.984835 0.0273381 0.171326 68.8922 -0.0290339 0.999551 0.00739959 -4.18358 -0.171046 -0.0122616 0.985187 146.146 
0.985306 0.0340034 0.167382 69.0118 -0.0361993 0.999294 0.0100842 -4.19199 -0.166921 -0.0159951 0.985841 146.946 
0.985997 0.0368684 0.162639 69.1303 -0.0382802 0.999252 0.00555389 -4.20041 -0.162312 -0.011702 0.98667 147.741 
0.987169 0.0375084 0.155213 69.2509 -0.0372437 0.999296 -0.00461433 -4.20838 -0.155276 -0.00122557 0.98787 148.531 
0.988278 0.0343538 0.14875 69.3701 -0.0332228 0.999397 -0.0100821 -4.21363 -0.149006 0.00502201 0.988823 149.329 
0.989273 0.0335097 0.142183 69.4808 -0.0325646 0.999429 -0.00896944 -4.22598 -0.142403 0.00424309 0.9898 150.14 
0.990079 0.0401311 0.134658 69.5747 -0.0397575 0.999194 -0.00546381 -4.24363 -0.134769 5.59324e-05 0.990877 150.958 
0.990895 0.0456126 0.126672 69.6591 -0.0451085 0.998959 -0.00684714 -4.25951 -0.126852 0.00107083 0.991921 151.773 
0.992014 0.0483 0.116516 69.7446 -0.0471558 0.998809 -0.0125588 -4.27423 -0.116983 0.00696416 0.993109 152.587 
0.993038 0.0469202 0.108049 69.8285 -0.0455803 0.99885 -0.014839 -4.2892 -0.108621 0.00981072 0.994035 153.405 
0.993877 0.0469325 0.100028 69.9039 -0.0459685 0.998872 -0.0119219 -4.30517 -0.100475 0.00725076 0.994913 154.23 
0.994483 0.0495513 0.0924537 69.967 -0.0493279 0.998772 -0.00470186 -4.32271 -0.0925731 0.00011537 0.995706 155.063 
0.995019 0.0529533 0.0844559 70.0216 -0.0532389 0.998581 0.00113232 -4.33492 -0.0842761 -0.00562302 0.996427 155.896 
0.995676 0.0518946 0.0770485 70.0773 -0.0524001 0.998616 0.0045522 -4.34381 -0.0767056 -0.00856987 0.997017 156.725 
0.996088 0.052728 0.0709063 70.1277 -0.0533371 0.998554 0.00672299 -4.35035 -0.0704493 -0.0104786 0.99746 157.553 
0.996427 0.0518364 0.0666796 70.1762 -0.0522834 0.99862 0.0049754 -4.35863 -0.0663297 -0.00844386 0.997762 158.376 
0.996465 0.0567136 0.0619839 70.2141 -0.0567963 0.998386 -0.000427523 -4.36753 -0.0619081 -0.00309445 0.998077 159.195 
0.996334 0.0627307 0.0581744 70.2442 -0.0624252 0.998025 -0.0070547 -4.37822 -0.058502 0.00339728 0.998282 160.013 
0.996424 0.0639934 0.0551794 70.2779 -0.0635742 0.997934 -0.00931957 -4.38795 -0.0556618 0.00577825 0.998433 160.833 
0.996477 0.0656286 0.05222 70.312 -0.0655494 0.997844 -0.00322872 -4.39884 -0.0523193 -0.00020565 0.99863 161.664 
0.996424 0.0677237 0.0505278 70.3399 -0.0681731 0.997647 0.00722241 -4.40628 -0.0499198 -0.0106412 0.998697 162.496 
0.99649 0.0689882 0.0474235 70.368 -0.0697479 0.997458 0.0145534 -4.41437 -0.046299 -0.01781 0.998769 163.325 
0.996941 0.0656516 0.0424054 70.3984 -0.0661918 0.997741 0.0114622 -4.42125 -0.0415571 -0.014234 0.999035 164.14 
0.997906 0.0534428 0.0364313 70.4366 -0.0535368 0.998565 0.0016076 -4.42662 -0.0362931 -0.00355465 0.999335 164.948 
0.998262 0.0511659 0.029235 70.4621 -0.0511008 0.998689 -0.00297069 -4.42667 -0.0293487 0.0014716 0.999568 165.76 
0.998231 0.0550212 0.0225105 70.4673 -0.0550001 0.998485 -0.00155411 -4.43377 -0.0225619 0.000313281 0.999745 166.582 
0.998485 0.0529477 0.0150045 70.4729 -0.0530261 0.998581 0.00487537 -4.44396 -0.014725 -0.00566361 0.999876 167.411 
0.99884 0.0475625 0.00750156 70.4825 -0.0476259 0.998829 0.00851012 -4.44991 -0.00708802 -0.00885752 0.999936 168.242 
0.999246 0.0387735 0.00186222 70.4876 -0.0387941 0.999167 0.0126672 -4.44796 -0.00136951 -0.0127299 0.999918 169.075 
0.999391 0.0346039 -0.00438806 70.4847 -0.0345455 0.999322 0.0127512 -4.45274 0.00482632 -0.0125919 0.999909 169.904 
0.999448 0.031434 -0.0107876 70.4733 -0.0313703 0.99949 0.00601794 -4.46058 0.0109713 -0.00567621 0.999924 170.727 
0.999581 0.0223714 -0.0183824 70.4636 -0.0224491 0.99974 -0.00403187 -4.465 0.0182874 0.00444284 0.999823 171.548 
0.99961 0.0122008 -0.0251003 70.4561 -0.0124057 0.999891 -0.00802216 -4.47072 0.0249997 0.00833043 0.999653 172.377 
0.999377 0.0159389 -0.0314879 70.4232 -0.0159624 0.999872 -0.000494507 -4.47883 0.031476 0.000996823 0.999504 173.219 
0.998987 0.0266093 -0.0362963 70.3711 -0.0261601 0.999576 0.0127963 -4.48373 0.0366214 -0.0118338 0.999259 174.069 
0.998667 0.0315868 -0.0408189 70.322 -0.0307663 0.999315 0.0205745 -4.49001 0.0414408 -0.0192913 0.998955 174.914 
0.998525 0.0310404 -0.0445363 70.2766 -0.0302808 0.999386 0.0176308 -4.48961 0.0450562 -0.0162562 0.998852 175.75 
0.998376 0.0326566 -0.0466836 70.2278 -0.0323698 0.999452 0.00688808 -4.48831 0.0468829 -0.00536576 0.998886 176.578 
0.997825 0.0433255 -0.049679 70.1654 -0.0434906 0.999051 -0.00224712 -4.49004 0.0495346 0.0044028 0.998763 177.408 
0.997782 0.0416668 -0.0519087 70.1152 -0.0420256 0.999099 -0.0058397 -4.49701 0.0516186 0.00800824 0.998635 178.247 
0.997865 0.0363657 -0.054246 70.076 -0.0364721 0.999334 -0.000972459 -4.50647 0.0541745 0.00294885 0.998527 179.096 
0.997872 0.0366185 -0.0539554 70.0257 -0.036248 0.999312 0.00782956 -4.51326 0.0542049 -0.00585712 0.998513 179.952 
0.997827 0.0384638 -0.0534928 69.9697 -0.0377986 0.999196 0.0133909 -4.51826 0.0539648 -0.0113399 0.998478 180.806 
0.997738 0.0383723 -0.0551923 69.917 -0.0377327 0.999209 0.0125855 -4.52204 0.0556316 -0.0104745 0.998396 181.654 
0.997729 0.0351063 -0.057487 69.8656 -0.03496 0.999382 0.003548 -4.528 0.057576 -0.0015302 0.99834 182.493 
0.997904 0.0243832 -0.0599461 69.8263 -0.0249069 0.999658 -0.00800414 -4.5376 0.0597304 0.00948043 0.99817 183.328 
0.997975 0.0139869 -0.0620486 69.7865 -0.0147636 0.999818 -0.0120773 -4.54834 0.0618684 0.0129689 0.998 184.172 
0.997877 0.016664 -0.0629603 69.7267 -0.0171676 0.999825 -0.00746592 -4.56137 0.0628248 0.00853094 0.997988 185.024 
0.997695 0.0227017 -0.063954 69.6606 -0.022535 0.999741 0.00332609 -4.576 0.0640129 -0.00187721 0.997947 185.877 
0.997575 0.0237633 -0.0654154 69.5993 -0.0233587 0.999703 0.00694308 -4.59118 0.065561 -0.00539823 0.997834 186.722 
0.997536 0.0227476 -0.0663655 69.5424 -0.0225834 0.99974 0.00322372 -4.60048 0.0664216 -0.00171702 0.99779 187.556 
0.997542 0.0229683 -0.0662039 69.4813 -0.0232185 0.999726 -0.00301301 -4.60735 0.0661166 0.00454276 0.997802 188.387 
0.997338 0.0296373 -0.0666287 69.4116 -0.0299299 0.999546 -0.00339742 -4.61663 0.0664978 0.00538256 0.997772 189.22 
0.997231 0.0324149 -0.0669365 69.3467 -0.032509 0.999471 -0.00031752 -4.63001 0.0668908 0.00249268 0.997757 190.054 
0.997048 0.0362451 -0.0676807 69.2807 -0.0361307 0.999343 0.00291499 -4.64241 0.0677419 -0.000461037 0.997703 190.886 
0.996913 0.0397718 -0.0676991 69.2151 -0.0394752 0.999204 0.00571328 -4.65058 0.0678724 -0.00302321 0.997689 191.714 
