1 0 -0 0 -0 1 0 0 0 -0 1 -0 
0.999997 -0.00174328 -0.00157221 -0.00163783 0.00174193 0.999998 -0.00086091 -0.0115585 0.00157371 0.000858169 0.999998 0.568932 
0.999994 -0.00226687 -0.00270681 -0.00774096 0.00226054 0.999995 -0.00233783 -0.0246529 0.0027121 0.00233169 0.999994 1.1349 
0.999986 -0.00259099 -0.00460907 -0.0141729 0.00257404 0.99999 -0.00367851 -0.0382123 0.00461856 0.0036666 0.999983 1.69846 
0.999967 -0.0046825 -0.00662993 -0.0174937 0.00464632 0.999974 -0.00546173 -0.049804 0.00665533 0.00543075 0.999963 2.26182 
0.999941 -0.00705455 -0.00826512 -0.0218289 0.00699301 0.999948 -0.00745124 -0.0615952 0.00831726 0.007393 0.999938 2.83216 
0.999918 -0.00830105 -0.00973062 -0.0286562 0.00822135 0.999933 -0.00820206 -0.0730375 0.00979805 0.00812139 0.999919 3.40817 
0.999902 -0.00850236 -0.0111592 -0.0384339 0.00841868 0.999936 -0.00752442 -0.087074 0.0112225 0.00742974 0.999909 3.9947 
0.999884 -0.00886558 -0.0123748 -0.0480812 0.00876831 0.99993 -0.00789255 -0.103431 0.0124439 0.00778313 0.999892 4.58808 
0.999874 -0.00825704 -0.0135285 -0.0598343 0.00811413 0.999911 -0.0105845 -0.120788 0.0136147 0.0104734 0.999852 5.18772 
0.999869 -0.00654236 -0.0148209 -0.0751847 0.00632842 0.999876 -0.0144361 -0.137072 0.0149135 0.0143404 0.999786 5.79473 
0.999857 -0.00511536 -0.0161238 -0.0909634 0.00482225 0.999823 -0.0181654 -0.151388 0.0162138 0.018085 0.999705 6.41234 
0.999844 -0.00334128 -0.0173621 -0.107702 0.00302551 0.99983 -0.0181817 -0.16457 0.0174199 0.0181263 0.999684 7.04623 
0.999828 -0.000860652 -0.0185314 -0.127368 0.00065015 0.999935 -0.0113622 -0.176381 0.01854 0.0113482 0.999764 7.70153 
0.999813 1.73143e-05 -0.0193343 -0.145184 -3.48496e-05 1 -0.000906616 -0.188737 0.0193343 0.00090712 0.999813 8.37494 
0.999797 0.00112169 -0.0201205 -0.164963 -0.00100399 0.999982 0.00585881 -0.204306 0.0201268 -0.00583742 0.99978 9.05847 
0.999767 0.00321962 -0.0213327 -0.187611 -0.00311517 0.999983 0.00492777 -0.219238 0.0213482 -0.00486016 0.99976 9.74766 
0.999741 0.00544193 -0.022105 -0.212553 -0.00549597 0.999982 -0.00238432 -0.226162 0.0220916 0.00250519 0.999753 10.4468 
0.999717 0.00509828 -0.0232356 -0.234039 -0.00529517 0.999951 -0.00841989 -0.227436 0.0231915 0.00854054 0.999695 11.1653 
0.999697 0.00298069 -0.0244156 -0.252474 -0.00314881 0.999972 -0.00685046 -0.230974 0.0243945 0.00692526 0.999678 11.9095 
0.99969 0.00210509 -0.0248284 -0.274021 -0.0020459 0.999995 0.00240912 -0.240429 0.0248334 -0.00235758 0.999689 12.6805 
0.99968 0.00175194 -0.0252346 -0.298291 -0.00150292 0.99995 0.00988369 -0.247649 0.0252506 -0.0098426 0.999633 13.4678 
0.999667 0.000873468 -0.0258028 -0.32203 -0.000555546 0.999924 0.0123258 -0.250994 0.0258116 -0.0123074 0.999591 14.2677 
0.999662 -0.00104867 -0.0259892 -0.344408 0.00134185 0.999936 0.011266 -0.251413 0.0259757 -0.0112971 0.999599 15.0823 
0.999672 -0.00146477 -0.0255802 -0.36799 0.00168916 0.99996 0.00875268 -0.250404 0.0255663 -0.00879301 0.999634 15.913 
0.999685 0.00109777 -0.0250696 -0.396166 -0.000964592 0.999985 0.00532388 -0.251401 0.0250751 -0.00529802 0.999672 16.7605 
0.999705 -0.00213989 -0.0241767 -0.416664 0.00213622 0.999998 -0.000177618 -0.258478 0.024177 0.000125919 0.999708 17.6227 
0.99971 -0.00501244 -0.0235587 -0.435672 0.00486039 0.999967 -0.00650695 -0.269618 0.0235905 0.00639056 0.999701 18.5018 
0.99974 -0.00396121 -0.0224466 -0.461093 0.00369401 0.999922 -0.0119328 -0.281474 0.0224921 0.0118468 0.999677 19.3984 
0.999747 -0.00266295 -0.0223487 -0.488199 0.00237807 0.999916 -0.0127637 -0.298426 0.0223808 0.0127073 0.999669 20.3158 
0.999741 -0.00248621 -0.0226024 -0.51344 0.00221243 0.999924 -0.0121297 -0.320943 0.0226309 0.0120766 0.999671 21.2506 
0.999742 -0.000929606 -0.0227072 -0.541226 0.000623741 0.999909 -0.0134734 -0.344922 0.0227176 0.0134557 0.999651 22.1985 
0.999744 0.00190439 -0.0225535 -0.573004 -0.00225594 0.999876 -0.0155722 -0.367572 0.022521 0.015619 0.999624 23.158 
0.999727 0.00550018 -0.0227245 -0.60594 -0.00587358 0.999848 -0.0163981 -0.391958 0.0226308 0.016527 0.999607 24.1307 
0.999716 0.00720419 -0.0226971 -0.637471 -0.0075745 0.999839 -0.0162719 -0.421347 0.0225762 0.0164392 0.99961 25.1146 
0.999705 0.00794977 -0.0229384 -0.667453 -0.00832699 0.999831 -0.0163967 -0.451156 0.0228042 0.0165829 0.999602 26.1084 
0.999701 0.00803916 -0.0231038 -0.696578 -0.00841635 0.999832 -0.0162755 -0.480604 0.0229691 0.0164651 0.999601 27.1099 
0.999683 0.00899067 -0.023501 -0.727418 -0.00934852 0.999841 -0.0151617 -0.510587 0.0233609 0.0153766 0.999609 28.1208 
0.99967 0.00965926 -0.0238031 -0.758356 -0.00997582 0.999863 -0.0132166 -0.539051 0.0236722 0.0134497 0.999629 29.1418 
0.999657 0.0102506 -0.0241052 -0.789708 -0.0105425 0.999872 -0.0120174 -0.568248 0.0239789 0.0122674 0.999637 30.1694 
0.999656 0.0100723 -0.0242211 -0.821141 -0.0103903 0.999861 -0.0130414 -0.59757 0.0240864 0.0132886 0.999622 31.2023 
0.999637 0.01135 -0.0244278 -0.854932 -0.0116946 0.999833 -0.014011 -0.624455 0.0242647 0.0142916 0.999603 32.243 
0.999632 0.0110126 -0.0247968 -0.887858 -0.0113412 0.999849 -0.0131506 -0.651777 0.0246483 0.013427 0.999606 33.2931 
0.999626 0.010346 -0.0253169 -0.92001 -0.0106146 0.999889 -0.0104994 -0.678825 0.0252055 0.0107642 0.999624 34.352 
0.999611 0.010664 -0.0257576 -0.954057 -0.0108428 0.999918 -0.00681084 -0.704754 0.0256828 0.00708748 0.999645 35.4192 
0.999595 0.0107632 -0.0263383 -0.988442 -0.0108858 0.999931 -0.00451384 -0.728731 0.0262879 0.00479873 0.999643 36.4938 
0.999583 0.0107166 -0.0268091 -1.02378 -0.0108284 0.999933 -0.00402825 -0.751239 0.0267641 0.00431687 0.999632 37.5733 
0.999575 0.0102714 -0.0272943 -1.06029 -0.0104258 0.99993 -0.00551866 -0.772433 0.0272357 0.00580088 0.999612 38.6588 
0.999551 0.0108065 -0.0279541 -1.09858 -0.0109802 0.999921 -0.00606803 -0.793925 0.0278863 0.00637224 0.999591 39.7501 
0.999534 0.0104824 -0.0286589 -1.13557 -0.0106256 0.999932 -0.00484651 -0.817104 0.0286062 0.00514877 0.999577 40.8455 
0.99951 0.0105549 -0.0294792 -1.17363 -0.0106435 0.999939 -0.00284915 -0.840425 0.0294474 0.00316152 0.999561 41.9424 
0.999492 0.0106388 -0.0300383 -1.21383 -0.0106533 0.999943 -0.000321811 -0.863129 0.0300332 0.000641654 0.999549 43.0386 
0.999462 0.0118853 -0.0305581 -1.25548 -0.0119053 0.999929 -0.000472585 -0.886658 0.0305503 0.000836133 0.999533 44.1321 
0.999436 0.0130841 -0.0309431 -1.29777 -0.0132219 0.999904 -0.00425354 -0.909684 0.0308845 0.00466027 0.999512 45.222 
0.999415 0.0143274 -0.0310416 -1.33999 -0.0145913 0.999859 -0.00829106 -0.933199 0.0309185 0.00873915 0.999484 46.3122 
0.999412 0.0146934 -0.0309941 -1.38218 -0.0149665 0.999851 -0.00859766 -0.959183 0.0308632 0.00905648 0.999483 47.4074 
0.999407 0.0152155 -0.0308862 -1.42339 -0.0154044 0.999864 -0.00588648 -0.985863 0.0307924 0.00635878 0.999506 48.5073 
0.999405 0.0158991 -0.0306121 -1.46534 -0.0160222 0.999864 -0.00378283 -1.01193 0.0305478 0.00427105 0.999524 49.6076 
0.999427 0.0144072 -0.030631 -1.50359 -0.0144936 0.999892 -0.00259742 -1.03427 0.0305903 0.00303988 0.999527 50.7068 
0.999439 0.0143644 -0.0302561 -1.54445 -0.014477 0.999889 -0.00350459 -1.05908 0.0302024 0.00394064 0.999536 51.8057 
0.999461 0.013628 -0.029865 -1.58312 -0.013793 0.999891 -0.00532594 -1.08206 0.0297891 0.00573499 0.99954 52.9029 
0.999467 0.0137488 -0.0295986 -1.62276 -0.0139774 0.999874 -0.00753153 -1.10776 0.0294913 0.00794123 0.999533 54.0024 
0.999484 0.0127128 -0.0295006 -1.66012 -0.0130121 0.999866 -0.00997678 -1.13836 0.0293698 0.0103555 0.999515 55.1023 
0.999505 0.0112155 -0.0293899 -1.69666 -0.0116115 0.999844 -0.0133381 -1.17077 0.0292358 0.0136727 0.999479 56.2015 
0.999528 0.00959834 -0.0291979 -1.73214 -0.0100406 0.999837 -0.0150365 -1.2043 0.0290488 0.0153226 0.999461 57.3015 
0.999547 0.00802472 -0.0290065 -1.76737 -0.00839786 0.999883 -0.0127651 -1.23782 0.0289007 0.0130029 0.999498 58.4082 
0.999563 0.00683262 -0.0287435 -1.80254 -0.00703303 0.999952 -0.00687714 -1.26877 0.0286951 0.00707629 0.999563 59.5191 
0.999579 0.00563331 -0.0284672 -1.83793 -0.00566081 0.999984 -0.000885333 -1.29476 0.0284617 0.00104611 0.999594 60.6321 
0.999591 0.0039146 -0.0283318 -1.87287 -0.00392206 0.999992 -0.00020752 -1.31746 0.0283308 0.000318554 0.999599 61.741 
0.999604 0.000713797 -0.0281303 -1.90516 -0.000804479 0.999995 -0.00321247 -1.33882 0.0281278 0.00323383 0.999599 62.8482 
0.999604 -0.000661319 -0.0281462 -1.93947 0.000480019 0.999979 -0.00644762 -1.36129 0.0281499 0.00643155 0.999583 63.9564 
0.999601 0.00127647 -0.0282301 -1.97889 -0.00157197 0.999944 -0.0104477 -1.39126 0.0282151 0.0104879 0.999547 65.0655 
0.999604 0.00149792 -0.0280915 -2.0164 -0.00191431 0.999889 -0.0148015 -1.4206 0.0280662 0.0148494 0.999496 66.1753 
0.999613 0.00458365 -0.027435 -2.05736 -0.00500957 0.999868 -0.0154759 -1.45215 0.0273604 0.0156074 0.999504 67.2915 
0.999611 0.00848101 -0.0265788 -2.10097 -0.00879654 0.999892 -0.0117772 -1.4869 0.026476 0.0120064 0.999577 68.4118 
0.999599 0.00998952 -0.0265085 -2.13941 -0.0102497 0.9999 -0.00969847 -1.51891 0.026409 0.00996628 0.999602 69.5307 
0.999603 0.0094371 -0.0265314 -2.17572 -0.00967766 0.999913 -0.00895336 -1.54758 0.0264446 0.00920657 0.999608 70.6478 
0.999617 0.00790217 -0.0265365 -2.20998 -0.00812074 0.999934 -0.00813871 -1.57796 0.0264704 0.00835108 0.999615 71.7647 
0.999616 0.00686431 -0.0268334 -2.24462 -0.00704763 0.999952 -0.006743 -1.60696 0.0267859 0.00692952 0.999617 72.8808 
0.999617 0.00531801 -0.0271753 -2.27844 -0.00544649 0.999974 -0.00465571 -1.63422 0.0271498 0.00480193 0.99962 73.9959 
0.999604 0.00422744 -0.0278209 -2.31375 -0.004312 0.999986 -0.00298013 -1.66166 0.0278079 0.00309891 0.999608 75.107 
0.99959 0.00350752 -0.0284019 -2.35032 -0.00362823 0.999985 -0.00419962 -1.68958 0.0283867 0.00430095 0.999588 76.2116 
0.999572 0.00381327 -0.0290056 -2.38857 -0.00404685 0.99996 -0.00799855 -1.71726 0.028974 0.00811251 0.999547 77.3114 
0.99955 0.00438519 -0.029675 -2.42818 -0.00468497 0.999939 -0.0100401 -1.74572 0.0296291 0.0101746 0.999509 78.4115 
0.99952 0.00639604 -0.0303005 -2.47022 -0.00665105 0.999943 -0.00832285 -1.77596 0.0302456 0.00852039 0.999506 79.5107 
0.999499 0.00741407 -0.0307833 -2.51228 -0.00754239 0.999963 -0.00405458 -1.80354 0.0307521 0.00428472 0.999518 80.6138 
0.999471 0.00892509 -0.0312889 -2.55504 -0.00893127 0.99996 -5.77017e-05 -1.82957 0.0312871 0.000337121 0.99951 81.7143 
0.999444 0.00993735 -0.0318148 -2.59854 -0.00992299 0.999951 0.000609248 -1.85294 0.0318193 -0.000293211 0.999494 82.8081 
0.999425 0.00979118 -0.0324484 -2.6406 -0.0098453 0.99995 -0.00150855 -1.87438 0.032432 0.00182715 0.999472 83.8933 
0.999408 0.00970109 -0.0330112 -2.68256 -0.00978298 0.999949 -0.00232013 -1.89597 0.0329871 0.00264171 0.999452 84.9742 
0.999395 0.00900752 -0.0335931 -2.72408 -0.00909552 0.999956 -0.00246783 -1.92151 0.0335694 0.00277188 0.999433 86.0447 
0.999378 0.00794816 -0.0343595 -2.76508 -0.00802693 0.999965 -0.00215507 -1.94681 0.0343411 0.00242953 0.999407 87.1025 
0.999365 0.00670897 -0.0349909 -2.805 -0.00673893 0.999977 -0.000738298 -1.97002 0.0349852 0.000973631 0.999387 88.1433 
0.999343 0.00681576 -0.0355885 -2.84734 -0.00674709 0.999975 0.00204933 -1.99486 0.0356016 -0.00180787 0.999364 89.1663 
0.999317 0.00587552 -0.036488 -2.88917 -0.00577191 0.999979 0.00294436 -2.01787 0.0365046 -0.00273174 0.99933 90.1683 
0.99924 0.00495403 -0.0386559 -2.93157 -0.0048326 0.999983 0.00323401 -2.03903 0.0386713 -0.00304475 0.999247 91.1468 
0.999112 0.00411889 -0.0419342 -2.97669 -0.00402354 0.999989 0.00235788 -2.06039 0.0419434 -0.00218706 0.999118 92.1035 
0.998966 0.00403247 -0.0452825 -3.02605 -0.00396791 0.999991 0.00151553 -2.08135 0.0452882 -0.00133429 0.998973 93.0357 
0.99882 0.00385135 -0.0484047 -3.07607 -0.0037694 0.999991 0.00178416 -2.10074 0.0484112 -0.00159959 0.998826 93.946 
0.998659 0.00497808 -0.0515343 -3.1296 -0.00483445 0.999984 0.00291134 -2.12071 0.0515479 -0.0026583 0.998667 94.8318 
0.998494 0.00589771 -0.0545348 -3.18422 -0.00568474 0.999976 0.00405954 -2.14089 0.0545574 -0.00374341 0.998504 95.6935 
0.998321 0.00689036 -0.0575155 -3.24003 -0.00657968 0.999963 0.00558921 -2.15799 0.0575519 -0.00520139 0.998329 96.528 
0.998151 0.00846734 -0.060192 -3.29731 -0.00809949 0.999947 0.00635262 -2.17312 0.0602426 -0.00585335 0.998167 97.3347 
0.997975 0.0105324 -0.0627318 -3.35587 -0.0101226 0.999925 0.00684621 -2.18979 0.0627992 -0.00619734 0.998007 98.1126 
0.997782 0.0123824 -0.0653975 -3.4148 -0.0120363 0.999911 0.00568342 -2.20717 0.0654621 -0.00488367 0.997843 98.86 
0.997592 0.0136386 -0.0679999 -3.47198 -0.0135349 0.999906 0.0019854 -2.22457 0.0680207 -0.00106024 0.997683 99.5744 
0.99738 0.0160551 -0.0705406 -3.53057 -0.0162113 0.999867 -0.00164137 -2.24154 0.0705049 0.00278062 0.997508 100.257 
0.997204 0.017758 -0.0725824 -3.58745 -0.0181159 0.999827 -0.00427562 -2.25736 0.0724939 0.00557856 0.997353 100.91 
0.997103 0.0197777 -0.07345 -3.64232 -0.0202163 0.999782 -0.0052335 -2.27431 0.0733305 0.00670323 0.997285 101.536 
0.997116 0.0221132 -0.0726016 -3.69393 -0.0225175 0.999735 -0.00475374 -2.2928 0.0724772 0.00637483 0.99735 102.136 
0.997235 0.0259542 -0.0696292 -3.74368 -0.0262397 0.999651 -0.00318842 -2.31055 0.0695221 0.00500665 0.997568 102.713 
0.997536 0.0285637 -0.0640834 -3.78553 -0.0287303 0.999586 -0.00168001 -2.32744 0.0640089 0.00351701 0.997943 103.266 
0.99796 0.0294125 -0.0566617 -3.81689 -0.0294475 0.999566 0.000217173 -2.34078 0.0566435 0.00145181 0.998393 103.798 
0.998464 0.0293264 -0.0470065 -3.83816 -0.0292341 0.999569 0.00265121 -2.35245 0.047064 -0.00127294 0.998891 104.309 
0.99896 0.0289414 -0.0352382 -3.85091 -0.0288252 0.999577 0.00380127 -2.36462 0.0353333 -0.00278157 0.999372 104.797 
0.999364 0.0281275 -0.021908 -3.85456 -0.0280487 0.999599 0.00389558 -2.37692 0.0220088 -0.00327861 0.999752 105.262 
0.999586 0.0279253 -0.00686414 -3.84931 -0.027905 0.999606 0.00302815 -2.38938 0.006946 -0.00283535 0.999972 105.71 
0.999586 0.0265679 0.0110151 -3.83254 -0.0265693 0.999647 -1.5271e-05 -2.40273 -0.0110117 -0.0002774 0.999939 106.146 
0.999146 0.026025 0.0320985 -3.80469 -0.0258883 0.999654 -0.00466524 -2.41491 -0.0322088 0.00383028 0.999474 106.572 
0.998128 0.0239734 0.0562574 -3.76164 -0.0234752 0.999679 -0.00950024 -2.42644 -0.0564671 0.00816181 0.998371 106.99 
0.99629 0.0216981 0.0832824 -3.7044 -0.0207426 0.999709 -0.0123209 -2.43851 -0.0835255 0.0105477 0.99645 107.4 
0.993414 0.0190622 0.11298 -3.63244 -0.0176301 0.999751 -0.0136606 -2.45059 -0.113213 0.0115788 0.993503 107.801 
0.989262 0.0168268 0.14518 -3.54562 -0.0147042 0.999769 -0.0156813 -2.46363 -0.145411 0.0133781 0.989281 108.194 
0.983466 0.0143927 0.180522 -3.44229 -0.0114472 0.999784 -0.0173481 -2.47806 -0.180732 0.0149948 0.983418 108.578 
0.975751 0.0111432 0.218599 -3.32127 -0.00741541 0.999813 -0.017866 -2.49362 -0.218757 0.0158117 0.975651 108.952 
0.966024 0.00900034 0.258296 -3.18632 -0.00428846 0.999814 -0.0187998 -2.51037 -0.258417 0.0170534 0.965883 109.316 
0.954025 0.00988714 0.299564 -3.0406 -0.0041257 0.999794 -0.0198592 -2.52789 -0.299698 0.0177102 0.95387 109.67 
0.939046 0.0119836 0.343584 -2.88362 -0.00528416 0.999777 -0.0204285 -2.5437 -0.343752 0.0173677 0.9389 110.011 
0.921624 0.0120562 0.387896 -2.70682 -0.00494331 0.999801 -0.0193296 -2.55666 -0.388052 0.0158972 0.9215 110.343 
0.90174 0.0113911 0.43213 -2.51404 -0.00390065 0.999826 -0.0182161 -2.57015 -0.432262 0.0147406 0.901628 110.66 
0.878964 0.0101619 0.476779 -2.30827 -0.00138309 0.999823 -0.0187601 -2.58612 -0.476885 0.01583 0.878823 110.963 
0.854122 0.0106255 0.519964 -2.08863 0.000248085 0.999783 -0.0208381 -2.60392 -0.520072 0.0179273 0.853934 111.254 
0.826852 0.0127128 0.562275 -1.8553 0.0010774 0.999707 -0.0241874 -2.62231 -0.562418 0.0206052 0.826596 111.534 
0.796574 0.0174443 0.60429 -1.60813 -0.000158498 0.99959 -0.0286467 -2.63845 -0.604542 0.0227234 0.796249 111.808 
0.76303 0.0235842 0.645932 -1.34521 -0.00330046 0.999463 -0.0325935 -2.652 -0.646354 0.0227379 0.762699 112.075 
0.72618 0.0282386 0.686924 -1.06547 -0.0055984 0.999366 -0.0351644 -2.66743 -0.687482 0.02169 0.725878 112.326 
0.687281 0.0284757 0.725833 -0.761335 -0.00339584 0.999346 -0.0359906 -2.68525 -0.726384 0.0222708 0.686928 112.561 
0.646573 0.0258786 0.762413 -0.435361 0.000583984 0.999407 -0.0344181 -2.70277 -0.762852 0.0226991 0.646175 112.778 
0.602781 0.0238937 0.797549 -0.092934 0.00190394 0.999506 -0.0313831 -2.71905 -0.797904 0.0204356 0.602437 112.99 
0.556704 0.0224001 0.830409 0.266111 0.00265356 0.999583 -0.0287425 -2.73452 -0.830707 0.0182046 0.556413 113.186 
0.509097 0.01977 0.860482 0.643847 0.00420481 0.999667 -0.0254556 -2.75337 -0.860699 0.0165775 0.508845 113.363 
0.458736 0.0159263 0.88843 1.0396 0.00676938 0.999748 -0.0214172 -2.77207 -0.888547 0.015839 0.458513 113.521 
0.407378 0.0159973 0.913119 1.44692 0.00446405 0.9998 -0.0195075 -2.79125 -0.913249 0.0120232 0.407225 113.666 
0.356495 0.0208525 0.934064 1.87007 0.00108876 0.999741 -0.0227343 -2.80922 -0.934297 0.00912163 0.35638 113.796 
0.306252 0.0259573 0.951597 2.30898 0.00089016 0.99962 -0.0275537 -2.82145 -0.95195 0.00928545 0.306112 113.904 
0.259666 0.0280057 0.965292 2.76427 0.00243513 0.999557 -0.0296549 -2.83835 -0.965696 0.010051 0.259482 113.993 
0.218538 0.0275327 0.97544 3.23924 0.00977831 0.99949 -0.0304023 -2.8581 -0.975779 0.0161822 0.218157 114.059 
0.183616 0.0273209 0.982618 3.72733 0.017737 0.999359 -0.0311007 -2.87512 -0.982838 0.0231393 0.183014 114.108 
0.153378 0.0286119 0.987753 4.23078 0.0222047 0.999229 -0.0323923 -2.88968 -0.987918 0.026901 0.152625 114.155 
0.125427 0.0270982 0.991733 4.75437 0.0201088 0.999352 -0.0298496 -2.91151 -0.991899 0.0236865 0.124801 114.207 
0.099974 0.0236756 0.994708 5.29944 0.0138675 0.999587 -0.0251855 -2.92941 -0.994893 0.016312 0.0996043 114.258 
0.0760577 0.0196705 0.996909 5.86465 0.00913224 0.99975 -0.0204232 -2.94912 -0.997062 0.0106574 0.075859 114.298 
0.0535318 0.0171605 0.998419 6.45066 0.0131838 0.999753 -0.0178903 -2.97245 -0.998479 0.0141206 0.0532924 114.312 
0.033483 0.017759 0.999281 7.05768 0.0211039 0.999607 -0.0184719 -2.99366 -0.999216 0.0217072 0.033095 114.308 
0.016215 0.0202152 0.999664 7.67976 0.0262156 0.999443 -0.020636 -3.01262 -0.999525 0.0265414 0.015676 114.298 
0.00189432 0.0256938 0.999668 8.31718 0.0267418 0.999311 -0.0257353 -3.02676 -0.999641 0.0267817 0.00120592 114.293 
-0.00903741 0.0303954 0.999497 8.97775 0.0240558 0.999255 -0.0301705 -3.04253 -0.99967 0.023771 -0.00976187 114.29 
-0.0153764 0.0301088 0.999428 9.65987 0.0264039 0.99921 -0.029696 -3.06429 -0.999533 0.0259322 -0.0161592 114.275 
-0.0179182 0.0268866 0.999478 10.3679 0.0323854 0.999129 -0.0262966 -3.09083 -0.999315 0.0318974 -0.0187734 114.252 
-0.0174118 0.0252214 0.99953 11.0953 0.033988 0.999119 -0.024619 -3.11497 -0.999271 0.0335434 -0.0182537 114.239 
-0.0154938 0.0248541 0.999571 11.838 0.0327755 0.999166 -0.024336 -3.14168 -0.999343 0.0323844 -0.0162955 114.233 
-0.0140552 0.0251793 0.999584 12.5961 0.0290708 0.999271 -0.0247626 -3.16965 -0.999479 0.0287107 -0.014777 114.234 
-0.0129212 0.0264823 0.999566 13.3755 0.0281464 0.999263 -0.0261104 -3.19358 -0.99952 0.0277968 -0.0136571 114.231 
-0.0119136 0.0273313 0.999555 14.1691 0.0277952 0.999249 -0.0269917 -3.22122 -0.999543 0.0274613 -0.0126644 114.225 
-0.0110748 0.0268644 0.999578 14.9805 0.0273306 0.999274 -0.0265535 -3.25072 -0.999565 0.027025 -0.011801 114.221 
-0.0104533 0.0255367 0.999619 15.8076 0.0262518 0.999336 -0.025255 -3.28033 -0.999601 0.0259778 -0.0111167 114.219 
-0.00997012 0.0242779 0.999656 16.6441 0.0269905 0.999348 -0.0240012 -3.31048 -0.999586 0.0267419 -0.0106189 114.213 
-0.0105093 0.0220439 0.999702 17.4902 0.0275545 0.999384 -0.0217472 -3.341 -0.999565 0.0273178 -0.0111102 114.206 
-0.0116279 0.0203366 0.999726 18.3427 0.0251236 0.999483 -0.0200395 -3.37187 -0.999617 0.0248837 -0.0121328 114.203 
-0.012765 0.0192932 0.999732 19.2016 0.0242237 0.999526 -0.0189799 -3.40085 -0.999625 0.0239749 -0.0132263 114.198 
-0.0138848 0.0167445 0.999763 20.0709 0.0266865 0.99951 -0.0163696 -3.42769 -0.999547 0.0264529 -0.0143249 114.185 
-0.0150827 0.0151983 0.999771 20.9509 0.0280118 0.999498 -0.0147716 -3.45338 -0.999494 0.0277826 -0.0155009 114.172 
-0.0169068 0.0142596 0.999755 21.8404 0.0251537 0.999588 -0.0138318 -3.48479 -0.999541 0.0249137 -0.0172585 114.168 
-0.0177944 0.0190921 0.999659 22.7322 0.0224671 0.999573 -0.0186905 -3.51005 -0.999589 0.0221269 -0.0182158 114.161 
-0.0185656 0.0237731 0.999545 23.6336 0.0237307 0.999446 -0.0233299 -3.53889 -0.999546 0.0232868 -0.0191195 114.147 
-0.019644 0.0253943 0.999484 24.543 0.0239191 0.999403 -0.0249222 -3.57175 -0.999521 0.0234172 -0.0202397 114.133 
-0.0211167 0.0232178 0.999507 25.4606 0.0204325 0.999532 -0.0227866 -3.60642 -0.999568 0.0199413 -0.0215812 114.125 
-0.0222237 0.0189978 0.999573 26.3781 0.0174777 0.999674 -0.0186111 -3.64118 -0.9996 0.0170566 -0.0225484 114.116 
-0.0225002 0.01377 0.999652 27.2971 0.0159456 0.999783 -0.0134129 -3.67249 -0.99962 0.0156383 -0.0227149 114.102 
-0.0229127 0.00819493 0.999704 28.2158 0.012418 0.999892 -0.00791185 -3.69781 -0.99966 0.012233 -0.023012 114.093 
-0.0228983 0.00693756 0.999714 29.1212 0.00976244 0.99993 -0.00671545 -3.72659 -0.99969 0.00960588 -0.0229644 114.084 
-0.0220109 0.0137409 0.999663 30.0139 0.0126955 0.999829 -0.0134637 -3.75943 -0.999677 0.0123949 -0.0221816 114.068 
-0.0209243 0.0249349 0.99947 30.8957 0.0150133 0.999584 -0.0246235 -3.78762 -0.999668 0.0144901 -0.02129 114.051 
-0.0203853 0.0301814 0.999337 31.784 0.0169262 0.999411 -0.0298384 -3.81488 -0.999649 0.0163067 -0.0208841 114.037 
-0.0190616 0.0246017 0.999516 32.6773 0.0185164 0.999534 -0.0242491 -3.85227 -0.999647 0.0180452 -0.0195083 114.023 
-0.0180751 0.0167955 0.999696 33.5688 0.0215254 0.999634 -0.0164053 -3.88836 -0.999605 0.0212223 -0.01843 114.006 
-0.0176619 0.0138526 0.999748 34.4474 0.0227055 0.999652 -0.0134501 -3.92034 -0.999586 0.0224622 -0.0179703 113.993 
-0.0178678 0.0144578 0.999736 35.3213 0.0214523 0.999671 -0.0140735 -3.95058 -0.99961 0.0211952 -0.018172 113.985 
-0.0189392 0.0153633 0.999703 36.1894 0.0183736 0.999718 -0.0150155 -3.9812 -0.999652 0.0180838 -0.0192161 113.978 
-0.020911 0.0155243 0.999661 37.0544 0.0163078 0.999752 -0.0151845 -4.01045 -0.999648 0.0159847 -0.021159 113.969 
-0.0230628 0.0154097 0.999615 37.9131 0.0159102 0.99976 -0.0150449 -4.04126 -0.999607 0.0155571 -0.0233024 113.954 
-0.0253046 0.0157118 0.999556 38.7678 0.0147685 0.999773 -0.0153414 -4.07207 -0.999571 0.0143737 -0.0255309 113.94 
-0.0274325 0.016035 0.999495 39.6177 0.0131369 0.999791 -0.0156791 -4.10141 -0.999537 0.0127002 -0.0276374 113.925 
-0.0294759 0.0151298 0.999451 40.4603 0.011376 0.999826 -0.0148 -4.12986 -0.999501 0.0109335 -0.0296429 113.908 
-0.0316275 0.014016 0.999401 41.2984 0.011992 0.999835 -0.0136426 -4.16001 -0.999428 0.0115534 -0.0317903 113.887 
-0.0335572 0.0141273 0.999337 42.1276 0.0118027 0.999836 -0.013738 -4.18933 -0.999367 0.0113339 -0.0337184 113.865 
-0.0354251 0.0151476 0.999258 42.9495 0.0117059 0.999823 -0.0147412 -4.21635 -0.999304 0.011175 -0.0355962 113.842 
-0.0363112 0.015333 0.999223 43.7663 0.0122108 0.999814 -0.0148983 -4.24376 -0.999266 0.0116603 -0.0364917 113.815 
-0.0375286 0.0141462 0.999195 44.5818 0.0141198 0.999807 -0.0136246 -4.27216 -0.999196 0.0135971 -0.0377211 113.786 
-0.039012 0.0134757 0.999148 45.3904 0.0143775 0.999813 -0.0129233 -4.30059 -0.999135 0.013861 -0.0391985 113.759 
-0.0403088 0.013043 0.999102 46.1923 0.0130722 0.999836 -0.0125252 -4.32788 -0.999102 0.0125556 -0.0404727 113.733 
-0.0415905 0.012116 0.999061 46.9804 0.0113537 0.999868 -0.0116531 -4.35394 -0.99907 0.0108583 -0.0417226 113.708 
-0.0424683 0.0109577 0.999038 47.7493 0.0103314 0.999891 -0.0105279 -4.37823 -0.999044 0.00987435 -0.0425768 113.683 
-0.0431912 0.010742 0.999009 48.4983 0.0106844 0.99989 -0.0102895 -4.40348 -0.99901 0.0102294 -0.0433012 113.656 
-0.043401 0.013298 0.998969 49.236 0.0108657 0.999859 -0.0128378 -4.42982 -0.998999 0.0102973 -0.0435394 113.629 
-0.0435195 0.0160353 0.998924 49.9688 0.0108929 0.999819 -0.0155751 -4.45604 -0.998993 0.0102034 -0.0436863 113.603 
-0.043681 0.0177034 0.998889 50.6982 0.00906281 0.999809 -0.0173234 -4.48179 -0.999004 0.00829603 -0.0438331 113.58 
-0.0438115 0.0185897 0.998867 51.4229 0.00970678 0.999788 -0.0181811 -4.50827 -0.998993 0.00889924 -0.0439826 113.553 
-0.0437956 0.018396 0.998871 52.1435 0.01105 0.999778 -0.0179282 -4.53498 -0.998979 0.0102523 -0.0439891 113.524 
-0.0440656 0.0179295 0.998868 52.8581 0.0117427 0.999779 -0.0174278 -4.56058 -0.99896 0.0109614 -0.0442664 113.496 
-0.0445 0.018002 0.998847 53.5691 0.00784444 0.999813 -0.01767 -4.58643 -0.998979 0.00704908 -0.0446329 113.476 
-0.0443472 0.0182211 0.99885 54.2737 0.0053643 0.999824 -0.0180007 -4.61491 -0.999002 0.00455985 -0.0444371 113.455 
-0.0442666 0.0169095 0.998877 54.9781 0.00746213 0.999834 -0.016595 -4.64086 -0.998992 0.00671914 -0.0443854 113.427 
-0.0452603 0.0163741 0.998841 55.6777 0.00775828 0.999841 -0.016039 -4.66381 -0.998945 0.00702336 -0.0453801 113.398 
-0.0488697 0.0158581 0.998679 56.3739 0.00452706 0.999867 -0.0156554 -4.68963 -0.998795 0.00375601 -0.048935 113.374 
-0.0542435 0.0153745 0.998409 57.0659 0.000660643 0.999882 -0.0153613 -4.71577 -0.998528 -0.000173656 -0.0542472 113.348 
-0.0600638 0.0192568 0.998009 57.751 0.00435381 0.999809 -0.0190296 -4.73985 -0.998185 0.00320215 -0.0601362 113.305 
-0.0665448 0.0220769 0.997539 58.4368 0.00673371 0.999742 -0.0216764 -4.7627 -0.997761 0.00527469 -0.0666763 113.255 
-0.0738442 0.0237053 0.996988 59.1302 0.00588736 0.99971 -0.023334 -4.78796 -0.997252 0.00414654 -0.0739624 113.207 
-0.0801711 0.0229088 0.996518 59.8294 0.00211487 0.999738 -0.0228127 -4.81462 -0.996779 0.000278588 -0.0801985 113.159 
-0.0855692 0.0216311 0.996097 60.5341 0.00166865 0.999766 -0.0215674 -4.8424 -0.996331 -0.000183367 -0.0855852 113.102 
-0.090134 0.0222943 0.99568 61.2426 -0.000636041 0.999748 -0.022443 -4.86756 -0.995929 -0.00265617 -0.0900971 113.043 
-0.094236 0.0216599 0.995314 61.9594 -0.00287344 0.999753 -0.0220286 -4.89185 -0.995546 -0.00493586 -0.0941505 112.984 
-0.0968049 0.0184928 0.995132 62.6847 -0.00232941 0.99982 -0.0188066 -4.91513 -0.995301 -0.00413863 -0.0967445 112.917 
-0.0985163 0.0154366 0.995016 63.4184 -0.000336497 0.999879 -0.0155453 -4.93908 -0.995135 -0.00186629 -0.0984992 112.845 
-0.100069 0.0126066 0.994901 64.158 -0.000675308 0.999919 -0.0127381 -4.96446 -0.99498 -0.00194655 -0.100052 112.776 
-0.101419 0.0123304 0.994767 64.9031 -0.00164692 0.99992 -0.0125622 -4.98466 -0.994842 -0.00291235 -0.101391 112.709 
-0.10188 0.0161154 0.994666 65.6519 0.000184881 0.999869 -0.0161808 -5.00607 -0.994797 -0.0014646 -0.10187 112.635 
-0.10202 0.0201065 0.994579 66.406 0.00608982 0.99979 -0.0195871 -5.03045 -0.994764 0.00405853 -0.102121 112.553 
-0.102519 0.0249498 0.994418 67.1649 0.0134678 0.999629 -0.0236921 -5.05782 -0.99464 0.0109637 -0.102817 112.467 
-0.103254 0.0261606 0.994311 67.9304 0.0141517 0.999592 -0.02483 -5.08286 -0.994554 0.0115074 -0.103582 112.39 
-0.103677 0.0239273 0.994323 68.7002 0.0121047 0.999667 -0.0227937 -5.11107 -0.994537 0.00967281 -0.103932 112.319 
-0.10352 0.0190255 0.994445 69.4706 0.0124873 0.999763 -0.0178274 -5.13992 -0.994549 0.0105724 -0.103733 112.243 
-0.103619 0.016983 0.994472 70.2337 0.0145831 0.999773 -0.0155541 -5.16866 -0.99451 0.0128908 -0.103843 112.164 
-0.104606 0.0166365 0.994375 70.9931 0.0147298 0.999776 -0.0151773 -5.19599 -0.994405 0.0130593 -0.104827 112.088 
-0.106346 0.0175775 0.994174 71.7494 0.0133203 0.999779 -0.0162518 -5.2226 -0.99424 0.0115143 -0.106557 112.015 
-0.10856 0.0182394 0.993923 72.5053 0.0124931 0.999778 -0.0169823 -5.24817 -0.994011 0.0105736 -0.108764 111.938 
-0.110707 0.0184023 0.993683 73.2605 0.0136017 0.999763 -0.0169995 -5.27478 -0.99376 0.0116338 -0.110932 111.857 
-0.112503 0.0185274 0.993479 74.0177 0.0139918 0.999757 -0.0170601 -5.30073 -0.993553 0.0119813 -0.112734 111.773 
-0.114509 0.0181952 0.993256 74.7784 0.0136995 0.999766 -0.0167351 -5.32647 -0.993328 0.0116907 -0.114732 111.69 
-0.116174 0.0185427 0.993056 75.5426 0.011537 0.999783 -0.0173187 -5.35182 -0.993162 0.00944495 -0.116362 111.609 
-0.117304 0.0200788 0.992893 76.3106 0.0116591 0.999755 -0.0188401 -5.37842 -0.993028 0.00936621 -0.11751 111.523 
-0.118146 0.0204707 0.992785 77.0841 0.0105033 0.999757 -0.0193645 -5.40414 -0.992941 0.00813963 -0.118333 111.438 
-0.119461 0.0208291 0.99262 77.8617 0.0103509 0.999752 -0.019733 -5.42878 -0.992785 0.00791715 -0.119647 111.351 
-0.120501 0.0191275 0.992529 78.6479 0.0107912 0.999781 -0.0179571 -5.4555 -0.992655 0.00854677 -0.120681 111.26 
-0.121586 0.0167791 0.992439 79.4409 0.0083833 0.999839 -0.0158771 -5.48118 -0.992545 0.00638947 -0.121707 111.17 
-0.123416 0.0147226 0.992246 80.239 0.00539895 0.999885 -0.0141644 -5.50478 -0.99234 0.00360897 -0.123481 111.081 
-0.125467 0.0141625 0.991997 81.0405 0.00674243 0.999887 -0.0134223 -5.53012 -0.992075 0.0050044 -0.125548 110.983 
-0.127239 0.014789 0.991762 81.8476 0.00786974 0.999872 -0.0139002 -5.55471 -0.991841 0.00603626 -0.127339 110.881 
-0.129481 0.0160986 0.991451 82.6606 0.00719967 0.999857 -0.0152948 -5.57808 -0.991556 0.00515774 -0.129578 110.781 
-0.130961 0.019615 0.991193 83.4772 0.00875292 0.999788 -0.0186286 -5.60481 -0.991349 0.00623622 -0.131105 110.676 
-0.131324 0.0235224 0.99106 84.298 0.0107092 0.999694 -0.0223083 -5.63385 -0.991282 0.00768384 -0.131535 110.567 
-0.132429 0.0274932 0.990811 85.1263 0.0118911 0.999587 -0.0261474 -5.66389 -0.991121 0.00831911 -0.132702 110.46 
-0.131995 0.0285568 0.990839 85.9617 0.0140645 0.999538 -0.0269339 -5.69617 -0.991151 0.0103805 -0.132336 110.348 
-0.131476 0.0278993 0.990927 86.8046 0.0177455 0.99951 -0.0257865 -5.73069 -0.991161 0.0141942 -0.131907 110.234 
-0.131401 0.0259326 0.99099 87.658 0.0181843 0.999553 -0.0237455 -5.76494 -0.991163 0.0149003 -0.131813 110.125 
-0.130686 0.024361 0.991125 88.5164 0.0174358 0.9996 -0.0222703 -5.79689 -0.991271 0.0143706 -0.131058 110.019 
-0.128936 0.0218932 0.991411 89.3793 0.0162698 0.999668 -0.0199596 -5.82931 -0.991519 0.0135566 -0.129249 109.914 
-0.127251 0.0186656 0.991695 90.2473 0.0167441 0.999721 -0.0166681 -5.85939 -0.991729 0.014484 -0.127528 109.807 
-0.125584 0.0153153 0.991965 91.119 0.0171691 0.999765 -0.0132621 -5.88784 -0.991934 0.0153656 -0.125817 109.701 
-0.123985 0.0151065 0.992169 91.9903 0.0153968 0.999793 -0.0132985 -5.91759 -0.992165 0.0136274 -0.124192 109.601 
-0.122465 0.019317 0.992285 92.8576 0.0165243 0.999712 -0.0174222 -5.94838 -0.992335 0.0142632 -0.122748 109.498 
-0.120562 0.0256341 0.992375 93.7279 0.017195 0.99957 -0.0237309 -5.9781 -0.992557 0.0142028 -0.120951 109.397 
-0.119102 0.0291778 0.992453 94.6014 0.0150608 0.999506 -0.0275777 -6.00905 -0.992768 0.0116626 -0.119483 109.3 
-0.117585 0.0266226 0.992706 95.4823 0.0136845 0.999589 -0.0251863 -6.04431 -0.992969 0.0106231 -0.117901 109.204 
-0.116628 0.0240342 0.992885 96.3659 0.0138889 0.999649 -0.0225665 -6.0803 -0.993079 0.0111582 -0.116921 109.107 
-0.11603 0.0224812 0.992991 97.2492 0.0149121 0.999671 -0.0208899 -6.11407 -0.993134 0.0123838 -0.116327 109.008 
-0.115339 0.0221423 0.993079 98.1325 0.0141381 0.999687 -0.0206476 -6.14725 -0.993226 0.0116587 -0.115616 108.913 
-0.114883 0.0221437 0.993132 99.0138 0.0133669 0.999695 -0.0207438 -6.18167 -0.993289 0.010892 -0.115144 108.818 
-0.114192 0.0203215 0.993251 99.8962 0.0159499 0.999699 -0.0186197 -6.21379 -0.993331 0.0137161 -0.114481 108.719 
-0.113033 0.019592 0.993398 100.776 0.0184529 0.999675 -0.0176162 -6.24754 -0.99342 0.0163398 -0.113358 108.619 
-0.112387 0.0208212 0.993446 101.651 0.0204468 0.999617 -0.0186374 -6.28064 -0.993454 0.0182182 -0.11277 108.522 
-0.111599 0.0229904 0.993487 102.524 0.0211211 0.999561 -0.0207584 -6.31356 -0.993529 0.0186669 -0.112036 108.428 
-0.11077 0.024547 0.993543 103.395 0.0182553 0.999577 -0.0226607 -6.34571 -0.993678 0.0156273 -0.111171 108.34 
-0.110443 0.0202771 0.993676 104.268 0.0131125 0.999735 -0.0189433 -6.37823 -0.993796 0.0109374 -0.11068 108.257 
-0.110674 0.0182382 0.993689 105.135 0.00837871 0.999813 -0.0174174 -6.41387 -0.993821 0.00639818 -0.110806 108.174 
-0.111875 0.018596 0.993548 105.993 0.00506263 0.999823 -0.0181434 -6.4486 -0.993709 0.00300018 -0.111949 108.089 
-0.113203 0.0232574 0.9933 106.842 0.00201288 0.999729 -0.0231785 -6.48125 -0.99357 -0.000624489 -0.113219 108.004 
-0.114084 0.0257821 0.993137 107.688 0.00120182 0.999666 -0.0258136 -6.51471 -0.99347 -0.00175135 -0.114077 107.914 
-0.114515 0.0261315 0.993078 108.529 0.00187756 0.999658 -0.0260881 -6.55171 -0.99342 -0.00112293 -0.114525 107.822 
-0.114985 0.0254578 0.993041 109.366 0.00320599 0.999676 -0.0252567 -6.59118 -0.993362 0.000279526 -0.11503 107.729 
-0.115589 0.0261302 0.992953 110.196 0.00443333 0.999658 -0.0257906 -6.62947 -0.993287 0.00142098 -0.115665 107.636 
-0.116089 0.0292716 0.992807 111.017 0.00576066 0.999569 -0.0287973 -6.66916 -0.993222 0.00237616 -0.116208 107.544 
-0.116681 0.0306031 0.992698 111.835 0.0053182 0.99953 -0.0301886 -6.7084 -0.993155 0.00175693 -0.116789 107.454 
-0.117919 0.0309488 0.992541 112.65 0.0036155 0.999521 -0.0307369 -6.74696 -0.993017 -3.59284e-05 -0.117974 107.365 
-0.120157 0.0297359 0.992309 113.461 0.00193047 0.999556 -0.0297193 -6.78766 -0.992753 -0.00165535 -0.120161 107.275 
-0.123295 0.0308414 0.991891 114.264 0.0017663 0.999522 -0.0308591 -6.83026 -0.992369 -0.00205278 -0.12329 107.182 
-0.126493 0.0334754 0.991402 115.06 0.00143342 0.999436 -0.0335638 -6.87095 -0.991966 -0.00282449 -0.12647 107.086 
-0.129853 0.0347873 0.990923 115.855 -0.0001802 0.999384 -0.0351079 -6.91059 -0.991533 -0.00473743 -0.129767 106.99 
-0.133126 0.0348501 0.990486 116.646 0.000210131 0.999383 -0.0351349 -6.95231 -0.991099 -0.00446924 -0.133051 106.89 
-0.135989 0.0334487 0.990146 117.434 0.00144185 0.999436 -0.0335645 -6.995 -0.990709 -0.00313674 -0.13596 106.785 
-0.138564 0.0343148 0.989759 118.218 0.0029013 0.999409 -0.0342432 -7.03715 -0.990349 -0.0018733 -0.138582 106.677 
-0.140534 0.0386281 0.989322 118.995 -0.00174589 0.999227 -0.0392629 -7.08233 -0.990074 -0.00724503 -0.140358 106.579 
-0.142294 0.0454897 0.988779 119.768 -0.00406204 0.998908 -0.0465403 -7.13027 -0.989816 -0.0106389 -0.141954 106.477 
-0.144904 0.048498 0.988256 120.542 0.000293969 0.9988 -0.0489723 -7.17268 -0.989446 -0.00680574 -0.144744 106.363 
-0.147669 0.0468146 0.987928 121.318 0.00238969 0.998893 -0.046977 -7.21696 -0.989034 -0.00457618 -0.147617 106.247 
-0.151102 0.0389081 0.987752 122.097 0.00073489 0.999229 -0.0392477 -7.26802 -0.988518 -0.00520453 -0.151014 106.137 
-0.153372 0.0366562 0.987488 122.87 -0.000400794 0.999309 -0.0371572 -7.31718 -0.988168 -0.00609467 -0.153252 106.025 
-0.155082 0.039593 0.987108 123.631 -0.000791674 0.999191 -0.040202 -7.36031 -0.987901 -0.00701607 -0.154925 105.908 
-0.157875 0.0430131 0.986522 124.391 -0.0033955 0.999021 -0.0441014 -7.40335 -0.987453 -0.0103123 -0.157575 105.796 
-0.160434 0.0454658 0.985999 125.146 -0.00389166 0.998902 -0.046694 -7.45084 -0.987039 -0.0113285 -0.160081 105.681 
-0.162308 0.0496363 0.985491 125.894 -1.72964e-06 0.998734 -0.0503036 -7.50334 -0.98674 -0.0081664 -0.162103 105.557 
-0.164305 0.0541021 0.984925 126.638 0.000235069 0.998497 -0.0548084 -7.55344 -0.98641 -0.00877376 -0.164071 105.436 
-0.167393 0.0563032 0.984281 127.383 -0.000632603 0.998362 -0.0572163 -7.60251 -0.98589 -0.0102002 -0.167083 105.319 
-0.169548 0.0537827 0.984053 128.128 0.000260606 0.998512 -0.0545281 -7.65573 -0.985522 -0.0089887 -0.16931 105.194 
-0.17356 0.0502421 0.983541 128.87 0.00433936 0.998727 -0.0502521 -7.70868 -0.984814 -0.00445383 -0.173557 105.061 
-0.179196 0.048777 0.982603 129.608 0.0066485 0.998807 -0.0483689 -7.75926 -0.983791 -0.00213469 -0.179307 104.927 
-0.185526 0.0473905 0.981496 130.342 0.00531746 0.99887 -0.0472243 -7.80897 -0.982625 -0.00354225 -0.185568 104.795 
-0.194043 0.0476615 0.979834 131.071 0.00433587 0.998851 -0.0477278 -7.85758 -0.980983 -0.00501282 -0.194027 104.655 
-0.20464 0.0480401 0.977658 131.796 0.00360194 0.998825 -0.0483263 -7.90632 -0.978831 -0.00636801 -0.204572 104.507 
-0.216553 0.0489335 0.975044 132.517 0.00409266 0.99878 -0.0492157 -7.95429 -0.976262 -0.00666729 -0.216489 104.348 
-0.228961 0.0497311 0.972164 133.233 0.00506368 0.998741 -0.0498981 -8.00152 -0.973422 -0.00650202 -0.228925 104.178 
-0.24065 0.0497249 0.969337 133.945 0.00814355 0.998755 -0.0492123 -8.04958 -0.970578 -0.00394911 -0.240756 103.997 
-0.251694 0.0497685 0.966526 134.651 0.0114732 0.99876 -0.0484405 -8.09814 -0.967739 -0.00110301 -0.251953 103.806 
-0.261757 0.0497538 0.963851 135.355 0.0155263 0.998758 -0.0473392 -8.14569 -0.965009 0.00257368 -0.262204 103.608 
-0.270461 0.0504309 0.961409 136.055 0.0214023 0.998695 -0.0463659 -8.19207 -0.962493 0.00803612 -0.271188 103.402 
-0.277968 0.0505206 0.959261 136.751 0.0265176 0.998639 -0.0449104 -8.23763 -0.960224 0.0129536 -0.27893 103.191 
-0.284374 0.050614 0.957376 137.443 0.0267344 0.998636 -0.0448542 -8.28441 -0.958341 0.0128395 -0.285339 102.987 
-0.289067 0.0486526 0.956072 138.134 0.030299 0.998672 -0.0416596 -8.32674 -0.956829 0.0169256 -0.290157 102.775 
-0.291064 0.0460684 0.955594 138.82 0.0364002 0.99865 -0.037057 -8.3663 -0.956011 0.0239979 -0.292348 102.557 
-0.291952 0.0447855 0.955384 139.5 0.0427553 0.998516 -0.0337419 -8.40528 -0.955477 0.0309967 -0.293434 102.339 
-0.292877 0.0431522 0.955176 140.177 0.0450274 0.998495 -0.0313029 -8.44674 -0.955089 0.0338412 -0.294379 102.131 
-0.292517 0.0486672 0.955021 140.843 0.0474447 0.998213 -0.0363362 -8.48347 -0.955083 0.0346818 -0.294303 101.926 
-0.291161 0.0519269 0.955264 141.506 0.0472438 0.998088 -0.039855 -8.51975 -0.955507 0.0335261 -0.293057 101.726 
-0.290343 0.0518581 0.955516 142.169 0.0492705 0.998016 -0.0391933 -8.55636 -0.955653 0.0356993 -0.292322 101.525 
-0.288573 0.050289 0.956136 142.827 0.0505622 0.998027 -0.037232 -8.59253 -0.956122 0.0376003 -0.290546 101.326 
-0.286655 0.0475175 0.956855 143.481 0.0524642 0.998049 -0.033846 -8.63482 -0.956596 0.0404985 -0.288589 101.129 
-0.28525 0.0480651 0.957247 144.128 0.053196 0.997996 -0.0342593 -8.6729 -0.956976 0.0411493 -0.287235 100.939 
-0.282756 0.050462 0.957864 144.768 0.0543965 0.997852 -0.0365111 -8.70749 -0.957648 0.0417807 -0.284893 100.752 
-0.278452 0.0521552 0.959033 145.403 0.0559921 0.997708 -0.0380014 -8.74303 -0.958817 0.0431167 -0.280734 100.568 
-0.273075 0.051245 0.960627 146.038 0.0571375 0.997681 -0.0369793 -8.77911 -0.960294 0.0447897 -0.27537 100.39 
-0.26756 0.0495347 0.962267 146.669 0.058604 0.997665 -0.035062 -8.81649 -0.961757 0.0470115 -0.269838 100.217 
-0.26285 0.0475358 0.963665 147.296 0.0583372 0.997741 -0.0333047 -8.8533 -0.963072 0.0474634 -0.265029 100.05 
-0.258844 0.0466232 0.964793 147.919 0.0582397 0.99777 -0.0325917 -8.88945 -0.964162 0.0477531 -0.260982 99.8876 
-0.254903 0.0451989 0.96591 148.533 0.0590162 0.997772 -0.0311155 -8.92178 -0.965164 0.0490729 -0.257002 99.7275 
-0.250991 0.0436985 0.967003 149.144 0.0622306 0.997642 -0.0289308 -8.95177 -0.965987 0.0529158 -0.253119 99.5674 
-0.247178 0.0421088 0.968055 149.752 0.064256 0.997569 -0.0269858 -8.98051 -0.966837 0.055533 -0.249283 99.4103 
-0.244018 0.0406073 0.96892 150.355 0.0623276 0.997714 -0.0261172 -9.01414 -0.967766 0.0540174 -0.245991 99.2646 
-0.240369 0.0414432 0.969797 150.951 0.0593925 0.997844 -0.027921 -9.04675 -0.968863 0.0508873 -0.242312 99.1254 
-0.235605 0.0448708 0.970812 151.54 0.0605688 0.99767 -0.0314128 -9.0763 -0.96996 0.0513999 -0.237774 98.9837 
-0.229923 0.0481871 0.972015 152.124 0.0623829 0.997449 -0.0346917 -9.10437 -0.971207 0.0526607 -0.232343 98.845 
-0.223281 0.0490754 0.973518 152.708 0.0615509 0.997449 -0.0361648 -9.13415 -0.972809 0.051846 -0.225731 98.717 
