1 0 -0 0 -0 1 0 0 0 -0 1 -0 
0.999998 0.000717794 0.0017069 -0.00560723 -0.000716201 0.999999 -0.000933798 -0.020885 -0.00170757 0.000932574 0.999998 1.21153 
0.999995 0.00107158 0.00313309 -0.0089844 -0.00107025 0.999999 -0.000426784 -0.0426342 -0.00313354 0.000423428 0.999995 2.42432 
0.999991 0.000460195 0.00420055 -0.00998304 -0.000459953 1 -5.84773e-05 -0.0652133 -0.00420058 5.65447e-05 0.999991 3.63703 
0.999987 0.000143086 0.00506605 -0.0104531 -0.000142975 1 -2.23982e-05 -0.0865203 -0.00506605 2.16736e-05 0.999987 4.84865 
0.999982 -0.000172511 0.00606657 -0.0106637 0.000172077 1 7.19863e-05 -0.108721 -0.00606658 -7.0941e-05 0.999982 6.05942 
0.999976 0.000135832 0.00687746 -0.00938756 -0.000129888 1 -0.000864663 -0.131272 -0.00687757 0.000863749 0.999976 7.26956 
0.999971 -0.000222154 0.00764733 -0.00678968 0.000231536 0.999999 -0.00122591 -0.153383 -0.00764705 0.00122764 0.99997 8.48142 
0.99997 -0.000668092 0.00777292 -0.00354351 0.000665824 1 0.00029437 -0.175418 -0.00777311 -0.000289186 0.99997 9.69563 
0.999978 -0.0013269 0.00652727 -0.00182344 0.00131899 0.999998 0.00121661 -0.197513 -0.00652888 -0.00120797 0.999978 10.9065 
0.999989 -0.00242638 0.00408432 -0.000818492 0.00242337 0.999997 0.000741839 -0.218287 -0.00408611 -0.000731933 0.999991 12.1132 
0.999996 -0.00211601 0.00198386 -0.00419979 0.00211541 0.999998 0.000305198 -0.239391 -0.0019845 -0.000301 0.999998 13.3199 
0.999998 -0.00184933 0.000717996 -0.00996178 0.0018492 0.999998 0.000180537 -0.260673 -0.000718329 -0.000179209 1 14.5263 
1 -0.000319993 -9.29359e-05 -0.0183675 0.000319997 1 4.93383e-05 -0.282234 9.29201e-05 -4.9368e-05 1 15.7335 
1 -0.00065298 -0.000595327 -0.0256307 0.000653044 1 0.000106984 -0.303143 0.000595257 -0.000107372 1 16.9413 
0.999999 -0.00121834 -0.00109313 -0.0330138 0.00121896 0.999999 0.000568372 -0.324303 0.00109244 -0.000569703 0.999999 18.1497 
0.999997 -0.00164686 -0.00155339 -0.0409957 0.00164803 0.999998 0.000749014 -0.345428 0.00155215 -0.000751572 0.999999 19.3582 
0.999997 -0.001419 -0.00222117 -0.0505882 0.00141858 0.999999 -0.000192945 -0.367373 0.00222144 0.000189794 0.999998 20.5671 
0.999995 -0.00175478 -0.00274335 -0.0604246 0.00175188 0.999998 -0.0010613 -0.388389 0.00274521 0.00105649 0.999996 21.7755 
0.999993 -0.000998767 -0.00348639 -0.0726407 0.000996929 0.999999 -0.000528723 -0.410235 0.00348691 0.000525243 0.999994 22.9859 
0.99999 -0.00109994 -0.00421883 -0.0847458 0.00109717 0.999999 -0.000659001 -0.433532 0.00421955 0.000654366 0.999991 24.1948 
0.999986 -0.00118826 -0.00506986 -0.0977914 0.00118148 0.999998 -0.00134046 -0.456796 0.00507145 0.00133446 0.999986 25.4026 
0.999982 -0.000831932 -0.00592568 -0.111591 0.000827816 0.999999 -0.000697146 -0.478411 0.00592626 0.000692228 0.999982 26.6118 
0.999976 -0.0021449 -0.00666093 -0.125032 0.0021521 0.999997 0.00107281 -0.50042 0.00665861 -0.00108712 0.999977 27.8232 
0.999969 -0.0024731 -0.00748422 -0.140148 0.00248156 0.999996 0.0011213 -0.520869 0.00748142 -0.00113984 0.999971 29.0327 
0.999961 -0.00323174 -0.00821908 -0.156211 0.00323392 0.999995 0.000251533 -0.542019 0.00821823 -0.000278103 0.999966 30.2414 
0.999951 -0.00378109 -0.00916415 -0.172688 0.00377412 0.999993 -0.000777097 -0.563384 0.00916702 0.000742472 0.999958 31.448 
0.999946 -0.0032406 -0.00987282 -0.191267 0.00323338 0.999994 -0.000747423 -0.585286 0.00987519 0.00071546 0.999951 32.656 
0.999938 -0.00385258 -0.0104424 -0.210622 0.00385076 0.999993 -0.000194097 -0.60815 0.0104431 0.000153873 0.999945 33.8643 
0.99993 -0.00422668 -0.0110708 -0.230272 0.00422789 0.999991 8.60004e-05 -0.63051 0.0110703 -0.0001328 0.999939 35.0735 
0.999921 -0.00477288 -0.0115879 -0.25031 0.00477265 0.999989 -4.79616e-05 -0.652127 0.011588 -7.34727e-06 0.999933 36.2835 
0.999915 -0.00492491 -0.0120342 -0.271037 0.00492439 0.999988 -7.2302e-05 -0.67394 0.0120344 1.3035e-05 0.999928 37.4942 
0.999909 -0.005815 -0.0121756 -0.290986 0.005822 0.999983 0.00053964 -0.695677 0.0121723 -0.000610477 0.999926 38.705 
0.999913 -0.00552161 -0.0120125 -0.312774 0.00554389 0.999983 0.00182195 -0.716568 0.0120022 -0.00188838 0.999926 39.9174 
0.999916 -0.00503831 -0.0119753 -0.333682 0.00507045 0.999984 0.00265526 -0.736712 0.0119617 -0.00271576 0.999925 41.1302 
0.999919 -0.00434927 -0.0119219 -0.355772 0.00437566 0.999988 0.00218778 -0.756287 0.0119123 -0.00223977 0.999927 42.3414 
0.999926 -0.00330726 -0.011729 -0.378104 0.00333335 0.999992 0.00220566 -0.774837 0.0117216 -0.00224459 0.999929 43.5536 
0.999938 -0.000614482 -0.0111039 -0.401937 0.000659072 0.999992 0.00401254 -0.79275 0.0111013 -0.00401961 0.99993 44.769 
0.999955 -0.000557026 -0.00949066 -0.421467 0.000623907 0.999975 0.00704548 -0.808671 0.0094865 -0.00705108 0.99993 45.985 
0.999971 1.58747e-05 -0.0076711 -0.43965 5.99777e-05 0.999951 0.00988775 -0.821843 0.00767088 -0.00988791 0.999922 47.2019 
0.999982 0.000466107 -0.00605307 -0.455246 -0.00038616 0.999913 0.0132021 -0.829787 0.00605869 -0.0131996 0.999895 48.4199 
0.999989 -0.000194998 -0.0047186 -0.467407 0.000263496 0.999895 0.0145203 -0.83729 0.00471527 -0.0145214 0.999883 49.6376 
0.999993 -0.002044 -0.00317394 -0.476058 0.00208515 0.999913 0.0130165 -0.841393 0.00314706 -0.013023 0.99991 50.8534 
0.999997 -0.000979082 -0.00205888 -0.486779 0.00100213 0.999937 0.0112214 -0.846314 0.00204777 -0.0112235 0.999935 52.0696 
0.999999 -0.00059874 -0.00124928 -0.497245 0.000612203 0.999941 0.010804 -0.853796 0.00124274 -0.0108048 0.999941 53.2876 
0.999999 -0.00102859 -0.00120985 -0.504561 0.00104104 0.999946 0.0103344 -0.862738 0.00119916 -0.0103356 0.999946 54.5082 
0.999996 -0.00183394 -0.00198357 -0.513348 0.00185219 0.999956 0.00924088 -0.871941 0.00196653 -0.00924452 0.999955 55.7288 
0.999992 -0.00154136 -0.00363033 -0.524806 0.0015763 0.999952 0.00964224 -0.881174 0.0036153 -0.00964789 0.999947 56.9529 
0.999986 -0.00160526 -0.00496837 -0.538465 0.00165912 0.99994 0.0108541 -0.890692 0.00495064 -0.0108622 0.999929 58.1782 
0.999981 -0.00170727 -0.00599472 -0.553452 0.00177406 0.999936 0.0111535 -0.899927 0.0059753 -0.0111639 0.99992 59.4019 
0.999976 -0.000694312 -0.00683739 -0.570547 0.000768695 0.99994 0.0108823 -0.908741 0.00682943 -0.0108873 0.999917 60.6237 
0.999973 -0.000356572 -0.00737091 -0.588246 0.000435681 0.999942 0.0107338 -0.918122 0.00736666 -0.0107367 0.999915 61.8452 
0.999971 -0.00127409 -0.00755778 -0.603738 0.001351 0.999947 0.0101794 -0.928009 0.00754441 -0.0101893 0.99992 63.064 
0.999967 -0.00248284 -0.00779025 -0.618649 0.00255455 0.999954 0.00920842 -0.939059 0.00776703 -0.00922801 0.999927 64.2817 
0.999963 -0.00283195 -0.00813385 -0.634841 0.00291699 0.999941 0.010462 -0.94887 0.00810374 -0.0104854 0.999912 65.5001 
0.99996 -0.0030561 -0.00841499 -0.651494 0.00315689 0.999923 0.0119903 -0.959708 0.0083777 -0.0120164 0.999893 66.7155 
0.999959 -0.00260363 -0.00862504 -0.669534 0.00269284 0.999943 0.010347 -0.969657 0.0085976 -0.0103698 0.999909 67.9258 
0.999962 -0.000919017 -0.00864099 -0.690122 0.00099786 0.999958 0.00912436 -0.977914 0.00863224 -0.00913264 0.999921 69.1336 
0.999962 0.00124026 -0.00865018 -0.712054 -0.00115857 0.999955 0.00944277 -0.988619 0.0086615 -0.00943239 0.999918 70.3415 
0.999959 0.00300176 -0.00851714 -0.732847 -0.00291992 0.99995 0.00960526 -0.999573 0.00854554 -0.00957999 0.999918 71.5473 
0.999955 0.00454871 -0.00828503 -0.753458 -0.00446548 0.99994 0.010037 -1.00984 0.00833018 -0.00999957 0.999915 72.7498 
0.999961 0.00502873 -0.00728919 -0.770669 -0.00494816 0.999927 0.01103 -1.02062 0.00734413 -0.0109935 0.999913 73.9499 
0.999964 0.00676146 -0.00519244 -0.787775 -0.00669998 0.999908 0.0117677 -1.03011 0.00527153 -0.0117324 0.999917 75.1495 
0.999983 0.00519273 -0.00260906 -0.797291 -0.00516722 0.99994 0.00969105 -1.04339 0.00265922 -0.0096774 0.99995 76.3432 
0.999997 0.00237596 -0.00013608 -0.80126 -0.0023753 0.999987 0.00461735 -1.05513 0.000147049 -0.00461702 0.999989 77.5309 
0.999992 0.00329239 0.00229892 -0.80562 -0.00330191 0.999986 0.00415218 -1.06828 -0.00228522 -0.00415974 0.999989 78.7218 
0.999984 0.00225685 0.00515742 -0.805432 -0.00229668 0.999967 0.00773025 -1.08501 -0.0051398 -0.00774197 0.999957 79.9149 
0.999961 0.00261103 0.00844938 -0.801853 -0.00268712 0.999956 0.0090068 -1.09831 -0.00842549 -0.00902916 0.999924 81.1032 
0.999917 0.0028398 0.012567 -0.796026 -0.00293008 0.99997 0.0071712 -1.10968 -0.0125463 -0.00720743 0.999895 82.2849 
0.99987 0.00207775 0.0159817 -0.783598 -0.00214474 0.999989 0.00417575 -1.12601 -0.0159728 -0.00420948 0.999864 83.4638 
0.999812 0.000716455 0.0193739 -0.765887 -0.000732122 0.999999 0.000801592 -1.14489 -0.0193733 -0.000815626 0.999812 84.6383 
0.999741 6.80425e-05 0.0227367 -0.744233 -6.51423e-05 1 -0.000128297 -1.16617 -0.0227367 0.000126782 0.999741 85.8147 
0.999652 -0.000171245 0.0263663 -0.71921 0.000126869 0.999999 0.00168473 -1.18891 -0.0263665 -0.0016808 0.999651 86.9915 
0.999546 0.000843269 0.0301273 -0.692706 -0.000908771 0.999997 0.00216055 -1.21077 -0.0301254 -0.00218695 0.999544 88.1636 
0.999428 0.000447449 0.0338224 -0.66065 -0.000448949 1 3.67732e-05 -1.23196 -0.0338224 -5.19367e-05 0.999428 89.3315 
0.999309 0.000288806 0.0371589 -0.62392 -0.000204272 0.999997 -0.00227872 -1.25367 -0.0371594 0.00226956 0.999307 90.4975 
0.999188 0.000306473 0.040294 -0.582825 -0.000201242 0.999997 -0.00261561 -1.27652 -0.0402947 0.00260538 0.999184 91.665 
0.999066 -0.00111293 0.0432025 -0.537643 0.00117517 0.999998 -0.00141518 -1.29897 -0.0432009 0.00146463 0.999065 92.8379 
0.998943 -0.00179201 0.0459392 -0.489299 0.00179158 0.999998 5.06867e-05 -1.31986 -0.0459392 3.16705e-05 0.998944 94.0117 
0.998816 -0.00256334 0.0485714 -0.438348 0.00247718 0.999995 0.00183415 -1.33959 -0.0485759 -0.00171166 0.998818 95.1858 
0.99869 -0.00412102 0.0510048 -0.382742 0.0039812 0.999988 0.00284249 -1.35853 -0.0510159 -0.00263571 0.998694 96.3607 
0.998565 -0.00520602 0.0532903 -0.32467 0.005184 0.999986 0.000551339 -1.3783 -0.0532924 -0.000274291 0.998579 97.5347 
0.998435 -0.0066274 0.0555364 -0.262341 0.00680528 0.999972 -0.00301434 -1.39869 -0.0555149 0.00338756 0.998452 98.7112 
0.998322 -0.00594101 0.0575981 -0.20013 0.00628777 0.999963 -0.00584096 -1.42111 -0.0575612 0.00619332 0.998323 99.8924 
0.998224 -0.00588008 0.0592777 -0.135981 0.00628994 0.999958 -0.00673002 -1.44593 -0.0592356 0.00709092 0.998219 101.08 
0.998203 -0.00573953 0.05965 -0.0699919 0.00611659 0.999962 -0.00614061 -1.47085 -0.0596125 0.00649443 0.9982 102.277 
0.998246 -0.00557887 0.0589414 -0.00608195 0.00584371 0.999974 -0.00432201 -1.49661 -0.0589157 0.00465886 0.998252 103.478 
0.998322 -0.00626393 0.0575733 0.0589668 0.0064404 0.999975 -0.00288023 -1.52102 -0.0575538 0.00324619 0.998337 104.685 
0.998438 -0.00585075 0.0555688 0.120911 0.00597088 0.99998 -0.00199613 -1.54328 -0.055556 0.00232481 0.998453 105.898 
0.998576 -0.00562789 0.0530528 0.178739 0.00571698 0.999982 -0.00152777 -1.56466 -0.0530433 0.0018289 0.998591 107.115 
0.998738 -0.0050938 0.0499561 0.233801 0.00518042 0.999985 -0.00160468 -1.58539 -0.0499472 0.00186145 0.99875 108.337 
0.998925 -0.00366856 0.04622 0.280502 0.0037682 0.999991 -0.00206901 -1.60688 -0.046212 0.00224095 0.998929 109.559 
0.999099 -0.00348221 0.0422878 0.326031 0.00355698 0.999992 -0.00169304 -1.62765 -0.0422816 0.00184193 0.999104 110.786 
0.999262 -0.00295622 0.0382945 0.366158 0.00298485 0.999995 -0.000690661 -1.64929 -0.0382923 0.000804454 0.999266 112.017 
0.999418 -0.00268122 0.0340202 0.402327 0.00267741 0.999996 0.000157537 -1.67055 -0.0340205 -6.63594e-05 0.999421 113.248 
0.99956 -0.00271206 0.0295403 0.433122 0.00269228 0.999996 0.000709147 -1.69115 -0.0295421 -0.000629304 0.999563 114.482 
0.999691 -0.00212101 0.0247594 0.456702 0.00210183 0.999997 0.000800657 -1.71129 -0.0247611 -0.000748369 0.999693 115.719 
0.999803 -0.00130098 0.0197981 0.473715 0.00128786 0.999999 0.000675515 -1.73086 -0.019799 -0.000649885 0.999804 116.955 
0.999889 -0.000829262 0.0148807 0.485098 0.000824412 1 0.000332043 -1.75116 -0.014881 -0.000319739 0.999889 118.194 
0.999948 0.000249912 0.0102316 0.490156 -0.000247078 1 -0.000278159 -1.77243 -0.0102317 0.000275616 0.999948 119.435 
0.999975 0.00219895 0.00672418 0.48955 -0.00219697 0.999998 -0.000302435 -1.79275 -0.00672483 0.000287655 0.999977 120.679 
0.99998 0.00419668 0.00467073 0.485654 -0.0041957 0.999991 -0.000220049 -1.81453 -0.00467162 0.000200447 0.999989 121.924 
0.99998 0.00531522 0.00356656 0.481611 -0.00531336 0.999986 -0.000530364 -1.8353 -0.00356933 0.000511403 0.999993 123.171 
0.999969 0.0074347 0.00248951 0.474861 -0.00743395 0.999972 -0.00030915 -1.85628 -0.00249174 0.000290633 0.999997 124.421 
0.999961 0.00866409 0.00152576 0.467341 -0.00866492 0.999962 0.000539927 -1.87688 -0.00152102 -0.000553127 0.999999 125.675 
0.999964 0.0084572 0.000866825 0.461263 -0.00845803 0.999964 0.000952502 -1.89801 -0.000858738 -0.000959799 0.999999 126.928 
0.999925 0.0122594 -3.90675e-06 0.449022 -0.0122593 0.99992 0.00297555 -1.91522 4.03849e-05 -0.00297528 0.999996 128.186 
0.999912 0.0132681 -0.000640439 0.438435 -0.0132638 0.999893 0.00621503 -1.93176 0.000722831 -0.00620599 0.99998 129.447 
0.999927 0.0120577 -0.00118011 0.430198 -0.0120507 0.999911 0.00579132 -1.9458 0.00124983 -0.00577667 0.999983 130.709 
0.999927 0.0119952 -0.00167246 0.420189 -0.011988 0.999919 0.00424794 -1.95819 0.00172328 -0.00422758 0.99999 131.973 
0.999956 0.0090638 -0.00247587 0.413544 -0.00905073 0.999945 0.00524231 -1.97217 0.00252325 -0.00521967 0.999983 133.243 
0.99997 0.00692554 -0.00344012 0.407434 -0.0069009 0.999951 0.00712072 -1.98634 0.00348927 -0.00709677 0.999969 134.516 
0.999987 0.00351786 -0.00369684 0.400191 -0.00348461 0.999954 0.00896188 -1.99799 0.0037282 -0.00894888 0.999953 135.794 
0.99999 0.00162835 -0.00404502 0.391718 -0.00158767 0.999948 0.0100394 -2.00945 0.00406116 -0.0100329 0.999941 137.074 
0.999989 -0.00255314 -0.00391437 0.385955 0.00258511 0.999963 0.00818542 -2.01946 0.00389332 -0.00819545 0.999959 138.354 
0.999979 -0.00508236 -0.00392281 0.379053 0.00511045 0.999961 0.00718472 -2.02951 0.00388615 -0.00720462 0.999966 139.637 
0.999972 -0.00647146 -0.00376449 0.3706 0.00649733 0.999955 0.00689963 -2.04226 0.00371967 -0.0069239 0.999969 140.924 
0.999972 -0.00666197 -0.00338426 0.360402 0.00668654 0.999951 0.00730002 -2.05485 0.00333546 -0.00732244 0.999968 142.211 
0.999977 -0.00612694 -0.00280264 0.349894 0.00615266 0.999938 0.00926165 -2.06637 0.00274572 -0.00927869 0.999953 143.503 
0.999991 -0.00384723 -0.00204187 0.336628 0.00386909 0.999934 0.010813 -2.07815 0.00200014 -0.0108208 0.999939 144.794 
0.999991 -0.00393319 -0.00146602 0.327444 0.00394642 0.999951 0.00913295 -2.09027 0.00143003 -0.00913866 0.999957 146.08 
0.999994 -0.00336103 -0.00101648 0.318711 0.00336834 0.999968 0.00727954 -2.1018 0.000991983 -0.00728292 0.999973 147.367 
0.999994 -0.00347117 -0.000545626 0.311745 0.00347379 0.999982 0.00487149 -2.11856 0.000528707 -0.00487336 0.999988 148.65 
0.999989 -0.00463763 -0.000198666 0.30638 0.00463779 0.999989 0.0008061 -2.13808 0.000194925 -0.000807013 1 149.929 
0.999989 -0.00465284 0.000250329 0.29963 0.0046535 0.999986 -0.00268116 -2.16084 -0.00023785 0.0026823 0.999996 151.208 
0.999988 -0.00491151 0.000438778 0.294446 0.00491305 0.999981 -0.00359704 -2.18753 -0.000421103 0.00359915 0.999993 152.488 
0.999986 -0.00518642 0.000371038 0.288566 0.00518761 0.999981 -0.00330428 -2.21561 -0.000353894 0.00330617 0.999994 153.768 
0.99999 -0.0045746 0.00022584 0.282096 0.00457522 0.999986 -0.00281742 -2.24312 -0.000212948 0.00281842 0.999996 155.048 
0.999993 -0.00385313 8.53484e-05 0.273656 0.00385327 0.999991 -0.00176035 -2.27018 -7.85648e-05 0.00176066 0.999998 156.329 
0.999994 -0.00343957 -0.000249012 0.26554 0.00343927 0.999993 -0.0011835 -2.29662 0.000253081 0.00118264 0.999999 157.609 
0.999994 -0.00327878 -0.000743212 0.257504 0.00327763 0.999993 -0.00154426 -2.32224 0.00074827 0.00154181 0.999999 158.887 
0.999995 -0.00292905 -0.0014072 0.248337 0.00292727 0.999995 -0.00126389 -2.34723 0.00141089 0.00125977 0.999998 160.166 
0.999992 -0.00345022 -0.00205883 0.239277 0.0034501 0.999994 -6.12588e-05 -2.37144 0.00205903 5.41551e-05 0.999998 161.446 
0.999993 -0.00250826 -0.00262711 0.228017 0.002509 0.999997 0.000278933 -2.39546 0.0026264 -0.000285522 0.999997 162.726 
0.999993 -0.0020778 -0.00322187 0.21589 0.00207566 0.999998 -0.00066839 -2.41934 0.00322325 0.000661698 0.999995 164.004 
0.999991 -0.00170683 -0.0039884 0.20362 0.00169919 0.999997 -0.00191912 -2.44347 0.00399166 0.00191232 0.99999 165.281 
0.999989 -0.000953188 -0.00465225 0.189583 0.000944432 0.999998 -0.00188407 -2.46867 0.00465403 0.00187965 0.999987 166.561 
0.999985 -0.00143386 -0.00531898 0.176457 0.00141899 0.999995 -0.00279865 -2.49509 0.00532297 0.00279106 0.999982 167.84 
0.999981 -0.000996961 -0.00605837 0.160592 0.000973844 0.999992 -0.00381755 -2.52146 0.00606213 0.00381157 0.999974 169.119 
0.999977 -0.000797512 -0.00667864 0.144945 0.000774006 0.999994 -0.00352142 -2.54819 0.0066814 0.00351617 0.999971 170.401 
0.999973 -0.000563069 -0.00736925 0.12758 0.000546976 0.999997 -0.00218566 -2.57508 0.00737046 0.00218157 0.99997 171.683 
0.999967 -0.000622328 -0.00808815 0.110064 0.000607815 0.999998 -0.0017966 -2.60114 0.00808925 0.00179163 0.999966 172.964 
0.999961 -0.000265166 -0.00877706 0.0907644 0.000252179 0.999999 -0.00148077 -2.62548 0.00877744 0.0014785 0.99996 174.246 
0.999955 0.000127687 -0.00946246 0.0714922 -0.00013883 0.999999 -0.00117699 -2.65035 0.00946231 0.00117825 0.999955 175.526 
0.99995 0.000336807 -0.0100317 0.0510248 -0.000356626 0.999998 -0.00197384 -2.67671 0.010031 0.00197732 0.999948 176.804 
0.999943 0.00135493 -0.0105681 0.0293144 -0.00138092 0.999996 -0.00245235 -2.70185 0.0105648 0.0024668 0.999941 178.082 
0.999939 0.00146037 -0.0109365 0.00783236 -0.00148284 0.999997 -0.00204677 -2.72815 0.0109335 0.00206287 0.999938 179.362 
0.999936 0.00128487 -0.0111982 -0.0136228 -0.0013204 0.999994 -0.0031663 -2.75498 0.0111941 0.00318089 0.999932 180.639 
0.999936 -0.000129331 -0.0113111 -0.0331179 7.56376e-05 0.999989 -0.00474729 -2.7819 0.0113116 0.00474613 0.999925 181.914 
0.999928 -0.00327207 -0.0115245 -0.050133 0.00321915 0.999984 -0.00460777 -2.81032 0.0115394 0.00457034 0.999923 183.19 
0.999925 -0.00299946 -0.0118993 -0.0711055 0.00298892 0.999995 -0.000903536 -2.8362 0.011902 0.000867902 0.999929 184.467 
0.999921 -0.00388417 -0.011968 -0.0918093 0.00392529 0.999986 0.00341416 -2.86085 0.0119546 -0.00346087 0.999923 185.744 
0.999924 -0.00273187 -0.0119898 -0.11605 0.00276495 0.999992 0.00274305 -2.88086 0.0119822 -0.002776 0.999924 187.014 
0.99993 -0.0011628 -0.0117874 -0.141761 0.00115809 0.999999 -0.000406422 -2.90109 0.0117879 0.000392742 0.99993 188.279 
0.999927 -0.000865924 -0.0120143 -0.165833 0.000837865 0.999997 -0.0023403 -2.92401 0.0120163 0.00233007 0.999925 189.545 
0.999926 -0.00106795 -0.0120983 -0.188899 0.00104275 0.999997 -0.00208903 -2.94972 0.0121005 0.00207626 0.999925 190.808 
0.999927 -0.0012259 -0.01199 -0.212179 0.00121526 0.999999 -0.000894919 -2.97642 0.011991 0.000880283 0.999928 192.07 
0.99993 -0.00101457 -0.0117722 -0.23523 0.00102921 0.999999 0.00123767 -3.00106 0.011771 -0.0012497 0.99993 193.331 
0.999937 -0.00164855 -0.0110812 -0.255471 0.00167191 0.999996 0.00209833 -3.02488 0.0110777 -0.00211672 0.999936 194.586 
0.999952 -0.00164929 -0.00967804 -0.274814 0.00166399 0.999997 0.00151045 -3.04824 0.00967552 -0.00152648 0.999952 195.836 
0.999962 -0.00275202 -0.00825914 -0.290571 0.00275219 0.999996 8.95819e-06 -3.07114 0.00825908 -3.16885e-05 0.999966 197.083 
0.99997 -0.00301417 -0.00708067 -0.305882 0.00300396 0.999994 -0.00145276 -3.09643 0.00708501 0.00143145 0.999974 198.326 
0.999977 -0.00379318 -0.00567297 -0.319397 0.00378175 0.999991 -0.00202391 -3.12231 0.00568059 0.00200241 0.999982 199.564 
0.999984 -0.00356027 -0.00435706 -0.332874 0.00355467 0.999993 -0.00129172 -3.14847 0.00436163 0.00127621 0.99999 200.797 
0.999987 -0.00403256 -0.00301429 -0.343503 0.00403444 0.999992 0.000620683 -3.17425 0.00301176 -0.000632837 0.999995 202.026 
0.999994 -0.00301044 -0.0018936 -0.35408 0.00301241 0.999995 0.00103519 -3.1995 0.00189047 -0.00104089 0.999998 203.246 
0.999994 -0.00324193 -0.000729112 -0.362382 0.00324274 0.999994 0.00110405 -3.2225 0.000725528 -0.00110641 0.999999 204.461 
0.999996 -0.00285059 0.000282114 -0.369044 0.00285024 0.999995 0.00123728 -3.24564 -0.000285639 -0.00123648 0.999999 205.669 
0.999995 -0.00297985 0.00136505 -0.37477 0.00297782 0.999994 0.00148463 -3.26928 -0.00136946 -0.00148055 0.999998 206.87 
0.999994 -0.00260072 0.00217607 -0.379451 0.00259776 0.999996 0.00135893 -3.29163 -0.0021796 -0.00135327 0.999997 208.065 
0.999992 -0.00274854 0.00293935 -0.382069 0.00274413 0.999995 0.00150144 -3.31493 -0.00294347 -0.00149336 0.999995 209.25 
0.999987 -0.00381217 0.00347888 -0.383036 0.00380695 0.999992 0.00150786 -3.33783 -0.0034846 -0.0014946 0.999993 210.422 
0.999985 -0.00394653 0.00367245 -0.385522 0.00393809 0.99999 0.00230305 -3.36045 -0.0036815 -0.00228855 0.999991 211.584 
0.999985 -0.00447784 0.00329524 -0.387139 0.00446683 0.999984 0.00334099 -3.38366 -0.00331015 -0.00332622 0.999989 212.73 
0.999987 -0.00433525 0.00262434 -0.39046 0.00432658 0.999985 0.00330323 -3.40633 -0.00263862 -0.00329183 0.999991 213.86 
0.99999 -0.00399015 0.00224026 -0.395101 0.00398493 0.999989 0.0023268 -3.42828 -0.00224952 -0.00231784 0.999995 214.974 
0.999991 -0.00389804 0.00178822 -0.40038 0.00389527 0.999991 0.00154717 -3.45032 -0.00179424 -0.00154019 0.999997 216.076 
0.999991 -0.0040576 0.00115909 -0.405703 0.00405595 0.999991 0.0014256 -3.47275 -0.00116486 -0.00142089 0.999998 217.165 
0.99999 -0.00448762 -6.92229e-05 -0.411888 0.00448771 0.999989 0.00143371 -3.4957 6.27881e-05 -0.00143401 0.999999 218.241 
0.999986 -0.00503386 -0.00171011 -0.418717 0.00503762 0.999985 0.00220481 -3.51737 0.00169898 -0.00221339 0.999996 219.305 
0.999974 -0.00611992 -0.003721 -0.427031 0.00613437 0.999974 0.0038843 -3.53782 0.00369713 -0.00390703 0.999986 220.358 
0.999966 -0.00578435 -0.00591455 -0.438996 0.00581742 0.999967 0.00558936 -3.55778 0.00588203 -0.00562357 0.999967 221.397 
0.999951 -0.0054611 -0.00829136 -0.453804 0.00550878 0.999968 0.00573868 -3.57767 0.00825975 -0.00578407 0.999949 222.419 
0.999927 -0.00520325 -0.0109495 -0.470255 0.00526128 0.999972 0.00527724 -3.59489 0.0109217 -0.00533446 0.999926 223.421 
0.999892 -0.00516509 -0.0137563 -0.489621 0.00524019 0.999972 0.00542953 -3.61203 0.0137279 -0.00550103 0.999891 224.405 
0.999851 -0.00466245 -0.0166501 -0.512078 0.00476268 0.999971 0.005985 -3.63113 0.0166217 -0.00606341 0.999843 225.367 
0.999799 -0.00437337 -0.019583 -0.537275 0.0044858 0.999974 0.00570096 -3.64949 0.0195576 -0.00578766 0.999792 226.306 
0.999733 -0.00457333 -0.0226409 -0.563972 0.00469253 0.999975 0.0052146 -3.66722 0.0226165 -0.00531945 0.99973 227.221 
0.999654 -0.00470623 -0.0258905 -0.592731 0.00482721 0.999978 0.00461204 -3.68446 0.0258683 -0.00473542 0.999654 228.113 
0.999573 -0.00360255 -0.0290001 -0.625575 0.00373038 0.999984 0.00435525 -3.70157 0.0289839 -0.00446157 0.99957 228.983 
0.999485 -0.0032728 -0.0319283 -0.660075 0.00339112 0.999988 0.00365235 -3.71901 0.0319159 -0.00375874 0.999483 229.832 
0.999412 -0.00150386 -0.0342442 -0.696892 0.0016287 0.999992 0.00361794 -3.73546 0.0342385 -0.00367158 0.999407 230.661 
0.999388 -0.000768829 -0.0349644 -0.731838 0.00091273 0.999991 0.00409988 -3.75061 0.0349609 -0.00412928 0.99938 231.472 
0.999397 -0.000846713 -0.0347216 -0.7642 0.0010228 0.999987 0.00505404 -3.76608 0.0347168 -0.0050865 0.999384 232.265 
0.999412 -0.000826838 -0.0342672 -0.794772 0.00102758 0.999982 0.00584104 -3.7816 0.0342618 -0.00587282 0.999396 233.04 
0.999423 -0.00101198 -0.033947 -0.824375 0.0011948 0.999985 0.00536547 -3.79577 0.033941 -0.00540293 0.999409 233.797 
0.999435 -0.000546643 -0.0335939 -0.854475 0.000662549 0.999994 0.00343918 -3.80941 0.0335918 -0.0034595 0.99943 234.543 
0.999465 -0.000625462 -0.0326996 -0.882687 0.000669088 0.999999 0.00132321 -3.82324 0.0326988 -0.00134438 0.999464 235.287 
0.999504 -0.000591371 -0.0314853 -0.909836 0.000592805 1 3.62272e-05 -3.83799 0.0314853 -5.48739e-05 0.999504 236.027 
0.999546 -3.51761e-06 -0.0301175 -0.93615 -1.06923e-05 1 -0.000471654 -3.85221 0.0301175 0.000471762 0.999546 236.764 
0.999596 -0.000613321 -0.0283999 -0.959512 0.00059524 1 -0.000645123 -3.86667 0.0284003 0.000627958 0.999596 237.496 
0.999646 -0.000791033 -0.0266092 -0.981101 0.000773555 0.999999 -0.000667114 -3.88132 0.0266097 0.000646294 0.999646 238.225 
0.999695 -0.000800405 -0.0246641 -1.00214 0.000781398 0.999999 -0.000780261 -3.89706 0.0246648 0.000760751 0.999695 238.948 
0.999744 -0.00106311 -0.0225978 -1.02071 0.00103987 0.999999 -0.00104051 -3.91309 0.0225989 0.00101675 0.999744 239.669 
0.999804 -0.000976756 -0.0197925 -1.03704 0.000965182 0.999999 -0.000594302 -3.92787 0.0197931 0.000575082 0.999804 240.387 
0.999859 -0.00209004 -0.0166862 -1.0495 0.00209216 0.999998 0.000109604 -3.9418 0.016686 -0.000144498 0.999861 241.099 
0.999899 -0.00305742 -0.0138449 -1.06035 0.00306427 0.999995 0.000473905 -3.95711 0.0138434 -0.000516282 0.999904 241.809 
0.999935 -0.00338981 -0.0108625 -1.0695 0.00339689 0.999994 0.000633443 -3.97259 0.0108603 -0.000670301 0.999941 242.515 
0.999962 -0.00375314 -0.00791702 -1.07698 0.00375568 0.999993 0.000305956 -3.98641 0.00791581 -0.000335678 0.999969 243.219 
0.99998 -0.00391081 -0.00494415 -1.0827 0.00391104 0.999992 3.5866e-05 -3.9987 0.00494398 -5.52021e-05 0.999988 243.921 
0.999993 -0.00299537 -0.00208084 -1.08759 0.00299355 0.999995 -0.000881532 -4.01115 0.00208347 0.000875297 0.999997 244.625 
0.999995 -0.0029866 0.000856491 -1.08956 0.00298782 0.999995 -0.00143351 -4.02478 -0.000852205 0.00143606 0.999999 245.335 
0.999989 -0.00283428 0.00361822 -1.08969 0.00283601 0.999996 -0.000475247 -4.03784 -0.00361686 0.000485504 0.999993 246.05 
0.999978 -0.00268564 0.00612324 -1.08842 0.00268495 0.999996 0.000121729 -4.05107 -0.00612354 -0.000105286 0.999981 246.767 
0.99996 -0.00296825 0.00839796 -1.08504 0.00296868 0.999996 -3.81339e-05 -4.06434 -0.00839781 6.30632e-05 0.999965 247.486 
0.999938 -0.00299608 0.010682 -1.08088 0.00301352 0.999994 -0.00161649 -4.07784 -0.010677 0.00164858 0.999942 248.207 
0.99992 -0.00269229 0.0123604 -1.07535 0.00274177 0.999988 -0.00398803 -4.09026 -0.0123495 0.0040216 0.999916 248.931 
0.999904 -0.0037695 0.0133312 -1.06778 0.00384444 0.999977 -0.00560048 -4.10306 -0.0133098 0.00565119 0.999895 249.662 
0.999903 -0.00344375 0.0134695 -1.06161 0.00352523 0.999976 -0.00603052 -4.11716 -0.0134484 0.00607742 0.999891 250.398 
0.999898 -0.00425558 0.013619 -1.05345 0.00434462 0.999969 -0.00651493 -4.13399 -0.0135908 0.00657344 0.999886 251.142 
0.999901 -0.00328178 0.0137048 -1.0474 0.00337406 0.999972 -0.00671569 -4.15035 -0.0136823 0.00676126 0.999884 251.893 
0.9999 -0.00265644 0.0138668 -1.0405 0.00275506 0.999971 -0.00709794 -4.16728 -0.0138475 0.00713544 0.999879 252.652 
0.999894 -0.00365031 0.0141154 -1.03331 0.00377814 0.999952 -0.00904063 -4.18402 -0.0140818 0.009093 0.99986 253.409 
0.999868 -0.00746299 0.01446 -1.02065 0.00762478 0.999909 -0.0111661 -4.20295 -0.0143754 0.0112748 0.999833 254.174 
0.99983 -0.0107275 0.0149927 -1.00751 0.0109084 0.999868 -0.0120357 -4.21975 -0.0148616 0.0121972 0.999815 254.948 
0.999846 -0.0082656 0.0154946 -1.00205 0.00839169 0.999932 -0.00809055 -4.23436 -0.0154267 0.00821932 0.999847 255.734 
0.999862 -0.00437471 0.0160076 -0.999222 0.00440692 0.999988 -0.00197766 -4.25008 -0.0159988 0.00204793 0.99987 256.529 
0.999845 -0.00522863 0.0168029 -0.988687 0.0052032 0.999985 0.00155688 -4.26649 -0.0168107 -0.00146921 0.999858 257.329 
0.9998 -0.00622368 0.0189987 -0.972482 0.00623736 0.99998 -0.000660532 -4.27901 -0.0189943 0.000778902 0.999819 258.13 
0.999719 -0.0050005 0.0231644 -0.960565 0.00516056 0.999963 -0.00685483 -4.28974 -0.0231293 0.00697245 0.999708 258.934 
0.999632 -0.00292147 0.0269535 -0.946128 0.00320461 0.99994 -0.0104674 -4.30376 -0.0269213 0.01055 0.999582 259.75 
0.999546 -0.00137901 0.0300935 -0.926307 0.00168881 0.999946 -0.0102716 -4.32098 -0.0300777 0.0103177 0.999494 260.578 
0.999442 -0.00308013 0.0332672 -0.900287 0.00334804 0.999962 -0.00800051 -4.3398 -0.0332413 0.00810743 0.999414 261.416 
0.999327 -0.00624812 0.0361429 -0.86837 0.00642635 0.999968 -0.00481718 -4.35755 -0.0361116 0.00504621 0.999335 262.26 
0.999206 -0.00874311 0.0388644 -0.834447 0.00887869 0.999955 -0.00331742 -4.37395 -0.0388337 0.00365985 0.999239 263.106 
0.999085 -0.00852784 0.0419008 -0.803019 0.00865298 0.999959 -0.00280612 -4.39125 -0.0418752 0.00316612 0.999118 263.953 
0.998993 -0.00638427 0.0444056 -0.772471 0.00660905 0.999966 -0.00491697 -4.40929 -0.0443727 0.0052055 0.999001 264.8 
0.998892 -0.00563472 0.0467185 -0.737118 0.00597792 0.999956 -0.00720958 -4.42614 -0.0466758 0.00748087 0.998882 265.649 
0.998774 -0.00528675 0.0492262 -0.698798 0.00565319 0.999957 -0.00730789 -4.44342 -0.0491855 0.00757721 0.998761 266.5 
0.998633 -0.00444181 0.0520718 -0.659181 0.00472087 0.999975 -0.00523738 -4.46297 -0.0520473 0.00547605 0.99863 267.353 
0.998477 -0.003019 0.0550899 -0.618081 0.00322457 0.999988 -0.00364317 -4.4832 -0.0550782 0.00381526 0.998475 268.207 
0.998323 -0.00244912 0.0578434 -0.573746 0.00267011 0.999989 -0.00374337 -4.50177 -0.0578337 0.00389154 0.998319 269.059 
0.998171 -0.00247312 0.0604006 -0.526291 0.00273488 0.999987 -0.00425142 -4.51895 -0.0603893 0.00440883 0.998165 269.911 
0.99801 -0.00413322 0.0629247 -0.473485 0.00443801 0.999979 -0.00470476 -4.53559 -0.062904 0.00497466 0.998007 270.766 
0.997881 -0.00736365 0.0646517 -0.417163 0.00764049 0.999963 -0.0040358 -4.55337 -0.0646196 0.00452122 0.9979 271.622 
0.997821 -0.00835256 0.0654511 -0.363246 0.00864052 0.999954 -0.00411774 -4.5716 -0.0654137 0.0046743 0.997847 272.481 
0.997779 -0.00912117 0.0659888 -0.309813 0.00941543 0.999947 -0.00414953 -4.58886 -0.0659475 0.00476163 0.997812 273.342 
0.997753 -0.00917716 0.0663705 -0.257078 0.00947085 0.999947 -0.00411169 -4.60624 -0.0663293 0.00473104 0.997787 274.206 
0.997771 -0.00893219 0.0661265 -0.204372 0.00919122 0.999951 -0.00361395 -4.62283 -0.066091 0.00421368 0.997805 275.071 
0.99781 -0.00846763 0.0656 -0.154286 0.0086989 0.999957 -0.00324058 -4.64111 -0.0655697 0.00380413 0.997841 275.938 
0.997887 -0.00878527 0.0643729 -0.103728 0.00906826 0.99995 -0.00410514 -4.65984 -0.0643336 0.00468021 0.997917 276.804 
0.997991 -0.00864108 0.0627572 -0.055105 0.00897878 0.999947 -0.00510114 -4.67799 -0.0627098 0.00565438 0.998016 277.669 
0.998093 -0.00774886 0.0612346 -0.00908884 0.00812334 0.99995 -0.00586897 -4.69659 -0.0611861 0.0063552 0.998106 278.535 
0.998195 -0.00677366 0.0596772 0.0360745 0.00715629 0.999955 -0.00620027 -4.71739 -0.0596325 0.00661614 0.998198 279.4 
0.998304 -0.0055344 0.0579537 0.0778106 0.00591737 0.999962 -0.00643876 -4.73855 -0.0579159 0.00677077 0.998299 280.261 
0.998426 -0.00510579 0.0558551 0.11836 0.00544455 0.999968 -0.00591443 -4.75894 -0.0558231 0.00620923 0.998421 281.123 
0.998581 -0.00544319 0.0529793 0.157783 0.00568885 0.999974 -0.00448712 -4.77918 -0.0529535 0.00478215 0.998586 281.984 
0.998786 -0.00683963 0.0487875 0.195098 0.00695373 0.999973 -0.00216936 -4.79879 -0.0487713 0.00250598 0.998807 282.842 
0.999002 -0.00799726 0.0439537 0.22787 0.00803016 0.999968 -0.000572116 -4.81743 -0.0439477 0.0009245 0.999033 283.694 
0.999197 -0.00848038 0.0391532 0.25534 0.00846072 0.999964 0.000667881 -4.83484 -0.0391574 -0.000336081 0.999233 284.537 
0.999373 -0.00874391 0.034316 0.278802 0.00870618 0.999961 0.00124901 -4.85018 -0.0343256 -0.000949466 0.99941 285.371 
0.999519 -0.00927532 0.0296066 0.298696 0.00923262 0.999956 0.00157857 -4.86546 -0.02962 -0.00130446 0.99956 286.194 
0.99964 -0.0102545 0.0248101 0.315134 0.0102132 0.999946 0.00179174 -4.88165 -0.0248271 -0.00153771 0.999691 287.004 
0.999731 -0.0105934 0.020633 0.327583 0.0105668 0.999943 0.00139522 -4.89804 -0.0206466 -0.00117682 0.999786 287.8 
0.999811 -0.0100998 0.0166055 0.335769 0.0100812 0.999948 0.00120363 -4.91369 -0.0166168 -0.001036 0.999861 288.579 
0.99987 -0.00994083 0.0126797 0.341256 0.00992757 0.99995 0.00110775 -4.9292 -0.0126901 -0.000981729 0.999919 289.34 
0.999906 -0.0105246 0.00880454 0.344836 0.0105141 0.999944 0.00124251 -4.94694 -0.00881712 -0.00114982 0.99996 290.079 
0.999925 -0.0113453 0.00455841 0.344521 0.0113437 0.999936 0.000364271 -4.96234 -0.00456225 -0.000312534 0.99999 290.798 
0.999948 -0.0101926 -0.000449916 0.338255 0.0101921 0.999947 -0.00107574 -4.98102 0.000460857 0.0010711 0.999999 291.495 
0.99994 -0.00852467 -0.00684484 0.323963 0.00850336 0.999959 -0.00313766 -4.99659 0.00687131 0.00307927 0.999972 292.17 
0.999853 -0.00792172 -0.0152001 0.305524 0.0078487 0.999957 -0.00485722 -5.01348 0.0152379 0.0047372 0.999873 292.827 
0.999637 -0.00797011 -0.0257508 0.281806 0.007817 0.999951 -0.00604131 -5.03036 0.0257977 0.00583782 0.99965 293.473 
0.999201 -0.0076981 -0.0392092 0.247526 0.00745043 0.999951 -0.00645869 -5.04713 0.039257 0.0061614 0.99921 294.105 
0.998413 -0.00658955 -0.0559295 0.199698 0.00627425 0.999963 -0.00581121 -5.06758 0.0559657 0.00545108 0.998418 294.727 
0.99712 -0.00412726 -0.0757297 0.13648 0.00373793 0.999979 -0.00528206 -5.08226 0.0757499 0.00498377 0.997114 295.335 
0.995165 -0.00248448 -0.0981884 0.0581533 0.00196465 0.999984 -0.00539049 -5.10051 0.0982002 0.00517152 0.995153 295.932 
0.99235 -0.00117893 -0.123453 -0.0322567 0.000492667 0.999984 -0.00558929 -5.11493 0.123457 0.00548571 0.992335 296.514 
0.988516 0.000135951 -0.151119 -0.139962 -0.0009658 0.999985 -0.00541798 -5.12757 0.151116 0.00550171 0.988501 297.08 
0.983397 0.00130976 -0.181465 -0.267325 -0.00210725 0.999989 -0.00420203 -5.14394 0.181457 0.00451465 0.983388 297.636 
0.976616 0.00107389 -0.21499 -0.408217 -0.00168675 0.999995 -0.00266721 -5.15497 0.214986 0.00296748 0.976613 298.172 
0.968042 0.00123834 -0.250786 -0.566662 -0.00157221 0.999998 -0.00113094 -5.16538 0.250784 0.00148908 0.968042 298.694 
0.957627 0.00262672 -0.288 -0.745558 -0.00235345 0.999996 0.00129507 -5.17802 0.288003 -0.000562405 0.957629 299.193 
0.945121 0.00408264 -0.326695 -0.939479 -0.00312553 0.999989 0.00345459 -5.18553 0.326706 -0.00224391 0.945123 299.673 
0.930491 0.00460234 -0.366285 -1.15193 -0.00283434 0.999982 0.00536447 -5.19489 0.366303 -0.00395342 0.930487 300.138 
0.913562 0.00452634 -0.406673 -1.37816 -0.0019402 0.999975 0.00677137 -5.19901 0.406694 -0.00539704 0.913549 300.582 
0.894021 0.00417638 -0.448006 -1.62723 -0.000717583 0.999969 0.00788989 -5.2075 0.448025 -0.00673224 0.893996 301.013 
0.871494 0.00349979 -0.490394 -1.89577 0.000794132 0.999963 0.0085477 -5.21243 0.490405 -0.00783871 0.871459 301.429 
0.846062 0.00275572 -0.533077 -2.18272 0.00271471 0.999951 0.00947782 -5.21572 0.533077 -0.00946598 0.846014 301.826 
0.817624 0.00302273 -0.575744 -2.4919 0.00404284 0.999931 0.0109911 -5.22221 0.575738 -0.0113142 0.817556 302.207 
0.786113 0.00451068 -0.618067 -2.82012 0.00322503 0.99993 0.0113994 -5.22658 0.618075 -0.0109545 0.786043 302.561 
0.75138 0.0035297 -0.65986 -3.16397 0.00519887 0.999923 0.0112687 -5.23055 0.659849 -0.0118976 0.751304 302.891 
0.712738 0.00257907 -0.701426 -3.52378 0.00922525 0.999872 0.0130504 -5.23519 0.70137 -0.0157724 0.712623 303.205 
0.669831 0.00175246 -0.742512 -3.90379 0.0151217 0.999758 0.0160011 -5.23452 0.74236 -0.021946 0.669642 303.494 
0.622424 0.00233851 -0.782677 -4.29894 0.0190654 0.999654 0.0181485 -5.23525 0.782448 -0.0262181 0.622164 303.752 
0.571845 0.00617504 -0.820338 -4.71302 0.0180201 0.999636 0.0200862 -5.23542 0.820164 -0.0262688 0.571526 303.975 
0.519196 0.0126268 -0.854562 -5.14226 0.012863 0.999662 0.0225858 -5.23703 0.854558 -0.0227187 0.518858 304.167 
0.464376 0.0168831 -0.885477 -5.57975 0.00989523 0.999657 0.0242496 -5.24149 0.885583 -0.0200229 0.464049 304.332 
0.407682 0.0191635 -0.912923 -6.02163 0.00903195 0.999646 0.0250173 -5.23725 0.913079 -0.0184446 0.407365 304.468 
0.350044 0.0213635 -0.936489 -6.46628 0.0103469 0.999591 0.0266705 -5.23496 0.936676 -0.0190256 0.34968 304.58 
0.291861 0.024568 -0.956145 -6.91924 0.0122817 0.999491 0.0294307 -5.2315 0.956382 -0.0203327 0.291411 304.664 
0.232729 0.0284624 -0.972125 -7.37563 0.0139773 0.999371 0.0326064 -5.22794 0.972441 -0.0211762 0.232185 304.719 
0.170896 0.031979 -0.98477 -7.84443 0.0160446 0.99925 0.0352336 -5.22683 0.985158 -0.0218216 0.170254 304.745 
0.106793 0.0358259 -0.993636 -8.33262 0.0162775 0.999154 0.0377743 -5.21404 0.994148 -0.020208 0.106119 304.747 
0.0419606 0.0412976 -0.998265 -8.8422 0.0179692 0.998953 0.0420813 -5.19773 0.998958 -0.0197038 0.0411746 304.714 
-0.0247672 0.0477936 -0.99855 -9.36268 0.019643 0.998687 0.0473129 -5.17754 0.9995 -0.0184427 -0.0256735 304.652 
-0.0919542 0.0543002 -0.994282 -9.89443 0.021728 0.998384 0.0525147 -5.15301 0.995526 -0.0167748 -0.0929854 304.555 
-0.158441 0.0603718 -0.985521 -10.4332 0.0237236 0.998074 0.0573267 -5.13115 0.987083 -0.0142972 -0.159568 304.411 
-0.224194 0.0663084 -0.972286 -10.9697 0.0274452 0.997716 0.0617143 -5.10896 0.974158 -0.0128486 -0.225502 304.236 
-0.288412 0.0706011 -0.9549 -11.5101 0.0315173 0.997438 0.0642268 -5.08237 0.956988 -0.0115721 -0.289898 304.024 
-0.349962 0.0733081 -0.933891 -12.0378 0.035194 0.997258 0.0650938 -5.05847 0.936103 -0.010087 -0.351582 303.774 
-0.408998 0.0739038 -0.909538 -12.5721 0.0385017 0.997225 0.0637155 -5.02587 0.911723 -0.0089592 -0.410709 303.482 
-0.464716 0.0742676 -0.88234 -13.1073 0.0409451 0.997213 0.0623714 -4.9948 0.884513 -0.00714254 -0.466461 303.149 
-0.516128 0.0744695 -0.853268 -13.6526 0.0429597 0.99721 0.0610464 -4.95622 0.855433 -0.00514839 -0.517887 302.768 
-0.562424 0.0748696 -0.823452 -14.1941 0.0445962 0.997189 0.0602064 -4.9228 0.825645 -0.00286131 -0.564182 302.345 
-0.603212 0.0755636 -0.793993 -14.7496 0.0455882 0.997141 0.0602627 -4.88396 0.796277 0.000154515 -0.604933 301.876 
-0.64043 0.0795588 -0.763884 -15.29 0.0502401 0.99683 0.0616995 -4.85128 0.766371 0.00113658 -0.642397 301.378 
-0.677119 0.0866449 -0.730755 -15.8422 0.0585915 0.996239 0.063832 -4.81172 0.733537 0.000405815 -0.679649 300.837 
-0.712689 0.0923954 -0.695368 -16.3853 0.0650469 0.995721 0.0656368 -4.77096 0.698457 0.00154708 -0.71565 300.25 
-0.745622 0.0941484 -0.659685 -16.9174 0.0681097 0.995552 0.0651 -4.72822 0.662879 0.00360906 -0.748718 299.609 
-0.775969 0.0908165 -0.624199 -17.4316 0.0676773 0.995856 0.0607573 -4.68647 0.62713 0.00490166 -0.778899 298.919 
-0.803348 0.0880319 -0.588967 -17.9292 0.068764 0.996111 0.0550932 -4.64636 0.591526 0.00375929 -0.806277 298.194 
-0.82869 0.0834031 -0.553459 -18.4184 0.0676096 0.996511 0.0489371 -4.6032 0.555609 0.00313454 -0.831438 297.413 
-0.851656 0.0805828 -0.517869 -18.902 0.0676568 0.996745 0.0438339 -4.55989 0.519716 0.00229403 -0.854336 296.579 
-0.872633 0.0790633 -0.481935 -19.362 0.0669258 0.996858 0.0423569 -4.5257 0.483769 0.00470815 -0.875183 295.701 
-0.892238 0.0756338 -0.445186 -19.7909 0.0644255 0.997109 0.0402803 -4.49513 0.446946 0.00725823 -0.894532 294.785 
-0.910017 0.0753861 -0.40766 -20.1961 0.0655269 0.997123 0.0381164 -4.46312 0.40936 0.00797388 -0.912338 293.836 
-0.926209 0.0776578 -0.368926 -20.5743 0.0686965 0.996937 0.0373857 -4.43202 0.3707 0.00928305 -0.928706 292.853 
-0.940401 0.0809431 -0.330295 -20.9239 0.0729655 0.996666 0.0365023 -4.40337 0.332149 0.0102266 -0.943172 291.835 
-0.95278 0.0819454 -0.292396 -21.2356 0.0741611 0.996536 0.0376282 -4.37313 0.294466 0.014167 -0.955557 290.776 
-0.963219 0.0846898 -0.255025 -21.5158 0.0776073 0.99627 0.0377261 -4.34219 0.257269 0.0165467 -0.966198 289.682 
-0.972167 0.0840243 -0.218705 -21.7619 0.0779094 0.996294 0.0364506 -4.3151 0.220957 0.0183968 -0.97511 288.545 
